0000000000000000,0,1
0000000000000000,0,0
0000000000000000,0,0
0000000000000000,0,0
0000000000000000,0,0
0000000000000000,0,0
0000000000000000,0,0
0000000000000000,0,0
0000000000000000,0,0
0000000000000000,0,0
0000000000000000,0,0
0000000000000000,0,0
0000000000000000,0,0
0000000000000000,0,0
0000000000000000,0,0
0000000000000000,0,0
0000000000000000,0,0
0000000000000000,0,0
0000000000000000,0,0
0000000000000000,0,0
0000000000000000,0,0
0000000000000000,0,0
0000000000000000,0,0
0000000000000000,0,0
0000000000000000,0,0
0000000000000000,0,0
0000000000000000,0,0
0000000000000000,0,0
0000000000000000,0,0
0000000000000000,0,0
0000000000000000,0,0
0000000000000000,0,0
0000000000000000,0,0
0000000000000000,0,0
0000000000000000,0,0
0000000000000000,0,0
0000000000000000,0,0
0000000000000000,0,0
0000000000000000,0,0
0000000000000000,0,0
0000000000000000,0,0
0000000000000000,0,0
0000000000000000,0,0
0000000000000000,0,0
0000000000000000,0,0
0000000000000000,0,0
0000000000000000,0,0
0000000000000000,0,0
0000000000000000,0,0
0000000000000000,0,0
0000000000000000,0,0
0000000000000000,0,0
0000000000000000,0,0
0000000000000000,0,0
0000000000000000,0,0
0000000000000000,0,0
0000000000000000,0,0
0000000000000000,0,0
0000000000000000,0,0
0000000000000000,0,0
0000000000000000,0,0
0000000000000000,0,0
0000000000000000,0,0
0000000000000000,0,0
0000000000000000,0,0
0000000000000000,0,0
0000000000000000,0,0
0000000000000000,0,0
0000000000000000,0,0
0000000000000000,0,0
0000000000000000,0,0
0000000000000000,0,0
0000000000000000,0,0
0000000000000000,0,0
0000000000000000,0,0
0000000000000000,0,0
0000000000000000,0,0
0000000000000000,0,0
0000000000000000,0,0
0000000000000000,0,0
0000000000000000,0,0
0000000000000000,0,0
0000000000000000,0,0
0000000000000000,0,0
0000000000000000,0,0
0000000000000000,0,0
0000000000000000,0,0
0000000000000000,0,0
0000000000000000,0,0
0000000000000000,0,0
0000000000000000,0,0
0000000000000000,0,0
0000000000000000,0,0
0000000000000000,0,0
0000000000000000,0,0
0000000000000000,0,0
0000000000000000,0,0
0000000000000000,0,0
0000000000000000,0,0
0000000000000000,0,0
0000000000000000,0,0
0000000000000000,0,0
0000000000000000,0,0
0000000000000000,0,0
0000000000000000,0,0
0000000000000000,0,0
0000000000000000,0,0
0000000000000000,0,0
0000000000000000,0,0
0000000000000000,0,0
0000000000000000,0,0
0000000000000000,0,0
0000000000000000,0,0
0000000000000000,0,0
0000000000000000,0,0
0000000000000000,0,0
0000000000000000,0,0
0000000000000000,0,0
0000000000000000,0,0
0000000000000000,0,0
0000000000000000,0,0
0000000000000000,0,0
0000000000000000,0,0
0000000000000000,0,0
0000000000000000,0,0
0000000000000000,0,0
0000000000000000,0,0
0000000000000000,0,0
0000000000000000,0,0
0000000000000000,0,0
0000000000000000,0,0
0000000000000000,0,0
0000000000000000,0,0
0000000000000000,0,0
0000000000000000,0,0
0000000000000000,0,0
0000000000000000,0,0
0000000000000000,0,0
0000000000000000,0,0
0000000000000000,0,0
0000000000000000,0,0
0000000000000000,0,0
0000000000000000,0,0
0000000000000000,0,0
0000000000000000,0,0
0000000000000000,0,0
0000000000000000,0,0
0000000000000000,0,0
0000000000000000,0,0
0000000000000000,0,0
0000000000000000,0,0
0000000000000000,0,0
0000000000000000,0,0
0000000000000000,0,0
0000000000000000,0,0
0000000000000000,0,0
0000000000000000,0,0
0000000000000000,0,0
0000000000000000,0,0
0000000000000000,0,0
0000000000000000,0,0
0000000000000000,0,0
0000000000000000,0,0
0000000000000000,0,0
0000000000000000,0,0
0000000000000000,0,0
0000000000000000,0,0
0000000000000000,0,0
0000000000000000,0,0
0000000000000000,0,0
0000000000000000,0,0
0000000000000000,0,0
0000000000000000,0,0
0000000000000000,0,0
0000000000000000,0,0
0000000000000000,0,0
0000000000000000,0,0
0000000000000000,0,0
0000000000000000,0,0
0000000000000000,0,0
0000000000000000,0,0
0000000000000000,0,0
0000000000000000,0,0
0000000000000000,0,0
0000000000000000,0,0
0000000000000000,0,0
0000000000000000,0,0
0000000000000000,0,0
0000000000000000,0,0
0000000000000000,0,0
0000000000000000,1,0
0000d3a005944b51,0,1
940500458279a190,0,0
f48611400040de99,0,0
0100420a0200420a,0,0
3e5580058913bfac,0,0
87e1000046525051,0,0
10b0f69237060000,0,0
9d12642ebe07ffe1,0,0
89ab8d23159bcfa3,0,0
e90dab9c30428088,0,0
26bf25d94f2b14b9,0,0
8e457f69943160a6,0,0
5ab0db1a741fcfb2,0,0
a473e02eaf14a8fa,0,0
3b34db0b6748d4f5,0,0
3b25c85c7c0ffec3,0,0
13571b472a369f47,0,0
d31b563961840011,0,0
4d7e4bb29f562872,0,0
1d8bfed22863c04c,0,0
b560b735e83e9e65,0,0
49e7c05d5e2950f5,0,0
7768b617ce90a8eb,0,0
764a90b9f81efc87,0,0
26ae368e546c3e8f,0,0
a637ac72c2080122,0,0
9afc96643fad50e4,0,0
3a16fda551c68099,0,0
6bc16e6bd07d3ccb,0,0
93ce81bbbc52a0ea,0,0
efd06c2f9c2151d7,0,0
ed942073f13df80f,0,0
4c5c6d1ca9d87c1e,0,0
4d6f58e584110244,0,0
35f92dc97e5aa1c8,0,0
752cfa4ba38c0133,0,0
d782ddd6a0fb7896,0,0
279d037779a540d5,0,0
dea1d95e3843a2ae,0,0
da2941e6e27bf01f,0,0
98b8da3852b1f93c,0,0
9bdeb0ca09230488,0,0
6af25b92fdb44291,0,0
eb58f49746190366,0,0
af05bbad41f7f12c,0,0
4f3a07eef24a81aa,0,0
bc43b3bd7086445d,0,0
b45382ccc5f7e03f,0,0
3171b571a462f379,0,0
37bd619513460810,0,0
d4e4b724fb698522,0,0
d6b1e82f8d3206cc,0,0
5f0b765b83eee359,0,0
9e740edce5950255,0,0
7887667be10c89ba,0,0
68a704998befc17f,0,0
62e26ae348c5e6f3,0,0
6e7ac32a278c1020,0,0
a9c96f49f6d30a45,0,0
ac63d15f1a650c98,0,0
be16ecb606ddc7b3,0,0
3de91cb8cb2b05aa,0,0
f00ecdf6c2191275,0,0
d14e093217df83ff,0,0
c4c4d5c6918acde7,0,0
dcf486554e182140,0,0
5393df92eca7158a,0,0
59c7a2bf34ca1830,0,0
7d2dd86d0dba8f67,0,0
7ad2397097570a54,0,0
e11d9aed853324ea,0,0
a39d12642ebe07ff,0,0
8889ab8d23159bcf,0,0
b9e90dab9c304280,0,0
a626bf25d94f2b14,0,0
b28e457f69943160,0,0
fa5ab0db1a741fcf,0,0
f5a473e02eaf14a8,0,0
c33b34db0b6748d4,0,0
473b25c85c7c0ffe,0,0
1113571b472a369f,0,0
72d31b5639618400,0,0
4c4d7e4bb29f5628,0,0
651d8bfed22863c0,0,0
f5b560b735e83e9e,0,0
eb49e7c05d5e2950,0,0
877768b617ce90a8,0,0
8f764a90b9f81efc,0,0
2226ae368e546c3e,0,0
e4a637ac72c20801,0,0
999afc96643fad50,0,0
cb3a16fda551c680,0,0
ea6bc16e6bd07d3c,0,0
d793ce81bbbc52a0,0,0
0fefd06c2f9c2151,0,0
1eed942073f13df8,0,0
444c5c6d1ca9d87c,0,0
c84d6f58e5841102,0,0
3335f92dc97e5aa1,0,0
96752cfa4ba38c01,0,0
d5d782ddd6a0fb78,0,0
ae279d037779a540,0,0
1fdea1d95e3843a2,0,0
3cda2941e6e27bf0,0,0
8898b8da3852b1f9,0,0
919bdeb0ca092304,0,0
666af25b92fdb442,0,0
2ceb58f497461903,0,0
aaaf05bbad41f7f1,0,0
5d4f3a07eef24a81,0,0
3fbc43b3bd708644,0,0
79b45382ccc5f7e0,0,0
103171b571a462f3,0,0
2237bd6195134608,0,0
ccd4e4b724fb6985,0,0
59d6b1e82f8d3206,0,0
555f0b765b83eee3,0,0
ba9e740edce59502,0,0
7f7887667be10c89,0,0
f368a704998befc1,0,0
2062e26ae348c5e6,0,0
456e7ac32a278c10,0,0
98a9c96f49f6d30a,0,0
b3ac63d15f1a650c,0,0
aabe16ecb606ddc7,0,0
753de91cb8cb2b05,0,0
fff00ecdf6c21912,0,0
e7d14e093217df83,0,0
40c4c4d5c6918acd,0,0
8adcf486554e1821,0,0
305393df92eca715,0,0
6759c7a2bf34ca18,0,0
547d2dd86d0dba8f,0,0
ea7ad2397097570a,0,0
ffe11d9aed853324,0,0
cfa39d12642ebe07,0,0
808889ab8d23159b,0,0
14b9e90dab9c3042,0,0
60a626bf25d94f2b,0,0
cfb28e457f699431,0,0
a8fa5ab0db1a741f,0,0
d4f5a473e02eaf14,0,0
fec33b34db0b6748,0,0
9f473b25c85c7c0f,0,0
001113571b472a36,0,0
2872d31b56396184,0,0
c04c4d7e4bb29f56,0,0
9e651d8bfed22863,0,0
50f5b560b735e83e,0,0
a8eb49e7c05d5e29,0,0
fc877768b617ce90,0,0
3e8f764a90b9f81e,0,0
012226ae368e546c,0,0
50e4a637ac72c208,0,0
80999afc96643fad,0,0
3ccb3a16fda551c6,0,0
a0ea6bc16e6bd07d,0,0
51d793ce81bbbc52,0,0
f80fefd06c2f9c21,0,0
7c1eed942073f13d,0,0
02444c5c6d1ca9d8,0,0
a1c84d6f58e58411,0,0
013335f92dc97e5a,0,0
7896752cfa4ba38c,0,0
40d5d782ddd6a0fb,0,0
a2ae279d037779a5,0,0
f01fdea1d95e3843,0,0
f93cda2941e6e27b,0,0
048898b8da3852b1,0,0
42919bdeb0ca0923,0,0
03666af25b92fdb4,0,0
f12ceb58f4974619,0,0
81aaaf05bbad41f7,0,0
445d4f3a07eef24a,0,0
e03fbc43b3bd7086,0,0
f379b45382ccc5f7,0,0
08103171b571a462,0,0
852237bd61951346,0,0
06ccd4e4b724fb69,0,0
e359d6b1e82f8d32,0,0
79a540d5d782ddd6,0,0
3843a2ae279d0377,0,0
e27bf01fdea1d95e,0,0
52b1f93cda2941e6,0,0
0923048898b8da38,0,0
fdb442919bdeb0ca,0,0
461903666af25b92,0,0
41f7f12ceb58f497,0,0
f24a81aaaf05bbad,0,0
7086445d4f3a07ee,0,0
c5f7e03fbc43b3bd,1,0
0000d3a105944b51,0,1
940500455ae32435,0,0
f38611400040df99,0,0
0100420a0200420a,0,0
0d5080058913bfac,0,0
88e1000046525051,0,0
ab14029337060000,0,0
a1c84d6f58e58411,0,0
013335f92dc97e5a,0,0
7896752cfa4ba38c,0,0
40d5d782ddd6a0fb,0,0
a2ae279d037779a5,0,0
f01fdea1d95e3843,0,0
f93cda2941e6e27b,0,0
048898b8da3852b1,0,0
42919bdeb0ca0923,0,0
03666af25b92fdb4,0,0
f12ceb58f4974619,0,0
81aaaf05bbad41f7,0,0
445d4f3a07eef24a,0,0
e03fbc43b3bd7086,0,0
f379b45382ccc5f7,0,0
08103171b571a462,0,0
852237bd61951346,0,0
06ccd4e4b724fb69,0,0
e359d6b1e82f8d32,0,0
02555f0b765b83ee,0,0
89ba9e740edce595,0,0
c17f7887667be10c,0,0
e6f368a704998bef,0,0
102062e26ae348c5,0,0
0a456e7ac32a278c,0,0
0c98a9c96f49f6d3,0,0
c7b3ac63d15f1a65,0,0
05aabe16ecb606dd,0,0
12753de91cb8cb2b,0,0
83fff00ecdf6c219,0,0
cde7d14e093217df,0,0
2140c4c4d5c6918a,0,0
158adcf486554e18,0,0
18305393df92eca7,0,0
8f6759c7a2bf34ca,0,0
0a547d2dd86d0dba,0,0
24ea7ad239709757,0,0
07ffe11d9aed8533,0,0
9bcfa39d12642ebe,0,0
42808889ab8d2315,0,0
2b14b9e90dab9c30,0,0
3160a626bf25d94f,0,0
1fcfb28e457f6994,0,0
14a8fa5ab0db1a74,0,0
48d4f5a473e02eaf,0,0
0ffec33b34db0b67,0,0
369f473b25c85c7c,0,0
84001113571b472a,0,0
562872d31b563961,0,0
63c04c4d7e4bb29f,0,0
3e9e651d8bfed228,0,0
2950f5b560b735e8,0,0
90a8eb49e7c05d5e,0,0
1efc877768b617ce,0,0
6c3e8f764a90b9f8,0,0
08012226ae368e54,0,0
ad50e4a637ac72c2,0,0
c680999afc96643f,0,0
7d3ccb3a16fda551,0,0
52a0ea6bc16e6bd0,0,0
2151d793ce81bbbc,0,0
3df80fefd06c2f9c,0,0
d87c1eed942073f1,0,0
1102444c5c6d1ca9,0,0
5aa1c84d6f58e584,0,0
8c013335f92dc97e,0,0
fb7896752cfa4ba3,0,0
a540d5d782ddd6a0,0,0
43a2ae279d037779,0,0
7bf01fdea1d95e38,0,0
b1f93cda2941e6e2,0,0
23048898b8da3852,0,0
b442919bdeb0ca09,0,0
1903666af25b92fd,0,0
f7f12ceb58f49746,0,0
4a81aaaf05bbad41,0,0
86445d4f3a07eef2,0,0
f7e03fbc43b3bd70,0,0
62f379b45382ccc5,0,0
4608103171b571a4,0,0
69852237bd619513,0,0
3206ccd4e4b724fb,0,0
eee359d6b1e82f8d,0,0
9502555f0b765b83,0,0
0c89ba9e740edce5,0,0
efc17f7887667be1,0,0
c5e6f368a704998b,0,0
8c102062e26ae348,0,0
d30a456e7ac32a27,0,0
650c98a9c96f49f6,0,0
ddc7b3ac63d15f1a,0,0
2b05aabe16ecb606,0,0
1912753de91cb8cb,0,0
df83fff00ecdf6c2,0,0
8acde7d14e093217,0,0
182140c4c4d5c691,0,0
a7158adcf486554e,0,0
ca18305393df92ec,0,0
ba8f6759c7a2bf34,0,0
570a547d2dd86d0d,0,0
3324ea7ad2397097,0,0
be07ffe11d9aed85,0,0
159bcfa39d12642e,0,0
3042808889ab8d23,0,0
4f2b14b9e90dab9c,0,0
943160a626bf25d9,0,0
741fcfb28e457f69,0,0
af14a8fa5ab0db1a,0,0
6748d4f5a473e02e,0,0
7c0ffec33b34db0b,0,0
2a369f473b25c85c,0,0
6184001113571b47,0,0
9f562872d31b5639,0,0
2863c04c4d7e4bb2,0,0
e83e9e651d8bfed2,0,0
5e2950f5b560b735,0,0
ce90a8eb49e7c05d,0,0
f81efc877768b617,0,0
546c3e8f764a90b9,0,0
c208012226ae368e,0,0
3fad50e4a637ac72,0,0
51c680999afc9664,0,0
d07d3ccb3a16fda5,0,0
bc52a0ea6bc16e6b,0,0
9c2151d793ce81bb,0,0
f13df80fefd06c2f,0,0
a9d87c1eed942073,0,0
841102444c5c6d1c,0,0
7e5aa1c84d6f58e5,0,0
a38c013335f92dc9,0,0
a0fb7896752cfa4b,0,0
79a540d5d782ddd6,0,0
3843a2ae279d0377,0,0
e27bf01fdea1d95e,0,0
52b1f93cda2941e6,0,0
0923048898b8da38,0,0
fdb442919bdeb0ca,0,0
461903666af25b92,0,0
41f7f12ceb58f497,0,0
f24a81aaaf05bbad,0,0
7086445d4f3a07ee,0,0
c5f7e03fbc43b3bd,0,0
a462f379b45382cc,0,0
134608103171b571,0,0
fb69852237bd6195,0,0
8d3206ccd4e4b724,0,0
83eee359d6b1e82f,0,0
e59502555f0b765b,0,0
e10c89ba9e740edc,0,0
8befc17f7887667b,0,0
48c5e6f368a70499,0,0
278c102062e26ae3,0,0
f6d30a456e7ac32a,0,0
1a650c98a9c96f49,0,0
06ddc7b3ac63d15f,0,0
cb2b05aabe16ecb6,0,0
c21912753de91cb8,0,0
17df83fff00ecdf6,0,0
918acde7d14e0932,0,0
4e182140c4c4d5c6,0,0
eca7158adcf48655,0,0
34ca18305393df92,0,0
0dba8f6759c7a2bf,0,0
97570a547d2dd86d,0,0
853324ea7ad23970,0,0
2ebe07ffe11d9aed,0,0
23159bcfa39d1264,0,0
9c3042808889ab8d,0,0
d94f2b14b9e90dab,0,0
69943160a626bf25,0,0
1a741fcfb28e457f,0,0
2eaf14a8fa5ab0db,0,0
0b6748d4f5a473e0,0,0
2941e6e27bf01fde,0,0
b8da3852b1f93cda,0,0
deb0ca0923048898,0,0
f25b92fdb442919b,0,0
58f497461903666a,0,0
05bbad41f7f12ceb,0,0
3a07eef24a81aaaf,0,0
43b3bd7086445d4f,0,0
5382ccc5f7e03fbc,0,0
71b571a462f379b4,0,0
bd61951346081031,1,0
0000d3a205944b51,0,1
94050045a4244390,0,0
f28611400040e099,0,0
0100420a0200420a,0,0
ad3180058913bfac,0,0
89e1000046525051,0,0
74780d9337060000,0,0
182140c4c4d5c691,0,0
a7158adcf486554e,0,0
ca18305393df92ec,0,0
ba8f6759c7a2bf34,0,0
570a547d2dd86d0d,0,0
3324ea7ad2397097,0,0
be07ffe11d9aed85,0,0
159bcfa39d12642e,0,0
3042808889ab8d23,0,0
4f2b14b9e90dab9c,0,0
943160a626bf25d9,0,0
741fcfb28e457f69,0,0
af14a8fa5ab0db1a,0,0
6748d4f5a473e02e,0,0
7c0ffec33b34db0b,0,0
2a369f473b25c85c,0,0
6184001113571b47,0,0
9f562872d31b5639,0,0
2863c04c4d7e4bb2,0,0
e83e9e651d8bfed2,0,0
5e2950f5b560b735,0,0
ce90a8eb49e7c05d,0,0
f81efc877768b617,0,0
546c3e8f764a90b9,0,0
c208012226ae368e,0,0
3fad50e4a637ac72,0,0
51c680999afc9664,0,0
d07d3ccb3a16fda5,0,0
bc52a0ea6bc16e6b,0,0
9c2151d793ce81bb,0,0
f13df80fefd06c2f,0,0
a9d87c1eed942073,0,0
841102444c5c6d1c,0,0
7e5aa1c84d6f58e5,0,0
a38c013335f92dc9,0,0
a0fb7896752cfa4b,0,0
79a540d5d782ddd6,0,0
3843a2ae279d0377,0,0
e27bf01fdea1d95e,0,0
52b1f93cda2941e6,0,0
0923048898b8da38,0,0
fdb442919bdeb0ca,0,0
461903666af25b92,0,0
41f7f12ceb58f497,0,0
f24a81aaaf05bbad,0,0
7086445d4f3a07ee,0,0
c5f7e03fbc43b3bd,0,0
a462f379b45382cc,0,0
134608103171b571,0,0
fb69852237bd6195,0,0
8d3206ccd4e4b724,0,0
83eee359d6b1e82f,0,0
e59502555f0b765b,0,0
e10c89ba9e740edc,0,0
8befc17f7887667b,0,0
48c5e6f368a70499,0,0
278c102062e26ae3,0,0
f6d30a456e7ac32a,0,0
1a650c98a9c96f49,0,0
06ddc7b3ac63d15f,0,0
cb2b05aabe16ecb6,0,0
c21912753de91cb8,0,0
17df83fff00ecdf6,0,0
918acde7d14e0932,0,0
4e182140c4c4d5c6,0,0
eca7158adcf48655,0,0
34ca18305393df92,0,0
0dba8f6759c7a2bf,0,0
97570a547d2dd86d,0,0
853324ea7ad23970,0,0
2ebe07ffe11d9aed,0,0
23159bcfa39d1264,0,0
9c3042808889ab8d,0,0
d94f2b14b9e90dab,0,0
69943160a626bf25,0,0
1a741fcfb28e457f,0,0
2eaf14a8fa5ab0db,0,0
0b6748d4f5a473e0,0,0
5c7c0ffec33b34db,0,0
472a369f473b25c8,0,0
396184001113571b,0,0
b29f562872d31b56,0,0
d22863c04c4d7e4b,0,0
35e83e9e651d8bfe,0,0
5d5e2950f5b560b7,0,0
17ce90a8eb49e7c0,0,0
b9f81efc877768b6,0,0
8e546c3e8f764a90,0,0
72c208012226ae36,0,0
643fad50e4a637ac,0,0
a551c680999afc96,0,0
6bd07d3ccb3a16fd,0,0
bbbc52a0ea6bc16e,0,0
2f9c2151d793ce81,0,0
73f13df80fefd06c,0,0
1ca9d87c1eed9420,0,0
e5841102444c5c6d,0,0
c97e5aa1c84d6f58,0,0
4ba38c013335f92d,0,0
d6a0fb7896752cfa,0,0
7779a540d5d782dd,0,0
5e3843a2ae279d03,0,0
e6e27bf01fdea1d9,0,0
3852b1f93cda2941,0,0
ca0923048898b8da,0,0
92fdb442919bdeb0,0,0
97461903666af25b,0,0
ad41f7f12ceb58f4,0,0
eef24a81aaaf05bb,0,0
bd7086445d4f3a07,0,0
ccc5f7e03fbc43b3,0,0
71a462f379b45382,0,0
95134608103171b5,0,0
24fb69852237bd61,0,0
2f8d3206ccd4e4b7,0,0
5b83eee359d6b1e8,0,0
dce59502555f0b76,0,0
7be10c89ba9e740e,0,0
998befc17f788766,0,0
e348c5e6f368a704,0,0
2a278c102062e26a,0,0
49f6d30a456e7ac3,0,0
5f1a650c98a9c96f,0,0
b606ddc7b3ac63d1,0,0
b8cb2b05aabe16ec,0,0
f6c21912753de91c,0,0
3217df83fff00ecd,0,0
c6918acde7d14e09,0,0
554e182140c4c4d5,0,0
92eca7158adcf486,0,0
bf34ca18305393df,0,0
6d0dba8f6759c7a2,0,0
7097570a547d2dd8,0,0
ed853324ea7ad239,0,0
642ebe07ffe11d9a,0,0
8d23159bcfa39d12,0,0
ab9c3042808889ab,0,0
25d94f2b14b9e90d,0,0
7f69943160a626bf,0,0
db1a741fcfb28e45,0,0
e02eaf14a8fa5ab0,0,0
db0b6748d4f5a473,0,0
c85c7c0ffec33b34,0,0
1b472a369f473b25,0,0
5639618400111357,0,0
4bb29f562872d31b,0,0
fed22863c04c4d7e,0,0
b735e83e9e651d8b,0,0
c05d5e2950f5b560,0,0
b617ce90a8eb49e7,0,0
90b9f81efc877768,0,0
368e546c3e8f764a,0,0
ac72c208012226ae,0,0
96643fad50e4a637,0,0
fda551c680999afc,0,0
6e6bd07d3ccb3a16,0,0
81bbbc52a0ea6bc1,0,0
6c2f9c2151d793ce,0,0
2073f13df80fefd0,0,0
6d1ca9d87c1eed94,0,0
58e5841102444c5c,0,0
2dc97e5aa1c84d6f,0,0
fa4ba38c013335f9,0,0
ddd6a0fb7896752c,0,0
037779a540d5d782,0,0
d95e3843a2ae279d,0,0
41e6e27bf01fdea1,0,0
da3852b1f93cda29,0,0
b0ca0923048898b8,0,0
5b92fdb442919bde,0,0
f497461903666af2,0,0
bbad41f7f12ceb58,0,0
07eef24a81aaaf05,0,0
d86d0dba8f6759c7,0,0
397097570a547d2d,0,0
9aed853324ea7ad2,0,0
12642ebe07ffe11d,0,0
ab8d23159bcfa39d,0,0
0dab9c3042808889,0,0
bf25d94f2b14b9e9,0,0
457f69943160a626,0,0
b0db1a741fcfb28e,0,0
73e02eaf14a8fa5a,0,0
34db0b6748d4f5a4,1,0
0000d3a305944b51,0,1
940500455b46ca37,0,0
f18611400040e199,0,0
0100420a0200420a,0,0
55ce80058913bfac,0,0
8ae1000046525051,0,0
d2dc189337060000,0,0
7d3ccb3a16fda551,0,0
52a0ea6bc16e6bd0,0,0
2151d793ce81bbbc,0,0
3df80fefd06c2f9c,0,0
d87c1eed942073f1,0,0
1102444c5c6d1ca9,0,0
5aa1c84d6f58e584,0,0
8c013335f92dc97e,0,0
fb7896752cfa4ba3,0,0
a540d5d782ddd6a0,0,0
43a2ae279d037779,0,0
7bf01fdea1d95e38,0,0
b1f93cda2941e6e2,0,0
23048898b8da3852,0,0
b442919bdeb0ca09,0,0
1903666af25b92fd,0,0
f7f12ceb58f49746,0,0
4a81aaaf05bbad41,0,0
86445d4f3a07eef2,0,0
f7e03fbc43b3bd70,0,0
62f379b45382ccc5,0,0
4608103171b571a4,0,0
69852237bd619513,0,0
3206ccd4e4b724fb,0,0
eee359d6b1e82f8d,0,0
9502555f0b765b83,0,0
0c89ba9e740edce5,0,0
efc17f7887667be1,0,0
c5e6f368a704998b,0,0
8c102062e26ae348,0,0
d30a456e7ac32a27,0,0
650c98a9c96f49f6,0,0
ddc7b3ac63d15f1a,0,0
2b05aabe16ecb606,0,0
1912753de91cb8cb,0,0
df83fff00ecdf6c2,0,0
8acde7d14e093217,0,0
182140c4c4d5c691,0,0
a7158adcf486554e,0,0
ca18305393df92ec,0,0
ba8f6759c7a2bf34,0,0
570a547d2dd86d0d,0,0
3324ea7ad2397097,0,0
be07ffe11d9aed85,0,0
159bcfa39d12642e,0,0
3042808889ab8d23,0,0
4f2b14b9e90dab9c,0,0
943160a626bf25d9,0,0
741fcfb28e457f69,0,0
af14a8fa5ab0db1a,0,0
6748d4f5a473e02e,0,0
7c0ffec33b34db0b,0,0
2a369f473b25c85c,0,0
6184001113571b47,0,0
9f562872d31b5639,0,0
2863c04c4d7e4bb2,0,0
e83e9e651d8bfed2,0,0
5e2950f5b560b735,0,0
ce90a8eb49e7c05d,0,0
f81efc877768b617,0,0
546c3e8f764a90b9,0,0
c208012226ae368e,0,0
3fad50e4a637ac72,0,0
51c680999afc9664,0,0
d07d3ccb3a16fda5,0,0
bc52a0ea6bc16e6b,0,0
9c2151d793ce81bb,0,0
f13df80fefd06c2f,0,0
a9d87c1eed942073,0,0
841102444c5c6d1c,0,0
7e5aa1c84d6f58e5,0,0
a38c013335f92dc9,0,0
a0fb7896752cfa4b,0,0
79a540d5d782ddd6,0,0
3843a2ae279d0377,0,0
e27bf01fdea1d95e,0,0
52b1f93cda2941e6,0,0
0923048898b8da38,0,0
fdb442919bdeb0ca,0,0
461903666af25b92,0,0
41f7f12ceb58f497,0,0
f24a81aaaf05bbad,0,0
7086445d4f3a07ee,0,0
c5f7e03fbc43b3bd,0,0
a462f379b45382cc,0,0
134608103171b571,0,0
fb69852237bd6195,0,0
8d3206ccd4e4b724,0,0
83eee359d6b1e82f,0,0
e59502555f0b765b,0,0
e10c89ba9e740edc,0,0
8befc17f7887667b,0,0
48c5e6f368a70499,0,0
278c102062e26ae3,0,0
f6d30a456e7ac32a,0,0
1a650c98a9c96f49,0,0
06ddc7b3ac63d15f,0,0
cb2b05aabe16ecb6,0,0
c21912753de91cb8,0,0
17df83fff00ecdf6,0,0
918acde7d14e0932,0,0
4e182140c4c4d5c6,0,0
eca7158adcf48655,0,0
34ca18305393df92,0,0
0dba8f6759c7a2bf,0,0
97570a547d2dd86d,0,0
853324ea7ad23970,0,0
2ebe07ffe11d9aed,0,0
23159bcfa39d1264,0,0
9c3042808889ab8d,0,0
d94f2b14b9e90dab,0,0
69943160a626bf25,0,0
1a741fcfb28e457f,0,0
2eaf14a8fa5ab0db,0,0
0b6748d4f5a473e0,0,0
5c7c0ffec33b34db,0,0
472a369f473b25c8,0,0
396184001113571b,0,0
b29f562872d31b56,0,0
d22863c04c4d7e4b,0,0
35e83e9e651d8bfe,0,0
5d5e2950f5b560b7,0,0
17ce90a8eb49e7c0,0,0
b9f81efc877768b6,0,0
8e546c3e8f764a90,0,0
72c208012226ae36,0,0
643fad50e4a637ac,0,0
a551c680999afc96,0,0
6bd07d3ccb3a16fd,0,0
bbbc52a0ea6bc16e,0,0
2f9c2151d793ce81,0,0
73f13df80fefd06c,0,0
1ca9d87c1eed9420,0,0
e5841102444c5c6d,0,0
c97e5aa1c84d6f58,0,0
4ba38c013335f92d,0,0
d6a0fb7896752cfa,0,0
7779a540d5d782dd,0,0
5e3843a2ae279d03,0,0
e6e27bf01fdea1d9,0,0
3852b1f93cda2941,0,0
ca0923048898b8da,0,0
92fdb442919bdeb0,0,0
97461903666af25b,0,0
ad41f7f12ceb58f4,0,0
eef24a81aaaf05bb,0,0
bd7086445d4f3a07,0,0
ccc5f7e03fbc43b3,0,0
71a462f379b45382,0,0
95134608103171b5,0,0
24fb69852237bd61,0,0
2f8d3206ccd4e4b7,0,0
5b83eee359d6b1e8,0,0
dce59502555f0b76,0,0
7be10c89ba9e740e,0,0
998befc17f788766,0,0
e348c5e6f368a704,0,0
2a278c102062e26a,0,0
49f6d30a456e7ac3,0,0
5f1a650c98a9c96f,0,0
b606ddc7b3ac63d1,0,0
b8cb2b05aabe16ec,0,0
f6c21912753de91c,0,0
3217df83fff00ecd,0,0
c6918acde7d14e09,0,0
554e182140c4c4d5,0,0
92eca7158adcf486,0,0
bf34ca18305393df,0,0
6d0dba8f6759c7a2,0,0
7097570a547d2dd8,0,0
ed853324ea7ad239,0,0
642ebe07ffe11d9a,0,0
8d23159bcfa39d12,0,0
8889ab8d23159bcf,0,0
b9e90dab9c304280,0,0
a626bf25d94f2b14,0,0
b28e457f69943160,0,0
fa5ab0db1a741fcf,0,0
f5a473e02eaf14a8,0,0
c33b34db0b6748d4,0,0
473b25c85c7c0ffe,0,0
1113571b472a369f,0,0
72d31b5639618400,0,0
4c4d7e4bb29f5628,1,0
0000d3a405944b51,0,1
94050045259d350a,0,0
f08611400040e299,0,0
0100420a0200420a,0,0
ab0180058913bfac,0,0
8be1000046525051,0,0
e541249337060000,0,0
c4d5c6918acde7d1,0,0
f486554e182140c4,0,0
93df92eca7158adc,0,0
c7a2bf34ca183053,0,0
2dd86d0dba8f6759,0,0
d2397097570a547d,0,0
1d9aed853324ea7a,0,0
9d12642ebe07ffe1,0,0
89ab8d23159bcfa3,0,0
e90dab9c30428088,0,0
26bf25d94f2b14b9,0,0
8e457f69943160a6,0,0
5ab0db1a741fcfb2,0,0
a473e02eaf14a8fa,0,0
3b34db0b6748d4f5,0,0
3b25c85c7c0ffec3,0,0
13571b472a369f47,0,0
d31b563961840011,0,0
4d7e4bb29f562872,0,0
1d8bfed22863c04c,0,0
b560b735e83e9e65,0,0
49e7c05d5e2950f5,0,0
7768b617ce90a8eb,0,0
764a90b9f81efc87,0,0
26ae368e546c3e8f,0,0
a637ac72c2080122,0,0
9afc96643fad50e4,0,0
3a16fda551c68099,0,0
6bc16e6bd07d3ccb,0,0
93ce81bbbc52a0ea,0,0
efd06c2f9c2151d7,0,0
ed942073f13df80f,0,0
4c5c6d1ca9d87c1e,0,0
4d6f58e584110244,0,0
35f92dc97e5aa1c8,0,0
752cfa4ba38c0133,0,0
d782ddd6a0fb7896,0,0
279d037779a540d5,0,0
dea1d95e3843a2ae,0,0
da2941e6e27bf01f,0,0
98b8da3852b1f93c,0,0
9bdeb0ca09230488,0,0
6af25b92fdb44291,0,0
eb58f49746190366,0,0
af05bbad41f7f12c,0,0
4f3a07eef24a81aa,0,0
bc43b3bd7086445d,0,0
b45382ccc5f7e03f,0,0
3171b571a462f379,0,0
37bd619513460810,0,0
d4e4b724fb698522,0,0
d6b1e82f8d3206cc,0,0
5f0b765b83eee359,0,0
9e740edce5950255,0,0
7887667be10c89ba,0,0
68a704998befc17f,0,0
62e26ae348c5e6f3,0,0
6e7ac32a278c1020,0,0
a9c96f49f6d30a45,0,0
ac63d15f1a650c98,0,0
be16ecb606ddc7b3,0,0
3de91cb8cb2b05aa,0,0
f00ecdf6c2191275,0,0
d14e093217df83ff,0,0
c4c4d5c6918acde7,0,0
dcf486554e182140,0,0
5393df92eca7158a,0,0
59c7a2bf34ca1830,0,0
7d2dd86d0dba8f67,0,0
7ad2397097570a54,0,0
e11d9aed853324ea,0,0
a39d12642ebe07ff,0,0
8889ab8d23159bcf,0,0
b9e90dab9c304280,0,0
a626bf25d94f2b14,0,0
b28e457f69943160,0,0
fa5ab0db1a741fcf,0,0
f5a473e02eaf14a8,0,0
c33b34db0b6748d4,0,0
473b25c85c7c0ffe,0,0
1113571b472a369f,0,0
72d31b5639618400,0,0
4c4d7e4bb29f5628,0,0
651d8bfed22863c0,0,0
f5b560b735e83e9e,0,0
eb49e7c05d5e2950,0,0
877768b617ce90a8,0,0
8f764a90b9f81efc,0,0
2226ae368e546c3e,0,0
e4a637ac72c20801,0,0
999afc96643fad50,0,0
cb3a16fda551c680,0,0
ea6bc16e6bd07d3c,0,0
d793ce81bbbc52a0,0,0
0fefd06c2f9c2151,0,0
1eed942073f13df8,0,0
444c5c6d1ca9d87c,0,0
c84d6f58e5841102,0,0
3335f92dc97e5aa1,0,0
96752cfa4ba38c01,0,0
d5d782ddd6a0fb78,0,0
ae279d037779a540,0,0
1fdea1d95e3843a2,0,0
3cda2941e6e27bf0,0,0
8898b8da3852b1f9,0,0
919bdeb0ca092304,0,0
666af25b92fdb442,0,0
2ceb58f497461903,0,0
aaaf05bbad41f7f1,0,0
5d4f3a07eef24a81,0,0
3fbc43b3bd708644,0,0
79b45382ccc5f7e0,0,0
103171b571a462f3,0,0
2237bd6195134608,0,0
ccd4e4b724fb6985,0,0
59d6b1e82f8d3206,0,0
555f0b765b83eee3,0,0
ba9e740edce59502,0,0
7f7887667be10c89,0,0
f368a704998befc1,0,0
2062e26ae348c5e6,0,0
456e7ac32a278c10,0,0
98a9c96f49f6d30a,0,0
b3ac63d15f1a650c,0,0
aabe16ecb606ddc7,0,0
753de91cb8cb2b05,0,0
fff00ecdf6c21912,0,0
e7d14e093217df83,0,0
40c4c4d5c6918acd,0,0
8adcf486554e1821,0,0
305393df92eca715,0,0
6759c7a2bf34ca18,0,0
547d2dd86d0dba8f,0,0
ea7ad2397097570a,0,0
ffe11d9aed853324,0,0
cfa39d12642ebe07,0,0
808889ab8d23159b,0,0
14b9e90dab9c3042,0,0
60a626bf25d94f2b,0,0
cfb28e457f699431,0,0
a8fa5ab0db1a741f,0,0
d4f5a473e02eaf14,0,0
fec33b34db0b6748,0,0
9f473b25c85c7c0f,0,0
001113571b472a36,0,0
2872d31b56396184,0,0
c04c4d7e4bb29f56,0,0
9e651d8bfed22863,0,0
50f5b560b735e83e,0,0
a8eb49e7c05d5e29,0,0
fc877768b617ce90,0,0
3e8f764a90b9f81e,0,0
012226ae368e546c,0,0
50e4a637ac72c208,0,0
80999afc96643fad,0,0
3ccb3a16fda551c6,0,0
a0ea6bc16e6bd07d,0,0
51d793ce81bbbc52,0,0
f80fefd06c2f9c21,0,0
7c1eed942073f13d,0,0
02444c5c6d1ca9d8,0,0
a1c84d6f58e58411,0,0
013335f92dc97e5a,0,0
7896752cfa4ba38c,0,0
40d5d782ddd6a0fb,0,0
a2ae279d037779a5,0,0
f01fdea1d95e3843,0,0
f93cda2941e6e27b,0,0
048898b8da3852b1,0,0
42919bdeb0ca0923,0,0
03666af25b92fdb4,0,0
f12ceb58f4974619,0,0
81aaaf05bbad41f7,0,0
3b34db0b6748d4f5,0,0
3b25c85c7c0ffec3,0,0
13571b472a369f47,0,0
d31b563961840011,0,0
4d7e4bb29f562872,0,0
1d8bfed22863c04c,0,0
b560b735e83e9e65,0,0
49e7c05d5e2950f5,0,0
7768b617ce90a8eb,0,0
764a90b9f81efc87,0,0
26ae368e546c3e8f,1,0
0000d3a505944b51,0,1
94050045ead17304,0,0
ef8611400040e399,0,0
0100420a0200420a,0,0
436b80058913bfac,0,0
8ce1000046525051,0,0
bca62f9337060000,0,0
cfb28e457f699431,0,0
a8fa5ab0db1a741f,0,0
d4f5a473e02eaf14,0,0
fec33b34db0b6748,0,0
9f473b25c85c7c0f,0,0
001113571b472a36,0,0
2872d31b56396184,0,0
c04c4d7e4bb29f56,0,0
9e651d8bfed22863,0,0
50f5b560b735e83e,0,0
a8eb49e7c05d5e29,0,0
fc877768b617ce90,0,0
3e8f764a90b9f81e,0,0
012226ae368e546c,0,0
50e4a637ac72c208,0,0
80999afc96643fad,0,0
3ccb3a16fda551c6,0,0
a0ea6bc16e6bd07d,0,0
51d793ce81bbbc52,0,0
f80fefd06c2f9c21,0,0
7c1eed942073f13d,0,0
02444c5c6d1ca9d8,0,0
a1c84d6f58e58411,0,0
013335f92dc97e5a,0,0
7896752cfa4ba38c,0,0
40d5d782ddd6a0fb,0,0
a2ae279d037779a5,0,0
f01fdea1d95e3843,0,0
f93cda2941e6e27b,0,0
048898b8da3852b1,0,0
42919bdeb0ca0923,0,0
03666af25b92fdb4,0,0
f12ceb58f4974619,0,0
81aaaf05bbad41f7,0,0
445d4f3a07eef24a,0,0
e03fbc43b3bd7086,0,0
f379b45382ccc5f7,0,0
08103171b571a462,0,0
852237bd61951346,0,0
06ccd4e4b724fb69,0,0
e359d6b1e82f8d32,0,0
02555f0b765b83ee,0,0
89ba9e740edce595,0,0
c17f7887667be10c,0,0
e6f368a704998bef,0,0
102062e26ae348c5,0,0
0a456e7ac32a278c,0,0
0c98a9c96f49f6d3,0,0
c7b3ac63d15f1a65,0,0
05aabe16ecb606dd,0,0
12753de91cb8cb2b,0,0
83fff00ecdf6c219,0,0
cde7d14e093217df,0,0
2140c4c4d5c6918a,0,0
158adcf486554e18,0,0
18305393df92eca7,0,0
8f6759c7a2bf34ca,0,0
0a547d2dd86d0dba,0,0
24ea7ad239709757,0,0
07ffe11d9aed8533,0,0
9bcfa39d12642ebe,0,0
42808889ab8d2315,0,0
2b14b9e90dab9c30,0,0
3160a626bf25d94f,0,0
1fcfb28e457f6994,0,0
14a8fa5ab0db1a74,0,0
48d4f5a473e02eaf,0,0
0ffec33b34db0b67,0,0
369f473b25c85c7c,0,0
84001113571b472a,0,0
562872d31b563961,0,0
63c04c4d7e4bb29f,0,0
3e9e651d8bfed228,0,0
2950f5b560b735e8,0,0
90a8eb49e7c05d5e,0,0
1efc877768b617ce,0,0
6c3e8f764a90b9f8,0,0
08012226ae368e54,0,0
ad50e4a637ac72c2,0,0
c680999afc96643f,0,0
7d3ccb3a16fda551,0,0
52a0ea6bc16e6bd0,0,0
2151d793ce81bbbc,0,0
3df80fefd06c2f9c,0,0
d87c1eed942073f1,0,0
1102444c5c6d1ca9,0,0
5aa1c84d6f58e584,0,0
8c013335f92dc97e,0,0
fb7896752cfa4ba3,0,0
a540d5d782ddd6a0,0,0
43a2ae279d037779,0,0
7bf01fdea1d95e38,0,0
b1f93cda2941e6e2,0,0
23048898b8da3852,0,0
b442919bdeb0ca09,0,0
1903666af25b92fd,0,0
f7f12ceb58f49746,0,0
4a81aaaf05bbad41,0,0
86445d4f3a07eef2,0,0
f7e03fbc43b3bd70,0,0
62f379b45382ccc5,0,0
4608103171b571a4,0,0
69852237bd619513,0,0
3206ccd4e4b724fb,0,0
eee359d6b1e82f8d,0,0
9502555f0b765b83,0,0
0c89ba9e740edce5,0,0
efc17f7887667be1,0,0
c5e6f368a704998b,0,0
8c102062e26ae348,0,0
d30a456e7ac32a27,0,0
650c98a9c96f49f6,0,0
ddc7b3ac63d15f1a,0,0
2b05aabe16ecb606,0,0
1912753de91cb8cb,0,0
df83fff00ecdf6c2,0,0
8acde7d14e093217,0,0
182140c4c4d5c691,0,0
a7158adcf486554e,0,0
ca18305393df92ec,0,0
ba8f6759c7a2bf34,0,0
570a547d2dd86d0d,0,0
3324ea7ad2397097,0,0
be07ffe11d9aed85,0,0
159bcfa39d12642e,0,0
3042808889ab8d23,0,0
4f2b14b9e90dab9c,0,0
943160a626bf25d9,0,0
741fcfb28e457f69,0,0
af14a8fa5ab0db1a,0,0
6748d4f5a473e02e,0,0
7c0ffec33b34db0b,0,0
2a369f473b25c85c,0,0
6184001113571b47,0,0
9f562872d31b5639,0,0
2863c04c4d7e4bb2,0,0
e83e9e651d8bfed2,0,0
5e2950f5b560b735,0,0
ce90a8eb49e7c05d,0,0
f81efc877768b617,0,0
546c3e8f764a90b9,0,0
c208012226ae368e,0,0
3fad50e4a637ac72,0,0
51c680999afc9664,0,0
d07d3ccb3a16fda5,0,0
bc52a0ea6bc16e6b,0,0
9c2151d793ce81bb,0,0
f13df80fefd06c2f,0,0
a9d87c1eed942073,0,0
841102444c5c6d1c,0,0
7e5aa1c84d6f58e5,0,0
a38c013335f92dc9,0,0
a0fb7896752cfa4b,0,0
79a540d5d782ddd6,0,0
3843a2ae279d0377,0,0
e27bf01fdea1d95e,0,0
52b1f93cda2941e6,0,0
0923048898b8da38,0,0
fdb442919bdeb0ca,0,0
461903666af25b92,0,0
41f7f12ceb58f497,0,0
f24a81aaaf05bbad,0,0
7086445d4f3a07ee,0,0
c5f7e03fbc43b3bd,0,0
a462f379b45382cc,0,0
134608103171b571,0,0
fb69852237bd6195,0,0
8d3206ccd4e4b724,0,0
83eee359d6b1e82f,0,0
e59502555f0b765b,0,0
e10c89ba9e740edc,0,0
8befc17f7887667b,0,0
48c5e6f368a70499,0,0
6bd07d3ccb3a16fd,0,0
bbbc52a0ea6bc16e,0,0
2f9c2151d793ce81,0,0
73f13df80fefd06c,0,0
1ca9d87c1eed9420,0,0
e5841102444c5c6d,0,0
c97e5aa1c84d6f58,0,0
4ba38c013335f92d,0,0
d6a0fb7896752cfa,0,0
7779a540d5d782dd,0,0
5e3843a2ae279d03,1,0
0000d3a605944b51,0,1
940500455ca7483d,0,0
ee8611400040e499,0,0
0100420a0200420a,0,0
e7ac80058913bfac,0,0
8de1000046525051,0,0
c10a3b9337060000,0,0
765b83eee359d6b1,0,0
0edce59502555f0b,0,0
667be10c89ba9e74,0,0
04998befc17f7887,0,0
6ae348c5e6f368a7,0,0
c32a278c102062e2,0,0
6f49f6d30a456e7a,0,0
d15f1a650c98a9c9,0,0
ecb606ddc7b3ac63,0,0
1cb8cb2b05aabe16,0,0
cdf6c21912753de9,0,0
093217df83fff00e,0,0
d5c6918acde7d14e,0,0
86554e182140c4c4,0,0
df92eca7158adcf4,0,0
a2bf34ca18305393,0,0
d86d0dba8f6759c7,0,0
397097570a547d2d,0,0
9aed853324ea7ad2,0,0
12642ebe07ffe11d,0,0
ab8d23159bcfa39d,0,0
0dab9c3042808889,0,0
bf25d94f2b14b9e9,0,0
457f69943160a626,0,0
b0db1a741fcfb28e,0,0
73e02eaf14a8fa5a,0,0
34db0b6748d4f5a4,0,0
25c85c7c0ffec33b,0,0
571b472a369f473b,0,0
1b56396184001113,0,0
7e4bb29f562872d3,0,0
8bfed22863c04c4d,0,0
60b735e83e9e651d,0,0
e7c05d5e2950f5b5,0,0
68b617ce90a8eb49,0,0
4a90b9f81efc8777,0,0
ae368e546c3e8f76,0,0
37ac72c208012226,0,0
fc96643fad50e4a6,0,0
16fda551c680999a,0,0
c16e6bd07d3ccb3a,0,0
ce81bbbc52a0ea6b,0,0
d06c2f9c2151d793,0,0
942073f13df80fef,0,0
5c6d1ca9d87c1eed,0,0
6f58e5841102444c,0,0
f92dc97e5aa1c84d,0,0
2cfa4ba38c013335,0,0
82ddd6a0fb789675,0,0
9d037779a540d5d7,0,0
a1d95e3843a2ae27,0,0
2941e6e27bf01fde,0,0
b8da3852b1f93cda,0,0
deb0ca0923048898,0,0
f25b92fdb442919b,0,0
58f497461903666a,0,0
05bbad41f7f12ceb,0,0
3a07eef24a81aaaf,0,0
43b3bd7086445d4f,0,0
5382ccc5f7e03fbc,0,0
71b571a462f379b4,0,0
bd61951346081031,0,0
e4b724fb69852237,0,0
b1e82f8d3206ccd4,0,0
0b765b83eee359d6,0,0
740edce59502555f,0,0
87667be10c89ba9e,0,0
a704998befc17f78,0,0
e26ae348c5e6f368,0,0
7ac32a278c102062,0,0
c96f49f6d30a456e,0,0
63d15f1a650c98a9,0,0
16ecb606ddc7b3ac,0,0
e91cb8cb2b05aabe,0,0
0ecdf6c21912753d,0,0
4e093217df83fff0,0,0
c4d5c6918acde7d1,0,0
f486554e182140c4,0,0
93df92eca7158adc,0,0
c7a2bf34ca183053,0,0
2dd86d0dba8f6759,0,0
d2397097570a547d,0,0
1d9aed853324ea7a,0,0
9d12642ebe07ffe1,0,0
89ab8d23159bcfa3,0,0
e90dab9c30428088,0,0
26bf25d94f2b14b9,0,0
8e457f69943160a6,0,0
5ab0db1a741fcfb2,0,0
a473e02eaf14a8fa,0,0
3b34db0b6748d4f5,0,0
3b25c85c7c0ffec3,0,0
13571b472a369f47,0,0
d31b563961840011,0,0
4d7e4bb29f562872,0,0
1d8bfed22863c04c,0,0
b560b735e83e9e65,0,0
49e7c05d5e2950f5,0,0
7768b617ce90a8eb,0,0
764a90b9f81efc87,0,0
26ae368e546c3e8f,0,0
a637ac72c2080122,0,0
9afc96643fad50e4,0,0
3a16fda551c68099,0,0
6bc16e6bd07d3ccb,0,0
93ce81bbbc52a0ea,0,0
efd06c2f9c2151d7,0,0
ed942073f13df80f,0,0
4c5c6d1ca9d87c1e,0,0
4d6f58e584110244,0,0
35f92dc97e5aa1c8,0,0
752cfa4ba38c0133,0,0
d782ddd6a0fb7896,0,0
279d037779a540d5,0,0
dea1d95e3843a2ae,0,0
da2941e6e27bf01f,0,0
98b8da3852b1f93c,0,0
9bdeb0ca09230488,0,0
6af25b92fdb44291,0,0
eb58f49746190366,0,0
af05bbad41f7f12c,0,0
4f3a07eef24a81aa,0,0
bc43b3bd7086445d,0,0
b45382ccc5f7e03f,0,0
3171b571a462f379,0,0
37bd619513460810,0,0
d4e4b724fb698522,0,0
d6b1e82f8d3206cc,0,0
5f0b765b83eee359,0,0
9e740edce5950255,0,0
7887667be10c89ba,0,0
68a704998befc17f,0,0
62e26ae348c5e6f3,0,0
6e7ac32a278c1020,0,0
a9c96f49f6d30a45,0,0
ac63d15f1a650c98,0,0
be16ecb606ddc7b3,0,0
3de91cb8cb2b05aa,0,0
f00ecdf6c2191275,0,0
d14e093217df83ff,0,0
c4c4d5c6918acde7,0,0
dcf486554e182140,0,0
5393df92eca7158a,0,0
59c7a2bf34ca1830,0,0
7d2dd86d0dba8f67,0,0
7ad2397097570a54,0,0
e11d9aed853324ea,0,0
a39d12642ebe07ff,0,0
8889ab8d23159bcf,0,0
b9e90dab9c304280,0,0
a626bf25d94f2b14,0,0
b28e457f69943160,0,0
fa5ab0db1a741fcf,0,0
f5a473e02eaf14a8,0,0
c33b34db0b6748d4,0,0
473b25c85c7c0ffe,0,0
1113571b472a369f,0,0
72d31b5639618400,0,0
4c4d7e4bb29f5628,0,0
651d8bfed22863c0,0,0
f5b560b735e83e9e,0,0
eb49e7c05d5e2950,0,0
877768b617ce90a8,0,0
8f764a90b9f81efc,0,0
2226ae368e546c3e,0,0
e4a637ac72c20801,0,0
999afc96643fad50,0,0
cb3a16fda551c680,0,0
ea6bc16e6bd07d3c,0,0
d793ce81bbbc52a0,0,0
0fefd06c2f9c2151,0,0
1eed942073f13df8,0,0
444c5c6d1ca9d87c,0,0
9afc96643fad50e4,0,0
3a16fda551c68099,0,0
6bc16e6bd07d3ccb,0,0
93ce81bbbc52a0ea,0,0
efd06c2f9c2151d7,0,0
ed942073f13df80f,0,0
4c5c6d1ca9d87c1e,0,0
4d6f58e584110244,0,0
35f92dc97e5aa1c8,0,0
752cfa4ba38c0133,0,0
d782ddd6a0fb7896,1,0
0000d3a705944b51,0,1
94050045b522ce40,0,0
ed8611400040e599,0,0
0100420a0200420a,0,0
a7ab80058913bfac,0,0
8ee1000046525051,0,0
d46f469337060000,0,0
134608103171b571,0,0
fb69852237bd6195,0,0
8d3206ccd4e4b724,0,0
83eee359d6b1e82f,0,0
e59502555f0b765b,0,0
e10c89ba9e740edc,0,0
8befc17f7887667b,0,0
48c5e6f368a70499,0,0
278c102062e26ae3,0,0
f6d30a456e7ac32a,0,0
1a650c98a9c96f49,0,0
06ddc7b3ac63d15f,0,0
cb2b05aabe16ecb6,0,0
c21912753de91cb8,0,0
17df83fff00ecdf6,0,0
918acde7d14e0932,0,0
4e182140c4c4d5c6,0,0
eca7158adcf48655,0,0
34ca18305393df92,0,0
0dba8f6759c7a2bf,0,0
97570a547d2dd86d,0,0
853324ea7ad23970,0,0
2ebe07ffe11d9aed,0,0
23159bcfa39d1264,0,0
9c3042808889ab8d,0,0
d94f2b14b9e90dab,0,0
69943160a626bf25,0,0
1a741fcfb28e457f,0,0
2eaf14a8fa5ab0db,0,0
0b6748d4f5a473e0,0,0
5c7c0ffec33b34db,0,0
472a369f473b25c8,0,0
396184001113571b,0,0
b29f562872d31b56,0,0
d22863c04c4d7e4b,0,0
35e83e9e651d8bfe,0,0
5d5e2950f5b560b7,0,0
17ce90a8eb49e7c0,0,0
b9f81efc877768b6,0,0
8e546c3e8f764a90,0,0
72c208012226ae36,0,0
643fad50e4a637ac,0,0
a551c680999afc96,0,0
6bd07d3ccb3a16fd,0,0
bbbc52a0ea6bc16e,0,0
2f9c2151d793ce81,0,0
73f13df80fefd06c,0,0
1ca9d87c1eed9420,0,0
e5841102444c5c6d,0,0
c97e5aa1c84d6f58,0,0
4ba38c013335f92d,0,0
d6a0fb7896752cfa,0,0
7779a540d5d782dd,0,0
5e3843a2ae279d03,0,0
e6e27bf01fdea1d9,0,0
3852b1f93cda2941,0,0
ca0923048898b8da,0,0
92fdb442919bdeb0,0,0
97461903666af25b,0,0
ad41f7f12ceb58f4,0,0
eef24a81aaaf05bb,0,0
bd7086445d4f3a07,0,0
ccc5f7e03fbc43b3,0,0
71a462f379b45382,0,0
95134608103171b5,0,0
24fb69852237bd61,0,0
2f8d3206ccd4e4b7,0,0
5b83eee359d6b1e8,0,0
dce59502555f0b76,0,0
7be10c89ba9e740e,0,0
998befc17f788766,0,0
e348c5e6f368a704,0,0
2a278c102062e26a,0,0
49f6d30a456e7ac3,0,0
5f1a650c98a9c96f,0,0
b606ddc7b3ac63d1,0,0
b8cb2b05aabe16ec,0,0
f6c21912753de91c,0,0
3217df83fff00ecd,0,0
c6918acde7d14e09,0,0
554e182140c4c4d5,0,0
92eca7158adcf486,0,0
bf34ca18305393df,0,0
6d0dba8f6759c7a2,0,0
7097570a547d2dd8,0,0
ed853324ea7ad239,0,0
642ebe07ffe11d9a,0,0
8d23159bcfa39d12,0,0
ab9c3042808889ab,0,0
25d94f2b14b9e90d,0,0
7f69943160a626bf,0,0
db1a741fcfb28e45,0,0
e02eaf14a8fa5ab0,0,0
db0b6748d4f5a473,0,0
c85c7c0ffec33b34,0,0
1b472a369f473b25,0,0
5639618400111357,0,0
4bb29f562872d31b,0,0
fed22863c04c4d7e,0,0
b735e83e9e651d8b,0,0
c05d5e2950f5b560,0,0
b617ce90a8eb49e7,0,0
90b9f81efc877768,0,0
368e546c3e8f764a,0,0
ac72c208012226ae,0,0
96643fad50e4a637,0,0
fda551c680999afc,0,0
6e6bd07d3ccb3a16,0,0
81bbbc52a0ea6bc1,0,0
6c2f9c2151d793ce,0,0
2073f13df80fefd0,0,0
6d1ca9d87c1eed94,0,0
58e5841102444c5c,0,0
2dc97e5aa1c84d6f,0,0
fa4ba38c013335f9,0,0
ddd6a0fb7896752c,0,0
037779a540d5d782,0,0
d95e3843a2ae279d,0,0
41e6e27bf01fdea1,0,0
da3852b1f93cda29,0,0
b0ca0923048898b8,0,0
5b92fdb442919bde,0,0
f497461903666af2,0,0
bbad41f7f12ceb58,0,0
07eef24a81aaaf05,0,0
b3bd7086445d4f3a,0,0
82ccc5f7e03fbc43,0,0
b571a462f379b453,0,0
6195134608103171,0,0
b724fb69852237bd,0,0
e82f8d3206ccd4e4,0,0
765b83eee359d6b1,0,0
0edce59502555f0b,0,0
667be10c89ba9e74,0,0
04998befc17f7887,0,0
6ae348c5e6f368a7,0,0
c32a278c102062e2,0,0
6f49f6d30a456e7a,0,0
d15f1a650c98a9c9,0,0
ecb606ddc7b3ac63,0,0
1cb8cb2b05aabe16,0,0
cdf6c21912753de9,0,0
093217df83fff00e,0,0
d5c6918acde7d14e,0,0
86554e182140c4c4,0,0
df92eca7158adcf4,0,0
a2bf34ca18305393,0,0
d86d0dba8f6759c7,0,0
397097570a547d2d,0,0
9aed853324ea7ad2,0,0
12642ebe07ffe11d,0,0
ab8d23159bcfa39d,0,0
0dab9c3042808889,0,0
bf25d94f2b14b9e9,0,0
457f69943160a626,0,0
b0db1a741fcfb28e,0,0
73e02eaf14a8fa5a,0,0
34db0b6748d4f5a4,0,0
25c85c7c0ffec33b,0,0
571b472a369f473b,0,0
1b56396184001113,0,0
7e4bb29f562872d3,0,0
8bfed22863c04c4d,0,0
60b735e83e9e651d,0,0
e7c05d5e2950f5b5,0,0
68b617ce90a8eb49,0,0
4a90b9f81efc8777,0,0
ae368e546c3e8f76,0,0
37ac72c208012226,0,0
fc96643fad50e4a6,0,0
16fda551c680999a,0,0
c16e6bd07d3ccb3a,0,0
ce81bbbc52a0ea6b,0,0
ca18305393df92ec,0,0
ba8f6759c7a2bf34,0,0
570a547d2dd86d0d,0,0
3324ea7ad2397097,0,0
be07ffe11d9aed85,0,0
159bcfa39d12642e,0,0
3042808889ab8d23,0,0
4f2b14b9e90dab9c,0,0
943160a626bf25d9,0,0
741fcfb28e457f69,0,0
af14a8fa5ab0db1a,1,0
0000d3a805944b51,0,1
940500450ef19fb8,0,0
ec8611400040e699,0,0
0100420a0200420a,0,0
5b1e80058913bfac,0,0
8fe1000046525051,0,0
31d6519337060000,0,0
aaaf05bbad41f7f1,0,0
5d4f3a07eef24a81,0,0
3fbc43b3bd708644,0,0
79b45382ccc5f7e0,0,0
103171b571a462f3,0,0
2237bd6195134608,0,0
ccd4e4b724fb6985,0,0
59d6b1e82f8d3206,0,0
555f0b765b83eee3,0,0
ba9e740edce59502,0,0
7f7887667be10c89,0,0
f368a704998befc1,0,0
2062e26ae348c5e6,0,0
456e7ac32a278c10,0,0
98a9c96f49f6d30a,0,0
b3ac63d15f1a650c,0,0
aabe16ecb606ddc7,0,0
753de91cb8cb2b05,0,0
fff00ecdf6c21912,0,0
e7d14e093217df83,0,0
40c4c4d5c6918acd,0,0
8adcf486554e1821,0,0
305393df92eca715,0,0
6759c7a2bf34ca18,0,0
547d2dd86d0dba8f,0,0
ea7ad2397097570a,0,0
ffe11d9aed853324,0,0
cfa39d12642ebe07,0,0
808889ab8d23159b,0,0
14b9e90dab9c3042,0,0
60a626bf25d94f2b,0,0
cfb28e457f699431,0,0
a8fa5ab0db1a741f,0,0
d4f5a473e02eaf14,0,0
fec33b34db0b6748,0,0
9f473b25c85c7c0f,0,0
001113571b472a36,0,0
2872d31b56396184,0,0
c04c4d7e4bb29f56,0,0
9e651d8bfed22863,0,0
50f5b560b735e83e,0,0
a8eb49e7c05d5e29,0,0
fc877768b617ce90,0,0
3e8f764a90b9f81e,0,0
012226ae368e546c,0,0
50e4a637ac72c208,0,0
80999afc96643fad,0,0
3ccb3a16fda551c6,0,0
a0ea6bc16e6bd07d,0,0
51d793ce81bbbc52,0,0
f80fefd06c2f9c21,0,0
7c1eed942073f13d,0,0
02444c5c6d1ca9d8,0,0
a1c84d6f58e58411,0,0
013335f92dc97e5a,0,0
7896752cfa4ba38c,0,0
40d5d782ddd6a0fb,0,0
a2ae279d037779a5,0,0
f01fdea1d95e3843,0,0
f93cda2941e6e27b,0,0
048898b8da3852b1,0,0
42919bdeb0ca0923,0,0
03666af25b92fdb4,0,0
f12ceb58f4974619,0,0
81aaaf05bbad41f7,0,0
445d4f3a07eef24a,0,0
e03fbc43b3bd7086,0,0
f379b45382ccc5f7,0,0
08103171b571a462,0,0
852237bd61951346,0,0
06ccd4e4b724fb69,0,0
e359d6b1e82f8d32,0,0
02555f0b765b83ee,0,0
89ba9e740edce595,0,0
c17f7887667be10c,0,0
e6f368a704998bef,0,0
102062e26ae348c5,0,0
0a456e7ac32a278c,0,0
0c98a9c96f49f6d3,0,0
c7b3ac63d15f1a65,0,0
05aabe16ecb606dd,0,0
12753de91cb8cb2b,0,0
83fff00ecdf6c219,0,0
cde7d14e093217df,0,0
2140c4c4d5c6918a,0,0
158adcf486554e18,0,0
18305393df92eca7,0,0
8f6759c7a2bf34ca,0,0
0a547d2dd86d0dba,0,0
24ea7ad239709757,0,0
07ffe11d9aed8533,0,0
9bcfa39d12642ebe,0,0
42808889ab8d2315,0,0
2b14b9e90dab9c30,0,0
3160a626bf25d94f,0,0
1fcfb28e457f6994,0,0
14a8fa5ab0db1a74,0,0
48d4f5a473e02eaf,0,0
0ffec33b34db0b67,0,0
369f473b25c85c7c,0,0
84001113571b472a,0,0
562872d31b563961,0,0
63c04c4d7e4bb29f,0,0
3e9e651d8bfed228,0,0
2950f5b560b735e8,0,0
90a8eb49e7c05d5e,0,0
1efc877768b617ce,0,0
6c3e8f764a90b9f8,0,0
08012226ae368e54,0,0
ad50e4a637ac72c2,0,0
c680999afc96643f,0,0
7d3ccb3a16fda551,0,0
52a0ea6bc16e6bd0,0,0
2151d793ce81bbbc,0,0
3df80fefd06c2f9c,0,0
d87c1eed942073f1,0,0
1102444c5c6d1ca9,0,0
5aa1c84d6f58e584,0,0
8c013335f92dc97e,0,0
fb7896752cfa4ba3,0,0
a540d5d782ddd6a0,0,0
43a2ae279d037779,0,0
7bf01fdea1d95e38,0,0
b1f93cda2941e6e2,0,0
23048898b8da3852,0,0
b442919bdeb0ca09,0,0
1903666af25b92fd,0,0
f7f12ceb58f49746,0,0
4a81aaaf05bbad41,0,0
86445d4f3a07eef2,0,0
f7e03fbc43b3bd70,0,0
62f379b45382ccc5,0,0
4608103171b571a4,0,0
69852237bd619513,0,0
3206ccd4e4b724fb,0,0
eee359d6b1e82f8d,0,0
9502555f0b765b83,0,0
0c89ba9e740edce5,0,0
efc17f7887667be1,0,0
c5e6f368a704998b,0,0
8c102062e26ae348,0,0
d30a456e7ac32a27,0,0
650c98a9c96f49f6,0,0
ddc7b3ac63d15f1a,0,0
2b05aabe16ecb606,0,0
1912753de91cb8cb,0,0
df83fff00ecdf6c2,0,0
8acde7d14e093217,0,0
182140c4c4d5c691,0,0
a7158adcf486554e,0,0
ca18305393df92ec,0,0
ba8f6759c7a2bf34,0,0
570a547d2dd86d0d,0,0
3324ea7ad2397097,0,0
be07ffe11d9aed85,0,0
159bcfa39d12642e,0,0
3042808889ab8d23,0,0
4f2b14b9e90dab9c,0,0
943160a626bf25d9,0,0
741fcfb28e457f69,0,0
af14a8fa5ab0db1a,0,0
6748d4f5a473e02e,0,0
7c0ffec33b34db0b,0,0
2a369f473b25c85c,0,0
6184001113571b47,0,0
9f562872d31b5639,0,0
2863c04c4d7e4bb2,0,0
e83e9e651d8bfed2,0,0
5e2950f5b560b735,0,0
ce90a8eb49e7c05d,0,0
f81efc877768b617,0,0
546c3e8f764a90b9,0,0
c208012226ae368e,0,0
fc877768b617ce90,0,0
3e8f764a90b9f81e,0,0
012226ae368e546c,0,0
50e4a637ac72c208,0,0
80999afc96643fad,0,0
3ccb3a16fda551c6,0,0
a0ea6bc16e6bd07d,0,0
51d793ce81bbbc52,0,0
f80fefd06c2f9c21,0,0
7c1eed942073f13d,0,0
02444c5c6d1ca9d8,1,0
0000d3a905944b51,0,1
94050045afbb4cd1,0,0
eb8611400040e799,0,0
0100420a0200420a,0,0
b0a580058913bfac,0,0
90e1000046525051,0,0
e53e5d9337060000,0,0
b442919bdeb0ca09,0,0
1903666af25b92fd,0,0
f7f12ceb58f49746,0,0
4a81aaaf05bbad41,0,0
86445d4f3a07eef2,0,0
f7e03fbc43b3bd70,0,0
62f379b45382ccc5,0,0
4608103171b571a4,0,0
69852237bd619513,0,0
3206ccd4e4b724fb,0,0
eee359d6b1e82f8d,0,0
9502555f0b765b83,0,0
0c89ba9e740edce5,0,0
efc17f7887667be1,0,0
c5e6f368a704998b,0,0
8c102062e26ae348,0,0
d30a456e7ac32a27,0,0
650c98a9c96f49f6,0,0
ddc7b3ac63d15f1a,0,0
2b05aabe16ecb606,0,0
1912753de91cb8cb,0,0
df83fff00ecdf6c2,0,0
8acde7d14e093217,0,0
182140c4c4d5c691,0,0
a7158adcf486554e,0,0
ca18305393df92ec,0,0
ba8f6759c7a2bf34,0,0
570a547d2dd86d0d,0,0
3324ea7ad2397097,0,0
be07ffe11d9aed85,0,0
159bcfa39d12642e,0,0
3042808889ab8d23,0,0
4f2b14b9e90dab9c,0,0
943160a626bf25d9,0,0
741fcfb28e457f69,0,0
af14a8fa5ab0db1a,0,0
6748d4f5a473e02e,0,0
7c0ffec33b34db0b,0,0
2a369f473b25c85c,0,0
6184001113571b47,0,0
9f562872d31b5639,0,0
2863c04c4d7e4bb2,0,0
e83e9e651d8bfed2,0,0
5e2950f5b560b735,0,0
ce90a8eb49e7c05d,0,0
f81efc877768b617,0,0
546c3e8f764a90b9,0,0
c208012226ae368e,0,0
3fad50e4a637ac72,0,0
51c680999afc9664,0,0
d07d3ccb3a16fda5,0,0
bc52a0ea6bc16e6b,0,0
9c2151d793ce81bb,0,0
f13df80fefd06c2f,0,0
a9d87c1eed942073,0,0
841102444c5c6d1c,0,0
7e5aa1c84d6f58e5,0,0
a38c013335f92dc9,0,0
a0fb7896752cfa4b,0,0
79a540d5d782ddd6,0,0
3843a2ae279d0377,0,0
e27bf01fdea1d95e,0,0
52b1f93cda2941e6,0,0
0923048898b8da38,0,0
fdb442919bdeb0ca,0,0
461903666af25b92,0,0
41f7f12ceb58f497,0,0
f24a81aaaf05bbad,0,0
7086445d4f3a07ee,0,0
c5f7e03fbc43b3bd,0,0
a462f379b45382cc,0,0
134608103171b571,0,0
fb69852237bd6195,0,0
8d3206ccd4e4b724,0,0
83eee359d6b1e82f,0,0
e59502555f0b765b,0,0
e10c89ba9e740edc,0,0
8befc17f7887667b,0,0
48c5e6f368a70499,0,0
278c102062e26ae3,0,0
f6d30a456e7ac32a,0,0
1a650c98a9c96f49,0,0
06ddc7b3ac63d15f,0,0
cb2b05aabe16ecb6,0,0
c21912753de91cb8,0,0
17df83fff00ecdf6,0,0
918acde7d14e0932,0,0
4e182140c4c4d5c6,0,0
eca7158adcf48655,0,0
34ca18305393df92,0,0
0dba8f6759c7a2bf,0,0
97570a547d2dd86d,0,0
853324ea7ad23970,0,0
2ebe07ffe11d9aed,0,0
23159bcfa39d1264,0,0
9c3042808889ab8d,0,0
d94f2b14b9e90dab,0,0
69943160a626bf25,0,0
1a741fcfb28e457f,0,0
2eaf14a8fa5ab0db,0,0
0b6748d4f5a473e0,0,0
5c7c0ffec33b34db,0,0
472a369f473b25c8,0,0
396184001113571b,0,0
b29f562872d31b56,0,0
d22863c04c4d7e4b,0,0
35e83e9e651d8bfe,0,0
5d5e2950f5b560b7,0,0
17ce90a8eb49e7c0,0,0
b9f81efc877768b6,0,0
8e546c3e8f764a90,0,0
72c208012226ae36,0,0
643fad50e4a637ac,0,0
a551c680999afc96,0,0
6bd07d3ccb3a16fd,0,0
bbbc52a0ea6bc16e,0,0
2f9c2151d793ce81,0,0
73f13df80fefd06c,0,0
1ca9d87c1eed9420,0,0
e5841102444c5c6d,0,0
c97e5aa1c84d6f58,0,0
4ba38c013335f92d,0,0
d6a0fb7896752cfa,0,0
7779a540d5d782dd,0,0
5e3843a2ae279d03,0,0
e6e27bf01fdea1d9,0,0
3852b1f93cda2941,0,0
ca0923048898b8da,0,0
92fdb442919bdeb0,0,0
97461903666af25b,0,0
ad41f7f12ceb58f4,0,0
eef24a81aaaf05bb,0,0
bd7086445d4f3a07,0,0
ccc5f7e03fbc43b3,0,0
71a462f379b45382,0,0
95134608103171b5,0,0
24fb69852237bd61,0,0
2f8d3206ccd4e4b7,0,0
5b83eee359d6b1e8,0,0
dce59502555f0b76,0,0
7be10c89ba9e740e,0,0
998befc17f788766,0,0
e348c5e6f368a704,0,0
2a278c102062e26a,0,0
49f6d30a456e7ac3,0,0
5f1a650c98a9c96f,0,0
b606ddc7b3ac63d1,0,0
b8cb2b05aabe16ec,0,0
f6c21912753de91c,0,0
3217df83fff00ecd,0,0
c6918acde7d14e09,0,0
554e182140c4c4d5,0,0
92eca7158adcf486,0,0
bf34ca18305393df,0,0
6d0dba8f6759c7a2,0,0
7097570a547d2dd8,0,0
ed853324ea7ad239,0,0
642ebe07ffe11d9a,0,0
8d23159bcfa39d12,0,0
ab9c3042808889ab,0,0
25d94f2b14b9e90d,0,0
7f69943160a626bf,0,0
db1a741fcfb28e45,0,0
e02eaf14a8fa5ab0,0,0
db0b6748d4f5a473,0,0
c85c7c0ffec33b34,0,0
1b472a369f473b25,0,0
5639618400111357,0,0
4bb29f562872d31b,0,0
fed22863c04c4d7e,0,0
b735e83e9e651d8b,0,0
c05d5e2950f5b560,0,0
b617ce90a8eb49e7,0,0
ac63d15f1a650c98,0,0
be16ecb606ddc7b3,0,0
3de91cb8cb2b05aa,0,0
f00ecdf6c2191275,0,0
d14e093217df83ff,0,0
c4c4d5c6918acde7,0,0
dcf486554e182140,0,0
5393df92eca7158a,0,0
59c7a2bf34ca1830,0,0
7d2dd86d0dba8f67,0,0
7ad2397097570a54,1,0
0000d3aa05944b51,0,1
9405004503eae01d,0,0
ea8611400040e899,0,0
0100420a0200420a,0,0
111e80058913bfac,0,0
91e1000046525051,0,0
36a2689337060000,0,0
0dab9c3042808889,0,0
bf25d94f2b14b9e9,0,0
457f69943160a626,0,0
b0db1a741fcfb28e,0,0
73e02eaf14a8fa5a,0,0
34db0b6748d4f5a4,0,0
25c85c7c0ffec33b,0,0
571b472a369f473b,0,0
1b56396184001113,0,0
7e4bb29f562872d3,0,0
8bfed22863c04c4d,0,0
60b735e83e9e651d,0,0
e7c05d5e2950f5b5,0,0
68b617ce90a8eb49,0,0
4a90b9f81efc8777,0,0
ae368e546c3e8f76,0,0
37ac72c208012226,0,0
fc96643fad50e4a6,0,0
16fda551c680999a,0,0
c16e6bd07d3ccb3a,0,0
ce81bbbc52a0ea6b,0,0
d06c2f9c2151d793,0,0
942073f13df80fef,0,0
5c6d1ca9d87c1eed,0,0
6f58e5841102444c,0,0
f92dc97e5aa1c84d,0,0
2cfa4ba38c013335,0,0
82ddd6a0fb789675,0,0
9d037779a540d5d7,0,0
a1d95e3843a2ae27,0,0
2941e6e27bf01fde,0,0
b8da3852b1f93cda,0,0
deb0ca0923048898,0,0
f25b92fdb442919b,0,0
58f497461903666a,0,0
05bbad41f7f12ceb,0,0
3a07eef24a81aaaf,0,0
43b3bd7086445d4f,0,0
5382ccc5f7e03fbc,0,0
71b571a462f379b4,0,0
bd61951346081031,0,0
e4b724fb69852237,0,0
b1e82f8d3206ccd4,0,0
0b765b83eee359d6,0,0
740edce59502555f,0,0
87667be10c89ba9e,0,0
a704998befc17f78,0,0
e26ae348c5e6f368,0,0
7ac32a278c102062,0,0
c96f49f6d30a456e,0,0
63d15f1a650c98a9,0,0
16ecb606ddc7b3ac,0,0
e91cb8cb2b05aabe,0,0
0ecdf6c21912753d,0,0
4e093217df83fff0,0,0
c4d5c6918acde7d1,0,0
f486554e182140c4,0,0
93df92eca7158adc,0,0
c7a2bf34ca183053,0,0
2dd86d0dba8f6759,0,0
d2397097570a547d,0,0
1d9aed853324ea7a,0,0
9d12642ebe07ffe1,0,0
89ab8d23159bcfa3,0,0
e90dab9c30428088,0,0
26bf25d94f2b14b9,0,0
8e457f69943160a6,0,0
5ab0db1a741fcfb2,0,0
a473e02eaf14a8fa,0,0
3b34db0b6748d4f5,0,0
3b25c85c7c0ffec3,0,0
13571b472a369f47,0,0
d31b563961840011,0,0
4d7e4bb29f562872,0,0
1d8bfed22863c04c,0,0
b560b735e83e9e65,0,0
49e7c05d5e2950f5,0,0
7768b617ce90a8eb,0,0
764a90b9f81efc87,0,0
26ae368e546c3e8f,0,0
a637ac72c2080122,0,0
9afc96643fad50e4,0,0
3a16fda551c68099,0,0
6bc16e6bd07d3ccb,0,0
93ce81bbbc52a0ea,0,0
efd06c2f9c2151d7,0,0
ed942073f13df80f,0,0
4c5c6d1ca9d87c1e,0,0
4d6f58e584110244,0,0
35f92dc97e5aa1c8,0,0
752cfa4ba38c0133,0,0
d782ddd6a0fb7896,0,0
279d037779a540d5,0,0
dea1d95e3843a2ae,0,0
da2941e6e27bf01f,0,0
98b8da3852b1f93c,0,0
9bdeb0ca09230488,0,0
6af25b92fdb44291,0,0
eb58f49746190366,0,0
af05bbad41f7f12c,0,0
4f3a07eef24a81aa,0,0
bc43b3bd7086445d,0,0
b45382ccc5f7e03f,0,0
3171b571a462f379,0,0
37bd619513460810,0,0
d4e4b724fb698522,0,0
d6b1e82f8d3206cc,0,0
5f0b765b83eee359,0,0
9e740edce5950255,0,0
7887667be10c89ba,0,0
68a704998befc17f,0,0
62e26ae348c5e6f3,0,0
6e7ac32a278c1020,0,0
a9c96f49f6d30a45,0,0
ac63d15f1a650c98,0,0
be16ecb606ddc7b3,0,0
3de91cb8cb2b05aa,0,0
f00ecdf6c2191275,0,0
d14e093217df83ff,0,0
c4c4d5c6918acde7,0,0
dcf486554e182140,0,0
5393df92eca7158a,0,0
59c7a2bf34ca1830,0,0
7d2dd86d0dba8f67,0,0
7ad2397097570a54,0,0
e11d9aed853324ea,0,0
a39d12642ebe07ff,0,0
8889ab8d23159bcf,0,0
b9e90dab9c304280,0,0
a626bf25d94f2b14,0,0
b28e457f69943160,0,0
fa5ab0db1a741fcf,0,0
f5a473e02eaf14a8,0,0
c33b34db0b6748d4,0,0
473b25c85c7c0ffe,0,0
1113571b472a369f,0,0
72d31b5639618400,0,0
4c4d7e4bb29f5628,0,0
651d8bfed22863c0,0,0
f5b560b735e83e9e,0,0
eb49e7c05d5e2950,0,0
877768b617ce90a8,0,0
8f764a90b9f81efc,0,0
2226ae368e546c3e,0,0
e4a637ac72c20801,0,0
999afc96643fad50,0,0
cb3a16fda551c680,0,0
ea6bc16e6bd07d3c,0,0
d793ce81bbbc52a0,0,0
0fefd06c2f9c2151,0,0
1eed942073f13df8,0,0
444c5c6d1ca9d87c,0,0
c84d6f58e5841102,0,0
3335f92dc97e5aa1,0,0
96752cfa4ba38c01,0,0
d5d782ddd6a0fb78,0,0
ae279d037779a540,0,0
1fdea1d95e3843a2,0,0
3cda2941e6e27bf0,0,0
8898b8da3852b1f9,0,0
919bdeb0ca092304,0,0
666af25b92fdb442,0,0
2ceb58f497461903,0,0
aaaf05bbad41f7f1,0,0
5d4f3a07eef24a81,0,0
3fbc43b3bd708644,0,0
79b45382ccc5f7e0,0,0
103171b571a462f3,0,0
2237bd6195134608,0,0
ccd4e4b724fb6985,0,0
59d6b1e82f8d3206,0,0
555f0b765b83eee3,0,0
ba9e740edce59502,0,0
5d4f3a07eef24a81,0,0
3fbc43b3bd708644,0,0
79b45382ccc5f7e0,0,0
103171b571a462f3,0,0
2237bd6195134608,0,0
ccd4e4b724fb6985,0,0
59d6b1e82f8d3206,0,0
555f0b765b83eee3,0,0
ba9e740edce59502,0,0
7f7887667be10c89,0,0
f368a704998befc1,1,0
0000d3ab05944b51,0,1
940500457af3bc19,0,0
e98611400040e999,0,0
0100420a0200420a,0,0
6cc980058913bfac,0,0
92e1000046525051,0,0
a712749337060000,0,0
68b617ce90a8eb49,0,0
4a90b9f81efc8777,0,0
ae368e546c3e8f76,0,0
37ac72c208012226,0,0
fc96643fad50e4a6,0,0
16fda551c680999a,0,0
c16e6bd07d3ccb3a,0,0
ce81bbbc52a0ea6b,0,0
d06c2f9c2151d793,0,0
942073f13df80fef,0,0
5c6d1ca9d87c1eed,0,0
6f58e5841102444c,0,0
f92dc97e5aa1c84d,0,0
2cfa4ba38c013335,0,0
82ddd6a0fb789675,0,0
9d037779a540d5d7,0,0
a1d95e3843a2ae27,0,0
2941e6e27bf01fde,0,0
b8da3852b1f93cda,0,0
deb0ca0923048898,0,0
f25b92fdb442919b,0,0
58f497461903666a,0,0
05bbad41f7f12ceb,0,0
3a07eef24a81aaaf,0,0
43b3bd7086445d4f,0,0
5382ccc5f7e03fbc,0,0
71b571a462f379b4,0,0
bd61951346081031,0,0
e4b724fb69852237,0,0
b1e82f8d3206ccd4,0,0
0b765b83eee359d6,0,0
740edce59502555f,0,0
87667be10c89ba9e,0,0
a704998befc17f78,0,0
e26ae348c5e6f368,0,0
7ac32a278c102062,0,0
c96f49f6d30a456e,0,0
63d15f1a650c98a9,0,0
16ecb606ddc7b3ac,0,0
e91cb8cb2b05aabe,0,0
0ecdf6c21912753d,0,0
4e093217df83fff0,0,0
c4d5c6918acde7d1,0,0
f486554e182140c4,0,0
93df92eca7158adc,0,0
c7a2bf34ca183053,0,0
2dd86d0dba8f6759,0,0
d2397097570a547d,0,0
1d9aed853324ea7a,0,0
9d12642ebe07ffe1,0,0
89ab8d23159bcfa3,0,0
e90dab9c30428088,0,0
26bf25d94f2b14b9,0,0
8e457f69943160a6,0,0
5ab0db1a741fcfb2,0,0
a473e02eaf14a8fa,0,0
3b34db0b6748d4f5,0,0
3b25c85c7c0ffec3,0,0
13571b472a369f47,0,0
d31b563961840011,0,0
4d7e4bb29f562872,0,0
1d8bfed22863c04c,0,0
b560b735e83e9e65,0,0
49e7c05d5e2950f5,0,0
7768b617ce90a8eb,0,0
764a90b9f81efc87,0,0
26ae368e546c3e8f,0,0
a637ac72c2080122,0,0
9afc96643fad50e4,0,0
3a16fda551c68099,0,0
6bc16e6bd07d3ccb,0,0
93ce81bbbc52a0ea,0,0
efd06c2f9c2151d7,0,0
ed942073f13df80f,0,0
4c5c6d1ca9d87c1e,0,0
4d6f58e584110244,0,0
35f92dc97e5aa1c8,0,0
752cfa4ba38c0133,0,0
d782ddd6a0fb7896,0,0
279d037779a540d5,0,0
dea1d95e3843a2ae,0,0
da2941e6e27bf01f,0,0
98b8da3852b1f93c,0,0
9bdeb0ca09230488,0,0
6af25b92fdb44291,0,0
eb58f49746190366,0,0
af05bbad41f7f12c,0,0
4f3a07eef24a81aa,0,0
bc43b3bd7086445d,0,0
b45382ccc5f7e03f,0,0
3171b571a462f379,0,0
37bd619513460810,0,0
d4e4b724fb698522,0,0
d6b1e82f8d3206cc,0,0
5f0b765b83eee359,0,0
9e740edce5950255,0,0
7887667be10c89ba,0,0
68a704998befc17f,0,0
62e26ae348c5e6f3,0,0
6e7ac32a278c1020,0,0
a9c96f49f6d30a45,0,0
ac63d15f1a650c98,0,0
be16ecb606ddc7b3,0,0
3de91cb8cb2b05aa,0,0
f00ecdf6c2191275,0,0
d14e093217df83ff,0,0
c4c4d5c6918acde7,0,0
dcf486554e182140,0,0
5393df92eca7158a,0,0
59c7a2bf34ca1830,0,0
7d2dd86d0dba8f67,0,0
7ad2397097570a54,0,0
e11d9aed853324ea,0,0
a39d12642ebe07ff,0,0
8889ab8d23159bcf,0,0
b9e90dab9c304280,0,0
a626bf25d94f2b14,0,0
b28e457f69943160,0,0
fa5ab0db1a741fcf,0,0
f5a473e02eaf14a8,0,0
c33b34db0b6748d4,0,0
473b25c85c7c0ffe,0,0
1113571b472a369f,0,0
72d31b5639618400,0,0
4c4d7e4bb29f5628,0,0
651d8bfed22863c0,0,0
f5b560b735e83e9e,0,0
eb49e7c05d5e2950,0,0
877768b617ce90a8,0,0
8f764a90b9f81efc,0,0
2226ae368e546c3e,0,0
e4a637ac72c20801,0,0
999afc96643fad50,0,0
cb3a16fda551c680,0,0
ea6bc16e6bd07d3c,0,0
d793ce81bbbc52a0,0,0
0fefd06c2f9c2151,0,0
1eed942073f13df8,0,0
444c5c6d1ca9d87c,0,0
c84d6f58e5841102,0,0
3335f92dc97e5aa1,0,0
96752cfa4ba38c01,0,0
d5d782ddd6a0fb78,0,0
ae279d037779a540,0,0
1fdea1d95e3843a2,0,0
3cda2941e6e27bf0,0,0
8898b8da3852b1f9,0,0
919bdeb0ca092304,0,0
666af25b92fdb442,0,0
2ceb58f497461903,0,0
aaaf05bbad41f7f1,0,0
5d4f3a07eef24a81,0,0
3fbc43b3bd708644,0,0
79b45382ccc5f7e0,0,0
103171b571a462f3,0,0
2237bd6195134608,0,0
ccd4e4b724fb6985,0,0
59d6b1e82f8d3206,0,0
555f0b765b83eee3,0,0
ba9e740edce59502,0,0
7f7887667be10c89,0,0
f368a704998befc1,0,0
2062e26ae348c5e6,0,0
456e7ac32a278c10,0,0
98a9c96f49f6d30a,0,0
b3ac63d15f1a650c,0,0
aabe16ecb606ddc7,0,0
753de91cb8cb2b05,0,0
fff00ecdf6c21912,0,0
e7d14e093217df83,0,0
40c4c4d5c6918acd,0,0
8adcf486554e1821,0,0
305393df92eca715,0,0
0dab9c3042808889,0,0
bf25d94f2b14b9e9,0,0
457f69943160a626,0,0
b0db1a741fcfb28e,0,0
73e02eaf14a8fa5a,0,0
34db0b6748d4f5a4,0,0
25c85c7c0ffec33b,0,0
571b472a369f473b,0,0
1b56396184001113,0,0
7e4bb29f562872d3,0,0
8bfed22863c04c4d,1,0
0000d3ac05944b51,0,1
94050045f6ab2a9d,0,0
e88611400040ea99,0,0
0100420a0200420a,0,0
a19680058913bfac,0,0
93e1000046525051,0,0
686f7f9337060000,0,0
d15f1a650c98a9c9,0,0
ecb606ddc7b3ac63,0,0
1cb8cb2b05aabe16,0,0
cdf6c21912753de9,0,0
093217df83fff00e,0,0
d5c6918acde7d14e,0,0
86554e182140c4c4,0,0
df92eca7158adcf4,0,0
a2bf34ca18305393,0,0
d86d0dba8f6759c7,0,0
397097570a547d2d,0,0
9aed853324ea7ad2,0,0
12642ebe07ffe11d,0,0
ab8d23159bcfa39d,0,0
0dab9c3042808889,0,0
bf25d94f2b14b9e9,0,0
457f69943160a626,0,0
b0db1a741fcfb28e,0,0
73e02eaf14a8fa5a,0,0
34db0b6748d4f5a4,0,0
25c85c7c0ffec33b,0,0
571b472a369f473b,0,0
1b56396184001113,0,0
7e4bb29f562872d3,0,0
8bfed22863c04c4d,0,0
60b735e83e9e651d,0,0
e7c05d5e2950f5b5,0,0
68b617ce90a8eb49,0,0
4a90b9f81efc8777,0,0
ae368e546c3e8f76,0,0
37ac72c208012226,0,0
fc96643fad50e4a6,0,0
16fda551c680999a,0,0
c16e6bd07d3ccb3a,0,0
ce81bbbc52a0ea6b,0,0
d06c2f9c2151d793,0,0
942073f13df80fef,0,0
5c6d1ca9d87c1eed,0,0
6f58e5841102444c,0,0
f92dc97e5aa1c84d,0,0
2cfa4ba38c013335,0,0
82ddd6a0fb789675,0,0
9d037779a540d5d7,0,0
a1d95e3843a2ae27,0,0
2941e6e27bf01fde,0,0
b8da3852b1f93cda,0,0
deb0ca0923048898,0,0
f25b92fdb442919b,0,0
58f497461903666a,0,0
05bbad41f7f12ceb,0,0
3a07eef24a81aaaf,0,0
43b3bd7086445d4f,0,0
5382ccc5f7e03fbc,0,0
71b571a462f379b4,0,0
bd61951346081031,0,0
e4b724fb69852237,0,0
b1e82f8d3206ccd4,0,0
0b765b83eee359d6,0,0
740edce59502555f,0,0
87667be10c89ba9e,0,0
a704998befc17f78,0,0
e26ae348c5e6f368,0,0
7ac32a278c102062,0,0
c96f49f6d30a456e,0,0
63d15f1a650c98a9,0,0
16ecb606ddc7b3ac,0,0
e91cb8cb2b05aabe,0,0
0ecdf6c21912753d,0,0
4e093217df83fff0,0,0
c4d5c6918acde7d1,0,0
f486554e182140c4,0,0
93df92eca7158adc,0,0
c7a2bf34ca183053,0,0
2dd86d0dba8f6759,0,0
d2397097570a547d,0,0
1d9aed853324ea7a,0,0
9d12642ebe07ffe1,0,0
89ab8d23159bcfa3,0,0
e90dab9c30428088,0,0
26bf25d94f2b14b9,0,0
8e457f69943160a6,0,0
5ab0db1a741fcfb2,0,0
a473e02eaf14a8fa,0,0
3b34db0b6748d4f5,0,0
3b25c85c7c0ffec3,0,0
13571b472a369f47,0,0
d31b563961840011,0,0
4d7e4bb29f562872,0,0
1d8bfed22863c04c,0,0
b560b735e83e9e65,0,0
49e7c05d5e2950f5,0,0
7768b617ce90a8eb,0,0
764a90b9f81efc87,0,0
26ae368e546c3e8f,0,0
a637ac72c2080122,0,0
9afc96643fad50e4,0,0
3a16fda551c68099,0,0
6bc16e6bd07d3ccb,0,0
93ce81bbbc52a0ea,0,0
efd06c2f9c2151d7,0,0
ed942073f13df80f,0,0
4c5c6d1ca9d87c1e,0,0
4d6f58e584110244,0,0
35f92dc97e5aa1c8,0,0
752cfa4ba38c0133,0,0
d782ddd6a0fb7896,0,0
279d037779a540d5,0,0
dea1d95e3843a2ae,0,0
da2941e6e27bf01f,0,0
98b8da3852b1f93c,0,0
9bdeb0ca09230488,0,0
6af25b92fdb44291,0,0
eb58f49746190366,0,0
af05bbad41f7f12c,0,0
4f3a07eef24a81aa,0,0
bc43b3bd7086445d,0,0
b45382ccc5f7e03f,0,0
3171b571a462f379,0,0
37bd619513460810,0,0
d4e4b724fb698522,0,0
d6b1e82f8d3206cc,0,0
5f0b765b83eee359,0,0
9e740edce5950255,0,0
7887667be10c89ba,0,0
68a704998befc17f,0,0
62e26ae348c5e6f3,0,0
6e7ac32a278c1020,0,0
a9c96f49f6d30a45,0,0
ac63d15f1a650c98,0,0
be16ecb606ddc7b3,0,0
3de91cb8cb2b05aa,0,0
f00ecdf6c2191275,0,0
d14e093217df83ff,0,0
c4c4d5c6918acde7,0,0
dcf486554e182140,0,0
5393df92eca7158a,0,0
59c7a2bf34ca1830,0,0
7d2dd86d0dba8f67,0,0
7ad2397097570a54,0,0
e11d9aed853324ea,0,0
a39d12642ebe07ff,0,0
8889ab8d23159bcf,0,0
b9e90dab9c304280,0,0
a626bf25d94f2b14,0,0
b28e457f69943160,0,0
fa5ab0db1a741fcf,0,0
f5a473e02eaf14a8,0,0
c33b34db0b6748d4,0,0
473b25c85c7c0ffe,0,0
1113571b472a369f,0,0
72d31b5639618400,0,0
4c4d7e4bb29f5628,0,0
651d8bfed22863c0,0,0
f5b560b735e83e9e,0,0
eb49e7c05d5e2950,0,0
877768b617ce90a8,0,0
8f764a90b9f81efc,0,0
2226ae368e546c3e,0,0
e4a637ac72c20801,0,0
999afc96643fad50,0,0
cb3a16fda551c680,0,0
ea6bc16e6bd07d3c,0,0
d793ce81bbbc52a0,0,0
0fefd06c2f9c2151,0,0
1eed942073f13df8,0,0
444c5c6d1ca9d87c,0,0
c84d6f58e5841102,0,0
3335f92dc97e5aa1,0,0
96752cfa4ba38c01,0,0
d5d782ddd6a0fb78,0,0
ae279d037779a540,0,0
1fdea1d95e3843a2,0,0
3cda2941e6e27bf0,0,0
be16ecb606ddc7b3,0,0
3de91cb8cb2b05aa,0,0
f00ecdf6c2191275,0,0
d14e093217df83ff,0,0
c4c4d5c6918acde7,0,0
dcf486554e182140,0,0
5393df92eca7158a,0,0
59c7a2bf34ca1830,0,0
7d2dd86d0dba8f67,0,0
7ad2397097570a54,0,0
e11d9aed853324ea,1,0
0000d3ad05944b51,0,1
9405004598503ed3,0,0
e78611400040eb99,0,0
0100420a0200420a,0,0
1a9380058913bfac,0,0
94e1000046525051,0,0
5fd28a9337060000,0,0
da3852b1f93cda29,0,0
b0ca0923048898b8,0,0
5b92fdb442919bde,0,0
f497461903666af2,0,0
bbad41f7f12ceb58,0,0
07eef24a81aaaf05,0,0
b3bd7086445d4f3a,0,0
82ccc5f7e03fbc43,0,0
b571a462f379b453,0,0
6195134608103171,0,0
b724fb69852237bd,0,0
e82f8d3206ccd4e4,0,0
765b83eee359d6b1,0,0
0edce59502555f0b,0,0
667be10c89ba9e74,0,0
04998befc17f7887,0,0
6ae348c5e6f368a7,0,0
c32a278c102062e2,0,0
6f49f6d30a456e7a,0,0
d15f1a650c98a9c9,0,0
ecb606ddc7b3ac63,0,0
1cb8cb2b05aabe16,0,0
cdf6c21912753de9,0,0
093217df83fff00e,0,0
d5c6918acde7d14e,0,0
86554e182140c4c4,0,0
df92eca7158adcf4,0,0
a2bf34ca18305393,0,0
d86d0dba8f6759c7,0,0
397097570a547d2d,0,0
9aed853324ea7ad2,0,0
12642ebe07ffe11d,0,0
ab8d23159bcfa39d,0,0
0dab9c3042808889,0,0
bf25d94f2b14b9e9,0,0
457f69943160a626,0,0
b0db1a741fcfb28e,0,0
73e02eaf14a8fa5a,0,0
34db0b6748d4f5a4,0,0
25c85c7c0ffec33b,0,0
571b472a369f473b,0,0
1b56396184001113,0,0
7e4bb29f562872d3,0,0
8bfed22863c04c4d,0,0
60b735e83e9e651d,0,0
e7c05d5e2950f5b5,0,0
68b617ce90a8eb49,0,0
4a90b9f81efc8777,0,0
ae368e546c3e8f76,0,0
37ac72c208012226,0,0
fc96643fad50e4a6,0,0
16fda551c680999a,0,0
c16e6bd07d3ccb3a,0,0
ce81bbbc52a0ea6b,0,0
d06c2f9c2151d793,0,0
942073f13df80fef,0,0
5c6d1ca9d87c1eed,0,0
6f58e5841102444c,0,0
f92dc97e5aa1c84d,0,0
2cfa4ba38c013335,0,0
82ddd6a0fb789675,0,0
9d037779a540d5d7,0,0
a1d95e3843a2ae27,0,0
2941e6e27bf01fde,0,0
b8da3852b1f93cda,0,0
deb0ca0923048898,0,0
f25b92fdb442919b,0,0
58f497461903666a,0,0
05bbad41f7f12ceb,0,0
3a07eef24a81aaaf,0,0
43b3bd7086445d4f,0,0
5382ccc5f7e03fbc,0,0
71b571a462f379b4,0,0
bd61951346081031,0,0
e4b724fb69852237,0,0
b1e82f8d3206ccd4,0,0
0b765b83eee359d6,0,0
740edce59502555f,0,0
87667be10c89ba9e,0,0
a704998befc17f78,0,0
e26ae348c5e6f368,0,0
7ac32a278c102062,0,0
c96f49f6d30a456e,0,0
63d15f1a650c98a9,0,0
16ecb606ddc7b3ac,0,0
e91cb8cb2b05aabe,0,0
0ecdf6c21912753d,0,0
4e093217df83fff0,0,0
c4d5c6918acde7d1,0,0
f486554e182140c4,0,0
93df92eca7158adc,0,0
c7a2bf34ca183053,0,0
2dd86d0dba8f6759,0,0
d2397097570a547d,0,0
1d9aed853324ea7a,0,0
9d12642ebe07ffe1,0,0
89ab8d23159bcfa3,0,0
e90dab9c30428088,0,0
26bf25d94f2b14b9,0,0
8e457f69943160a6,0,0
5ab0db1a741fcfb2,0,0
a473e02eaf14a8fa,0,0
3b34db0b6748d4f5,0,0
3b25c85c7c0ffec3,0,0
13571b472a369f47,0,0
d31b563961840011,0,0
4d7e4bb29f562872,0,0
1d8bfed22863c04c,0,0
b560b735e83e9e65,0,0
49e7c05d5e2950f5,0,0
7768b617ce90a8eb,0,0
764a90b9f81efc87,0,0
26ae368e546c3e8f,0,0
a637ac72c2080122,0,0
9afc96643fad50e4,0,0
3a16fda551c68099,0,0
6bc16e6bd07d3ccb,0,0
93ce81bbbc52a0ea,0,0
efd06c2f9c2151d7,0,0
ed942073f13df80f,0,0
4c5c6d1ca9d87c1e,0,0
4d6f58e584110244,0,0
35f92dc97e5aa1c8,0,0
752cfa4ba38c0133,0,0
d782ddd6a0fb7896,0,0
279d037779a540d5,0,0
dea1d95e3843a2ae,0,0
da2941e6e27bf01f,0,0
98b8da3852b1f93c,0,0
9bdeb0ca09230488,0,0
6af25b92fdb44291,0,0
eb58f49746190366,0,0
af05bbad41f7f12c,0,0
4f3a07eef24a81aa,0,0
bc43b3bd7086445d,0,0
b45382ccc5f7e03f,0,0
3171b571a462f379,0,0
37bd619513460810,0,0
d4e4b724fb698522,0,0
d6b1e82f8d3206cc,0,0
5f0b765b83eee359,0,0
9e740edce5950255,0,0
7887667be10c89ba,0,0
68a704998befc17f,0,0
62e26ae348c5e6f3,0,0
6e7ac32a278c1020,0,0
a9c96f49f6d30a45,0,0
ac63d15f1a650c98,0,0
be16ecb606ddc7b3,0,0
3de91cb8cb2b05aa,0,0
f00ecdf6c2191275,0,0
d14e093217df83ff,0,0
c4c4d5c6918acde7,0,0
dcf486554e182140,0,0
5393df92eca7158a,0,0
59c7a2bf34ca1830,0,0
7d2dd86d0dba8f67,0,0
7ad2397097570a54,0,0
e11d9aed853324ea,0,0
a39d12642ebe07ff,0,0
8889ab8d23159bcf,0,0
b9e90dab9c304280,0,0
a626bf25d94f2b14,0,0
b28e457f69943160,0,0
fa5ab0db1a741fcf,0,0
f5a473e02eaf14a8,0,0
c33b34db0b6748d4,0,0
473b25c85c7c0ffe,0,0
1113571b472a369f,0,0
72d31b5639618400,0,0
4c4d7e4bb29f5628,0,0
651d8bfed22863c0,0,0
f5b560b735e83e9e,0,0
eef24a81aaaf05bb,0,0
bd7086445d4f3a07,0,0
ccc5f7e03fbc43b3,0,0
71a462f379b45382,0,0
95134608103171b5,0,0
24fb69852237bd61,0,0
2f8d3206ccd4e4b7,0,0
5b83eee359d6b1e8,0,0
dce59502555f0b76,0,0
7be10c89ba9e740e,0,0
998befc17f788766,1,0
0000d3ae05944b51,0,1
940500457dbccb43,0,0
e68611400040ec99,0,0
0100420a0200420a,0,0
8a9380058913bfac,0,0
95e1000046525051,0,0
6f39969337060000,0,0
63d15f1a650c98a9,0,0
16ecb606ddc7b3ac,0,0
e91cb8cb2b05aabe,0,0
0ecdf6c21912753d,0,0
4e093217df83fff0,0,0
c4d5c6918acde7d1,0,0
f486554e182140c4,0,0
93df92eca7158adc,0,0
c7a2bf34ca183053,0,0
2dd86d0dba8f6759,0,0
d2397097570a547d,0,0
1d9aed853324ea7a,0,0
9d12642ebe07ffe1,0,0
89ab8d23159bcfa3,0,0
e90dab9c30428088,0,0
26bf25d94f2b14b9,0,0
8e457f69943160a6,0,0
5ab0db1a741fcfb2,0,0
a473e02eaf14a8fa,0,0
3b34db0b6748d4f5,0,0
3b25c85c7c0ffec3,0,0
13571b472a369f47,0,0
d31b563961840011,0,0
4d7e4bb29f562872,0,0
1d8bfed22863c04c,0,0
b560b735e83e9e65,0,0
49e7c05d5e2950f5,0,0
7768b617ce90a8eb,0,0
764a90b9f81efc87,0,0
26ae368e546c3e8f,0,0
a637ac72c2080122,0,0
9afc96643fad50e4,0,0
3a16fda551c68099,0,0
6bc16e6bd07d3ccb,0,0
93ce81bbbc52a0ea,0,0
efd06c2f9c2151d7,0,0
ed942073f13df80f,0,0
4c5c6d1ca9d87c1e,0,0
4d6f58e584110244,0,0
35f92dc97e5aa1c8,0,0
752cfa4ba38c0133,0,0
d782ddd6a0fb7896,0,0
279d037779a540d5,0,0
dea1d95e3843a2ae,0,0
da2941e6e27bf01f,0,0
98b8da3852b1f93c,0,0
9bdeb0ca09230488,0,0
6af25b92fdb44291,0,0
eb58f49746190366,0,0
af05bbad41f7f12c,0,0
4f3a07eef24a81aa,0,0
bc43b3bd7086445d,0,0
b45382ccc5f7e03f,0,0
3171b571a462f379,0,0
37bd619513460810,0,0
d4e4b724fb698522,0,0
d6b1e82f8d3206cc,0,0
5f0b765b83eee359,0,0
9e740edce5950255,0,0
7887667be10c89ba,0,0
68a704998befc17f,0,0
62e26ae348c5e6f3,0,0
6e7ac32a278c1020,0,0
a9c96f49f6d30a45,0,0
ac63d15f1a650c98,0,0
be16ecb606ddc7b3,0,0
3de91cb8cb2b05aa,0,0
f00ecdf6c2191275,0,0
d14e093217df83ff,0,0
c4c4d5c6918acde7,0,0
dcf486554e182140,0,0
5393df92eca7158a,0,0
59c7a2bf34ca1830,0,0
7d2dd86d0dba8f67,0,0
7ad2397097570a54,0,0
e11d9aed853324ea,0,0
a39d12642ebe07ff,0,0
8889ab8d23159bcf,0,0
b9e90dab9c304280,0,0
a626bf25d94f2b14,0,0
b28e457f69943160,0,0
fa5ab0db1a741fcf,0,0
f5a473e02eaf14a8,0,0
c33b34db0b6748d4,0,0
473b25c85c7c0ffe,0,0
1113571b472a369f,0,0
72d31b5639618400,0,0
4c4d7e4bb29f5628,0,0
651d8bfed22863c0,0,0
f5b560b735e83e9e,0,0
eb49e7c05d5e2950,0,0
877768b617ce90a8,0,0
8f764a90b9f81efc,0,0
2226ae368e546c3e,0,0
e4a637ac72c20801,0,0
999afc96643fad50,0,0
cb3a16fda551c680,0,0
ea6bc16e6bd07d3c,0,0
d793ce81bbbc52a0,0,0
0fefd06c2f9c2151,0,0
1eed942073f13df8,0,0
444c5c6d1ca9d87c,0,0
c84d6f58e5841102,0,0
3335f92dc97e5aa1,0,0
96752cfa4ba38c01,0,0
d5d782ddd6a0fb78,0,0
ae279d037779a540,0,0
1fdea1d95e3843a2,0,0
3cda2941e6e27bf0,0,0
8898b8da3852b1f9,0,0
919bdeb0ca092304,0,0
666af25b92fdb442,0,0
2ceb58f497461903,0,0
aaaf05bbad41f7f1,0,0
5d4f3a07eef24a81,0,0
3fbc43b3bd708644,0,0
79b45382ccc5f7e0,0,0
103171b571a462f3,0,0
2237bd6195134608,0,0
ccd4e4b724fb6985,0,0
59d6b1e82f8d3206,0,0
555f0b765b83eee3,0,0
ba9e740edce59502,0,0
7f7887667be10c89,0,0
f368a704998befc1,0,0
2062e26ae348c5e6,0,0
456e7ac32a278c10,0,0
98a9c96f49f6d30a,0,0
b3ac63d15f1a650c,0,0
aabe16ecb606ddc7,0,0
753de91cb8cb2b05,0,0
fff00ecdf6c21912,0,0
e7d14e093217df83,0,0
40c4c4d5c6918acd,0,0
8adcf486554e1821,0,0
305393df92eca715,0,0
6759c7a2bf34ca18,0,0
547d2dd86d0dba8f,0,0
ea7ad2397097570a,0,0
ffe11d9aed853324,0,0
cfa39d12642ebe07,0,0
808889ab8d23159b,0,0
14b9e90dab9c3042,0,0
60a626bf25d94f2b,0,0
cfb28e457f699431,0,0
a8fa5ab0db1a741f,0,0
d4f5a473e02eaf14,0,0
fec33b34db0b6748,0,0
9f473b25c85c7c0f,0,0
001113571b472a36,0,0
2872d31b56396184,0,0
c04c4d7e4bb29f56,0,0
9e651d8bfed22863,0,0
50f5b560b735e83e,0,0
a8eb49e7c05d5e29,0,0
fc877768b617ce90,0,0
3e8f764a90b9f81e,0,0
012226ae368e546c,0,0
50e4a637ac72c208,0,0
80999afc96643fad,0,0
3ccb3a16fda551c6,0,0
a0ea6bc16e6bd07d,0,0
51d793ce81bbbc52,0,0
f80fefd06c2f9c21,0,0
7c1eed942073f13d,0,0
02444c5c6d1ca9d8,0,0
a1c84d6f58e58411,0,0
013335f92dc97e5a,0,0
7896752cfa4ba38c,0,0
40d5d782ddd6a0fb,0,0
a2ae279d037779a5,0,0
f01fdea1d95e3843,0,0
f93cda2941e6e27b,0,0
1fdea1d95e3843a2,0,0
3cda2941e6e27bf0,0,0
8898b8da3852b1f9,0,0
919bdeb0ca092304,0,0
666af25b92fdb442,0,0
2ceb58f497461903,0,0
aaaf05bbad41f7f1,0,0
5d4f3a07eef24a81,0,0
3fbc43b3bd708644,0,0
79b45382ccc5f7e0,0,0
103171b571a462f3,1,0
0000d3af05944b51,0,1
94050045b7e5945c,0,0
e58611400040ed99,0,0
0100420a0200420a,0,0
386480058913bfac,0,0
96e1000046525051,0,0
469ea19337060000,0,0
06ccd4e4b724fb69,0,0
e359d6b1e82f8d32,0,0
02555f0b765b83ee,0,0
89ba9e740edce595,0,0
c17f7887667be10c,0,0
e6f368a704998bef,0,0
102062e26ae348c5,0,0
0a456e7ac32a278c,0,0
0c98a9c96f49f6d3,0,0
c7b3ac63d15f1a65,0,0
05aabe16ecb606dd,0,0
12753de91cb8cb2b,0,0
83fff00ecdf6c219,0,0
cde7d14e093217df,0,0
2140c4c4d5c6918a,0,0
158adcf486554e18,0,0
18305393df92eca7,0,0
8f6759c7a2bf34ca,0,0
0a547d2dd86d0dba,0,0
24ea7ad239709757,0,0
07ffe11d9aed8533,0,0
9bcfa39d12642ebe,0,0
42808889ab8d2315,0,0
2b14b9e90dab9c30,0,0
3160a626bf25d94f,0,0
1fcfb28e457f6994,0,0
14a8fa5ab0db1a74,0,0
48d4f5a473e02eaf,0,0
0ffec33b34db0b67,0,0
369f473b25c85c7c,0,0
84001113571b472a,0,0
562872d31b563961,0,0
63c04c4d7e4bb29f,0,0
3e9e651d8bfed228,0,0
2950f5b560b735e8,0,0
90a8eb49e7c05d5e,0,0
1efc877768b617ce,0,0
6c3e8f764a90b9f8,0,0
08012226ae368e54,0,0
ad50e4a637ac72c2,0,0
c680999afc96643f,0,0
7d3ccb3a16fda551,0,0
52a0ea6bc16e6bd0,0,0
2151d793ce81bbbc,0,0
3df80fefd06c2f9c,0,0
d87c1eed942073f1,0,0
1102444c5c6d1ca9,0,0
5aa1c84d6f58e584,0,0
8c013335f92dc97e,0,0
fb7896752cfa4ba3,0,0
a540d5d782ddd6a0,0,0
43a2ae279d037779,0,0
7bf01fdea1d95e38,0,0
b1f93cda2941e6e2,0,0
23048898b8da3852,0,0
b442919bdeb0ca09,0,0
1903666af25b92fd,0,0
f7f12ceb58f49746,0,0
4a81aaaf05bbad41,0,0
86445d4f3a07eef2,0,0
f7e03fbc43b3bd70,0,0
62f379b45382ccc5,0,0
4608103171b571a4,0,0
69852237bd619513,0,0
3206ccd4e4b724fb,0,0
eee359d6b1e82f8d,0,0
9502555f0b765b83,0,0
0c89ba9e740edce5,0,0
efc17f7887667be1,0,0
c5e6f368a704998b,0,0
8c102062e26ae348,0,0
d30a456e7ac32a27,0,0
650c98a9c96f49f6,0,0
ddc7b3ac63d15f1a,0,0
2b05aabe16ecb606,0,0
1912753de91cb8cb,0,0
df83fff00ecdf6c2,0,0
8acde7d14e093217,0,0
182140c4c4d5c691,0,0
a7158adcf486554e,0,0
ca18305393df92ec,0,0
ba8f6759c7a2bf34,0,0
570a547d2dd86d0d,0,0
3324ea7ad2397097,0,0
be07ffe11d9aed85,0,0
159bcfa39d12642e,0,0
3042808889ab8d23,0,0
4f2b14b9e90dab9c,0,0
943160a626bf25d9,0,0
741fcfb28e457f69,0,0
af14a8fa5ab0db1a,0,0
6748d4f5a473e02e,0,0
7c0ffec33b34db0b,0,0
2a369f473b25c85c,0,0
6184001113571b47,0,0
9f562872d31b5639,0,0
2863c04c4d7e4bb2,0,0
e83e9e651d8bfed2,0,0
5e2950f5b560b735,0,0
ce90a8eb49e7c05d,0,0
f81efc877768b617,0,0
546c3e8f764a90b9,0,0
c208012226ae368e,0,0
3fad50e4a637ac72,0,0
51c680999afc9664,0,0
d07d3ccb3a16fda5,0,0
bc52a0ea6bc16e6b,0,0
9c2151d793ce81bb,0,0
f13df80fefd06c2f,0,0
a9d87c1eed942073,0,0
841102444c5c6d1c,0,0
7e5aa1c84d6f58e5,0,0
a38c013335f92dc9,0,0
a0fb7896752cfa4b,0,0
79a540d5d782ddd6,0,0
3843a2ae279d0377,0,0
e27bf01fdea1d95e,0,0
52b1f93cda2941e6,0,0
0923048898b8da38,0,0
fdb442919bdeb0ca,0,0
461903666af25b92,0,0
41f7f12ceb58f497,0,0
f24a81aaaf05bbad,0,0
7086445d4f3a07ee,0,0
c5f7e03fbc43b3bd,0,0
a462f379b45382cc,0,0
134608103171b571,0,0
fb69852237bd6195,0,0
8d3206ccd4e4b724,0,0
83eee359d6b1e82f,0,0
e59502555f0b765b,0,0
e10c89ba9e740edc,0,0
8befc17f7887667b,0,0
48c5e6f368a70499,0,0
278c102062e26ae3,0,0
f6d30a456e7ac32a,0,0
1a650c98a9c96f49,0,0
06ddc7b3ac63d15f,0,0
cb2b05aabe16ecb6,0,0
c21912753de91cb8,0,0
17df83fff00ecdf6,0,0
918acde7d14e0932,0,0
4e182140c4c4d5c6,0,0
eca7158adcf48655,0,0
34ca18305393df92,0,0
0dba8f6759c7a2bf,0,0
97570a547d2dd86d,0,0
853324ea7ad23970,0,0
2ebe07ffe11d9aed,0,0
23159bcfa39d1264,0,0
9c3042808889ab8d,0,0
d94f2b14b9e90dab,0,0
69943160a626bf25,0,0
1a741fcfb28e457f,0,0
2eaf14a8fa5ab0db,0,0
0b6748d4f5a473e0,0,0
5c7c0ffec33b34db,0,0
472a369f473b25c8,0,0
396184001113571b,0,0
b29f562872d31b56,0,0
d22863c04c4d7e4b,0,0
35e83e9e651d8bfe,0,0
5d5e2950f5b560b7,0,0
17ce90a8eb49e7c0,0,0
b9f81efc877768b6,0,0
8e546c3e8f764a90,0,0
72c208012226ae36,0,0
643fad50e4a637ac,0,0
a551c680999afc96,0,0
6bd07d3ccb3a16fd,0,0
bbbc52a0ea6bc16e,0,0
2f9c2151d793ce81,0,0
73f13df80fefd06c,0,0
4f3a07eef24a81aa,0,0
bc43b3bd7086445d,0,0
b45382ccc5f7e03f,0,0
3171b571a462f379,0,0
37bd619513460810,0,0
d4e4b724fb698522,0,0
d6b1e82f8d3206cc,0,0
5f0b765b83eee359,0,0
9e740edce5950255,0,0
7887667be10c89ba,0,0
68a704998befc17f,1,0
0000d3b005944b51,0,1
94050045f3262ae1,0,0
e38611400040ef99,0,0
0100420a0200420a,0,0
e20c80058913bfac,0,0
98e1000046525051,0,0
1664b89337060000,0,0
83fff00ecdf6c219,0,0
cde7d14e093217df,0,0
2140c4c4d5c6918a,0,0
158adcf486554e18,0,0
18305393df92eca7,0,0
8f6759c7a2bf34ca,0,0
0a547d2dd86d0dba,0,0
24ea7ad239709757,0,0
07ffe11d9aed8533,0,0
9bcfa39d12642ebe,0,0
42808889ab8d2315,0,0
2b14b9e90dab9c30,0,0
3160a626bf25d94f,0,0
1fcfb28e457f6994,0,0
14a8fa5ab0db1a74,0,0
48d4f5a473e02eaf,0,0
0ffec33b34db0b67,0,0
369f473b25c85c7c,0,0
84001113571b472a,0,0
562872d31b563961,0,0
63c04c4d7e4bb29f,0,0
3e9e651d8bfed228,0,0
2950f5b560b735e8,0,0
90a8eb49e7c05d5e,0,0
1efc877768b617ce,0,0
6c3e8f764a90b9f8,0,0
08012226ae368e54,0,0
ad50e4a637ac72c2,0,0
c680999afc96643f,0,0
7d3ccb3a16fda551,0,0
52a0ea6bc16e6bd0,0,0
2151d793ce81bbbc,0,0
3df80fefd06c2f9c,0,0
d87c1eed942073f1,0,0
1102444c5c6d1ca9,0,0
5aa1c84d6f58e584,0,0
8c013335f92dc97e,0,0
fb7896752cfa4ba3,0,0
a540d5d782ddd6a0,0,0
43a2ae279d037779,0,0
7bf01fdea1d95e38,0,0
b1f93cda2941e6e2,0,0
23048898b8da3852,0,0
b442919bdeb0ca09,0,0
1903666af25b92fd,0,0
f7f12ceb58f49746,0,0
4a81aaaf05bbad41,0,0
86445d4f3a07eef2,0,0
f7e03fbc43b3bd70,0,0
62f379b45382ccc5,0,0
4608103171b571a4,0,0
69852237bd619513,0,0
3206ccd4e4b724fb,0,0
eee359d6b1e82f8d,0,0
9502555f0b765b83,0,0
0c89ba9e740edce5,0,0
efc17f7887667be1,0,0
c5e6f368a704998b,0,0
8c102062e26ae348,0,0
d30a456e7ac32a27,0,0
650c98a9c96f49f6,0,0
ddc7b3ac63d15f1a,0,0
2b05aabe16ecb606,0,0
1912753de91cb8cb,0,0
df83fff00ecdf6c2,0,0
8acde7d14e093217,0,0
182140c4c4d5c691,0,0
a7158adcf486554e,0,0
ca18305393df92ec,0,0
ba8f6759c7a2bf34,0,0
570a547d2dd86d0d,0,0
3324ea7ad2397097,0,0
be07ffe11d9aed85,0,0
159bcfa39d12642e,0,0
3042808889ab8d23,0,0
4f2b14b9e90dab9c,0,0
943160a626bf25d9,0,0
741fcfb28e457f69,0,0
af14a8fa5ab0db1a,0,0
6748d4f5a473e02e,0,0
7c0ffec33b34db0b,0,0
2a369f473b25c85c,0,0
6184001113571b47,0,0
9f562872d31b5639,0,0
2863c04c4d7e4bb2,0,0
e83e9e651d8bfed2,0,0
5e2950f5b560b735,0,0
ce90a8eb49e7c05d,0,0
f81efc877768b617,0,0
546c3e8f764a90b9,0,0
c208012226ae368e,0,0
3fad50e4a637ac72,0,0
51c680999afc9664,0,0
d07d3ccb3a16fda5,0,0
bc52a0ea6bc16e6b,0,0
9c2151d793ce81bb,0,0
f13df80fefd06c2f,0,0
a9d87c1eed942073,0,0
841102444c5c6d1c,0,0
7e5aa1c84d6f58e5,0,0
a38c013335f92dc9,0,0
a0fb7896752cfa4b,0,0
79a540d5d782ddd6,0,0
3843a2ae279d0377,0,0
e27bf01fdea1d95e,0,0
52b1f93cda2941e6,0,0
0923048898b8da38,0,0
fdb442919bdeb0ca,0,0
461903666af25b92,0,0
41f7f12ceb58f497,0,0
f24a81aaaf05bbad,0,0
7086445d4f3a07ee,0,0
c5f7e03fbc43b3bd,0,0
a462f379b45382cc,0,0
134608103171b571,0,0
fb69852237bd6195,0,0
8d3206ccd4e4b724,0,0
83eee359d6b1e82f,0,0
e59502555f0b765b,0,0
e10c89ba9e740edc,0,0
8befc17f7887667b,0,0
48c5e6f368a70499,0,0
278c102062e26ae3,0,0
f6d30a456e7ac32a,0,0
1a650c98a9c96f49,0,0
06ddc7b3ac63d15f,0,0
cb2b05aabe16ecb6,0,0
c21912753de91cb8,0,0
17df83fff00ecdf6,0,0
918acde7d14e0932,0,0
4e182140c4c4d5c6,0,0
eca7158adcf48655,0,0
34ca18305393df92,0,0
0dba8f6759c7a2bf,0,0
97570a547d2dd86d,0,0
853324ea7ad23970,0,0
2ebe07ffe11d9aed,0,0
23159bcfa39d1264,0,0
9c3042808889ab8d,0,0
d94f2b14b9e90dab,0,0
69943160a626bf25,0,0
1a741fcfb28e457f,0,0
2eaf14a8fa5ab0db,0,0
0b6748d4f5a473e0,0,0
5c7c0ffec33b34db,0,0
472a369f473b25c8,0,0
396184001113571b,0,0
b29f562872d31b56,0,0
d22863c04c4d7e4b,0,0
35e83e9e651d8bfe,0,0
5d5e2950f5b560b7,0,0
17ce90a8eb49e7c0,0,0
b9f81efc877768b6,0,0
8e546c3e8f764a90,0,0
72c208012226ae36,0,0
643fad50e4a637ac,0,0
a551c680999afc96,0,0
6bd07d3ccb3a16fd,0,0
bbbc52a0ea6bc16e,0,0
2f9c2151d793ce81,0,0
73f13df80fefd06c,0,0
1ca9d87c1eed9420,0,0
e5841102444c5c6d,0,0
c97e5aa1c84d6f58,0,0
4ba38c013335f92d,0,0
d6a0fb7896752cfa,0,0
7779a540d5d782dd,0,0
5e3843a2ae279d03,0,0
e6e27bf01fdea1d9,0,0
3852b1f93cda2941,0,0
ca0923048898b8da,0,0
92fdb442919bdeb0,0,0
97461903666af25b,0,0
73e02eaf14a8fa5a,0,0
34db0b6748d4f5a4,0,0
25c85c7c0ffec33b,0,0
571b472a369f473b,0,0
1b56396184001113,0,0
7e4bb29f562872d3,0,0
8bfed22863c04c4d,0,0
60b735e83e9e651d,0,0
e7c05d5e2950f5b5,0,0
68b617ce90a8eb49,0,0
4a90b9f81efc8777,1,0
0000d3b105944b51,0,1
94050045abebed1f,0,0
e28611400040f099,0,0
0100420a0200420a,0,0
01eb80058913bfac,0,0
99e1000046525051,0,0
3dd3c39337060000,0,0
3a16fda551c68099,0,0
6bc16e6bd07d3ccb,0,0
93ce81bbbc52a0ea,0,0
efd06c2f9c2151d7,0,0
ed942073f13df80f,0,0
4c5c6d1ca9d87c1e,0,0
4d6f58e584110244,0,0
35f92dc97e5aa1c8,0,0
752cfa4ba38c0133,0,0
d782ddd6a0fb7896,0,0
279d037779a540d5,0,0
dea1d95e3843a2ae,0,0
da2941e6e27bf01f,0,0
98b8da3852b1f93c,0,0
9bdeb0ca09230488,0,0
6af25b92fdb44291,0,0
eb58f49746190366,0,0
af05bbad41f7f12c,0,0
4f3a07eef24a81aa,0,0
bc43b3bd7086445d,0,0
b45382ccc5f7e03f,0,0
3171b571a462f379,0,0
37bd619513460810,0,0
d4e4b724fb698522,0,0
d6b1e82f8d3206cc,0,0
5f0b765b83eee359,0,0
9e740edce5950255,0,0
7887667be10c89ba,0,0
68a704998befc17f,0,0
62e26ae348c5e6f3,0,0
6e7ac32a278c1020,0,0
a9c96f49f6d30a45,0,0
ac63d15f1a650c98,0,0
be16ecb606ddc7b3,0,0
3de91cb8cb2b05aa,0,0
f00ecdf6c2191275,0,0
d14e093217df83ff,0,0
c4c4d5c6918acde7,0,0
dcf486554e182140,0,0
5393df92eca7158a,0,0
59c7a2bf34ca1830,0,0
7d2dd86d0dba8f67,0,0
7ad2397097570a54,0,0
e11d9aed853324ea,0,0
a39d12642ebe07ff,0,0
8889ab8d23159bcf,0,0
b9e90dab9c304280,0,0
a626bf25d94f2b14,0,0
b28e457f69943160,0,0
fa5ab0db1a741fcf,0,0
f5a473e02eaf14a8,0,0
c33b34db0b6748d4,0,0
473b25c85c7c0ffe,0,0
1113571b472a369f,0,0
72d31b5639618400,0,0
4c4d7e4bb29f5628,0,0
651d8bfed22863c0,0,0
f5b560b735e83e9e,0,0
eb49e7c05d5e2950,0,0
877768b617ce90a8,0,0
8f764a90b9f81efc,0,0
2226ae368e546c3e,0,0
e4a637ac72c20801,0,0
999afc96643fad50,0,0
cb3a16fda551c680,0,0
ea6bc16e6bd07d3c,0,0
d793ce81bbbc52a0,0,0
0fefd06c2f9c2151,0,0
1eed942073f13df8,0,0
444c5c6d1ca9d87c,0,0
c84d6f58e5841102,0,0
3335f92dc97e5aa1,0,0
96752cfa4ba38c01,0,0
d5d782ddd6a0fb78,0,0
ae279d037779a540,0,0
1fdea1d95e3843a2,0,0
3cda2941e6e27bf0,0,0
8898b8da3852b1f9,0,0
919bdeb0ca092304,0,0
666af25b92fdb442,0,0
2ceb58f497461903,0,0
aaaf05bbad41f7f1,0,0
5d4f3a07eef24a81,0,0
3fbc43b3bd708644,0,0
79b45382ccc5f7e0,0,0
103171b571a462f3,0,0
2237bd6195134608,0,0
ccd4e4b724fb6985,0,0
59d6b1e82f8d3206,0,0
555f0b765b83eee3,0,0
ba9e740edce59502,0,0
7f7887667be10c89,0,0
f368a704998befc1,0,0
2062e26ae348c5e6,0,0
456e7ac32a278c10,0,0
98a9c96f49f6d30a,0,0
b3ac63d15f1a650c,0,0
aabe16ecb606ddc7,0,0
753de91cb8cb2b05,0,0
fff00ecdf6c21912,0,0
e7d14e093217df83,0,0
40c4c4d5c6918acd,0,0
8adcf486554e1821,0,0
305393df92eca715,0,0
6759c7a2bf34ca18,0,0
547d2dd86d0dba8f,0,0
ea7ad2397097570a,0,0
ffe11d9aed853324,0,0
cfa39d12642ebe07,0,0
808889ab8d23159b,0,0
14b9e90dab9c3042,0,0
60a626bf25d94f2b,0,0
cfb28e457f699431,0,0
a8fa5ab0db1a741f,0,0
d4f5a473e02eaf14,0,0
fec33b34db0b6748,0,0
9f473b25c85c7c0f,0,0
001113571b472a36,0,0
2872d31b56396184,0,0
c04c4d7e4bb29f56,0,0
9e651d8bfed22863,0,0
50f5b560b735e83e,0,0
a8eb49e7c05d5e29,0,0
fc877768b617ce90,0,0
3e8f764a90b9f81e,0,0
012226ae368e546c,0,0
50e4a637ac72c208,0,0
80999afc96643fad,0,0
3ccb3a16fda551c6,0,0
a0ea6bc16e6bd07d,0,0
51d793ce81bbbc52,0,0
f80fefd06c2f9c21,0,0
7c1eed942073f13d,0,0
02444c5c6d1ca9d8,0,0
a1c84d6f58e58411,0,0
013335f92dc97e5a,0,0
7896752cfa4ba38c,0,0
40d5d782ddd6a0fb,0,0
a2ae279d037779a5,0,0
f01fdea1d95e3843,0,0
f93cda2941e6e27b,0,0
048898b8da3852b1,0,0
42919bdeb0ca0923,0,0
03666af25b92fdb4,0,0
f12ceb58f4974619,0,0
81aaaf05bbad41f7,0,0
445d4f3a07eef24a,0,0
e03fbc43b3bd7086,0,0
f379b45382ccc5f7,0,0
08103171b571a462,0,0
852237bd61951346,0,0
06ccd4e4b724fb69,0,0
e359d6b1e82f8d32,0,0
02555f0b765b83ee,0,0
89ba9e740edce595,0,0
c17f7887667be10c,0,0
e6f368a704998bef,0,0
102062e26ae348c5,0,0
0a456e7ac32a278c,0,0
0c98a9c96f49f6d3,0,0
c7b3ac63d15f1a65,0,0
05aabe16ecb606dd,0,0
12753de91cb8cb2b,0,0
83fff00ecdf6c219,0,0
cde7d14e093217df,0,0
2140c4c4d5c6918a,0,0
158adcf486554e18,0,0
18305393df92eca7,0,0
8f6759c7a2bf34ca,0,0
0a547d2dd86d0dba,0,0
24ea7ad239709757,0,0
07ffe11d9aed8533,0,0
9bcfa39d12642ebe,0,0
23048898b8da3852,0,0
b442919bdeb0ca09,0,0
1903666af25b92fd,0,0
f7f12ceb58f49746,0,0
4a81aaaf05bbad41,0,0
86445d4f3a07eef2,0,0
f7e03fbc43b3bd70,0,0
62f379b45382ccc5,0,0
4608103171b571a4,0,0
69852237bd619513,0,0
3206ccd4e4b724fb,1,0
0000d3b205944b51,0,1
940500453c5dda44,0,0
e18611400040f199,0,0
0100420a0200420a,0,0
853580058913bfac,0,0
9ae1000046525051,0,0
4831cf9337060000,0,0
5f0b765b83eee359,0,0
9e740edce5950255,0,0
7887667be10c89ba,0,0
68a704998befc17f,0,0
62e26ae348c5e6f3,0,0
6e7ac32a278c1020,0,0
a9c96f49f6d30a45,0,0
ac63d15f1a650c98,0,0
be16ecb606ddc7b3,0,0
3de91cb8cb2b05aa,0,0
f00ecdf6c2191275,0,0
d14e093217df83ff,0,0
c4c4d5c6918acde7,0,0
dcf486554e182140,0,0
5393df92eca7158a,0,0
59c7a2bf34ca1830,0,0
7d2dd86d0dba8f67,0,0
7ad2397097570a54,0,0
e11d9aed853324ea,0,0
a39d12642ebe07ff,0,0
8889ab8d23159bcf,0,0
b9e90dab9c304280,0,0
a626bf25d94f2b14,0,0
b28e457f69943160,0,0
fa5ab0db1a741fcf,0,0
f5a473e02eaf14a8,0,0
c33b34db0b6748d4,0,0
473b25c85c7c0ffe,0,0
1113571b472a369f,0,0
72d31b5639618400,0,0
4c4d7e4bb29f5628,0,0
651d8bfed22863c0,0,0
f5b560b735e83e9e,0,0
eb49e7c05d5e2950,0,0
877768b617ce90a8,0,0
8f764a90b9f81efc,0,0
2226ae368e546c3e,0,0
e4a637ac72c20801,0,0
999afc96643fad50,0,0
cb3a16fda551c680,0,0
ea6bc16e6bd07d3c,0,0
d793ce81bbbc52a0,0,0
0fefd06c2f9c2151,0,0
1eed942073f13df8,0,0
444c5c6d1ca9d87c,0,0
c84d6f58e5841102,0,0
3335f92dc97e5aa1,0,0
96752cfa4ba38c01,0,0
d5d782ddd6a0fb78,0,0
ae279d037779a540,0,0
1fdea1d95e3843a2,0,0
3cda2941e6e27bf0,0,0
8898b8da3852b1f9,0,0
919bdeb0ca092304,0,0
666af25b92fdb442,0,0
2ceb58f497461903,0,0
aaaf05bbad41f7f1,0,0
5d4f3a07eef24a81,0,0
3fbc43b3bd708644,0,0
79b45382ccc5f7e0,0,0
103171b571a462f3,0,0
2237bd6195134608,0,0
ccd4e4b724fb6985,0,0
59d6b1e82f8d3206,0,0
555f0b765b83eee3,0,0
ba9e740edce59502,0,0
7f7887667be10c89,0,0
f368a704998befc1,0,0
2062e26ae348c5e6,0,0
456e7ac32a278c10,0,0
98a9c96f49f6d30a,0,0
b3ac63d15f1a650c,0,0
aabe16ecb606ddc7,0,0
753de91cb8cb2b05,0,0
fff00ecdf6c21912,0,0
e7d14e093217df83,0,0
40c4c4d5c6918acd,0,0
8adcf486554e1821,0,0
305393df92eca715,0,0
6759c7a2bf34ca18,0,0
547d2dd86d0dba8f,0,0
ea7ad2397097570a,0,0
ffe11d9aed853324,0,0
cfa39d12642ebe07,0,0
808889ab8d23159b,0,0
14b9e90dab9c3042,0,0
60a626bf25d94f2b,0,0
cfb28e457f699431,0,0
a8fa5ab0db1a741f,0,0
d4f5a473e02eaf14,0,0
fec33b34db0b6748,0,0
9f473b25c85c7c0f,0,0
001113571b472a36,0,0
2872d31b56396184,0,0
c04c4d7e4bb29f56,0,0
9e651d8bfed22863,0,0
50f5b560b735e83e,0,0
a8eb49e7c05d5e29,0,0
fc877768b617ce90,0,0
3e8f764a90b9f81e,0,0
012226ae368e546c,0,0
50e4a637ac72c208,0,0
80999afc96643fad,0,0
3ccb3a16fda551c6,0,0
a0ea6bc16e6bd07d,0,0
51d793ce81bbbc52,0,0
f80fefd06c2f9c21,0,0
7c1eed942073f13d,0,0
02444c5c6d1ca9d8,0,0
a1c84d6f58e58411,0,0
013335f92dc97e5a,0,0
7896752cfa4ba38c,0,0
40d5d782ddd6a0fb,0,0
a2ae279d037779a5,0,0
f01fdea1d95e3843,0,0
f93cda2941e6e27b,0,0
048898b8da3852b1,0,0
42919bdeb0ca0923,0,0
03666af25b92fdb4,0,0
f12ceb58f4974619,0,0
81aaaf05bbad41f7,0,0
445d4f3a07eef24a,0,0
e03fbc43b3bd7086,0,0
f379b45382ccc5f7,0,0
08103171b571a462,0,0
852237bd61951346,0,0
06ccd4e4b724fb69,0,0
e359d6b1e82f8d32,0,0
02555f0b765b83ee,0,0
89ba9e740edce595,0,0
c17f7887667be10c,0,0
e6f368a704998bef,0,0
102062e26ae348c5,0,0
0a456e7ac32a278c,0,0
0c98a9c96f49f6d3,0,0
c7b3ac63d15f1a65,0,0
05aabe16ecb606dd,0,0
12753de91cb8cb2b,0,0
83fff00ecdf6c219,0,0
cde7d14e093217df,0,0
2140c4c4d5c6918a,0,0
158adcf486554e18,0,0
18305393df92eca7,0,0
8f6759c7a2bf34ca,0,0
0a547d2dd86d0dba,0,0
24ea7ad239709757,0,0
07ffe11d9aed8533,0,0
9bcfa39d12642ebe,0,0
42808889ab8d2315,0,0
2b14b9e90dab9c30,0,0
3160a626bf25d94f,0,0
1fcfb28e457f6994,0,0
14a8fa5ab0db1a74,0,0
48d4f5a473e02eaf,0,0
0ffec33b34db0b67,0,0
369f473b25c85c7c,0,0
84001113571b472a,0,0
562872d31b563961,0,0
63c04c4d7e4bb29f,0,0
3e9e651d8bfed228,0,0
2950f5b560b735e8,0,0
90a8eb49e7c05d5e,0,0
1efc877768b617ce,0,0
6c3e8f764a90b9f8,0,0
08012226ae368e54,0,0
ad50e4a637ac72c2,0,0
c680999afc96643f,0,0
7d3ccb3a16fda551,0,0
52a0ea6bc16e6bd0,0,0
2151d793ce81bbbc,0,0
3df80fefd06c2f9c,0,0
d87c1eed942073f1,0,0
1102444c5c6d1ca9,0,0
d22863c04c4d7e4b,0,0
35e83e9e651d8bfe,0,0
5d5e2950f5b560b7,0,0
17ce90a8eb49e7c0,0,0
b9f81efc877768b6,0,0
8e546c3e8f764a90,0,0
72c208012226ae36,0,0
643fad50e4a637ac,0,0
a551c680999afc96,0,0
6bd07d3ccb3a16fd,0,0
bbbc52a0ea6bc16e,1,0
0000d3b305944b51,0,1
94050045366612a2,0,0
e08611400040f299,0,0
0100420a0200420a,0,0
1c1880058913bfac,0,0
9be1000046525051,0,0
f294da9337060000,0,0
e6e27bf01fdea1d9,0,0
3852b1f93cda2941,0,0
ca0923048898b8da,0,0
92fdb442919bdeb0,0,0
97461903666af25b,0,0
ad41f7f12ceb58f4,0,0
eef24a81aaaf05bb,0,0
bd7086445d4f3a07,0,0
ccc5f7e03fbc43b3,0,0
71a462f379b45382,0,0
95134608103171b5,0,0
24fb69852237bd61,0,0
2f8d3206ccd4e4b7,0,0
5b83eee359d6b1e8,0,0
dce59502555f0b76,0,0
7be10c89ba9e740e,0,0
998befc17f788766,0,0
e348c5e6f368a704,0,0
2a278c102062e26a,0,0
49f6d30a456e7ac3,0,0
5f1a650c98a9c96f,0,0
b606ddc7b3ac63d1,0,0
b8cb2b05aabe16ec,0,0
f6c21912753de91c,0,0
3217df83fff00ecd,0,0
c6918acde7d14e09,0,0
554e182140c4c4d5,0,0
92eca7158adcf486,0,0
bf34ca18305393df,0,0
6d0dba8f6759c7a2,0,0
7097570a547d2dd8,0,0
ed853324ea7ad239,0,0
642ebe07ffe11d9a,0,0
8d23159bcfa39d12,0,0
ab9c3042808889ab,0,0
25d94f2b14b9e90d,0,0
7f69943160a626bf,0,0
db1a741fcfb28e45,0,0
e02eaf14a8fa5ab0,0,0
db0b6748d4f5a473,0,0
c85c7c0ffec33b34,0,0
1b472a369f473b25,0,0
5639618400111357,0,0
4bb29f562872d31b,0,0
fed22863c04c4d7e,0,0
b735e83e9e651d8b,0,0
c05d5e2950f5b560,0,0
b617ce90a8eb49e7,0,0
90b9f81efc877768,0,0
368e546c3e8f764a,0,0
ac72c208012226ae,0,0
96643fad50e4a637,0,0
fda551c680999afc,0,0
6e6bd07d3ccb3a16,0,0
81bbbc52a0ea6bc1,0,0
6c2f9c2151d793ce,0,0
2073f13df80fefd0,0,0
6d1ca9d87c1eed94,0,0
58e5841102444c5c,0,0
2dc97e5aa1c84d6f,0,0
fa4ba38c013335f9,0,0
ddd6a0fb7896752c,0,0
037779a540d5d782,0,0
d95e3843a2ae279d,0,0
41e6e27bf01fdea1,0,0
da3852b1f93cda29,0,0
b0ca0923048898b8,0,0
5b92fdb442919bde,0,0
f497461903666af2,0,0
bbad41f7f12ceb58,0,0
07eef24a81aaaf05,0,0
b3bd7086445d4f3a,0,0
82ccc5f7e03fbc43,0,0
b571a462f379b453,0,0
6195134608103171,0,0
b724fb69852237bd,0,0
e82f8d3206ccd4e4,0,0
765b83eee359d6b1,0,0
0edce59502555f0b,0,0
667be10c89ba9e74,0,0
04998befc17f7887,0,0
6ae348c5e6f368a7,0,0
c32a278c102062e2,0,0
6f49f6d30a456e7a,0,0
d15f1a650c98a9c9,0,0
ecb606ddc7b3ac63,0,0
1cb8cb2b05aabe16,0,0
cdf6c21912753de9,0,0
093217df83fff00e,0,0
d5c6918acde7d14e,0,0
86554e182140c4c4,0,0
df92eca7158adcf4,0,0
a2bf34ca18305393,0,0
d86d0dba8f6759c7,0,0
397097570a547d2d,0,0
9aed853324ea7ad2,0,0
12642ebe07ffe11d,0,0
ab8d23159bcfa39d,0,0
0dab9c3042808889,0,0
bf25d94f2b14b9e9,0,0
457f69943160a626,0,0
b0db1a741fcfb28e,0,0
73e02eaf14a8fa5a,0,0
34db0b6748d4f5a4,0,0
25c85c7c0ffec33b,0,0
571b472a369f473b,0,0
1b56396184001113,0,0
7e4bb29f562872d3,0,0
8bfed22863c04c4d,0,0
60b735e83e9e651d,0,0
e7c05d5e2950f5b5,0,0
68b617ce90a8eb49,0,0
4a90b9f81efc8777,0,0
ae368e546c3e8f76,0,0
37ac72c208012226,0,0
fc96643fad50e4a6,0,0
16fda551c680999a,0,0
c16e6bd07d3ccb3a,0,0
ce81bbbc52a0ea6b,0,0
d06c2f9c2151d793,0,0
942073f13df80fef,0,0
5c6d1ca9d87c1eed,0,0
6f58e5841102444c,0,0
f92dc97e5aa1c84d,0,0
2cfa4ba38c013335,0,0
82ddd6a0fb789675,0,0
9d037779a540d5d7,0,0
a1d95e3843a2ae27,0,0
2941e6e27bf01fde,0,0
b8da3852b1f93cda,0,0
deb0ca0923048898,0,0
f25b92fdb442919b,0,0
58f497461903666a,0,0
05bbad41f7f12ceb,0,0
3a07eef24a81aaaf,0,0
43b3bd7086445d4f,0,0
5382ccc5f7e03fbc,0,0
71b571a462f379b4,0,0
bd61951346081031,0,0
e4b724fb69852237,0,0
b1e82f8d3206ccd4,0,0
0b765b83eee359d6,0,0
740edce59502555f,0,0
87667be10c89ba9e,0,0
a704998befc17f78,0,0
e26ae348c5e6f368,0,0
7ac32a278c102062,0,0
c96f49f6d30a456e,0,0
63d15f1a650c98a9,0,0
16ecb606ddc7b3ac,0,0
e91cb8cb2b05aabe,0,0
0ecdf6c21912753d,0,0
4e093217df83fff0,0,0
c4d5c6918acde7d1,0,0
f486554e182140c4,0,0
93df92eca7158adc,0,0
c7a2bf34ca183053,0,0
2dd86d0dba8f6759,0,0
d2397097570a547d,0,0
1d9aed853324ea7a,0,0
9d12642ebe07ffe1,0,0
89ab8d23159bcfa3,0,0
e90dab9c30428088,0,0
26bf25d94f2b14b9,0,0
8e457f69943160a6,0,0
5ab0db1a741fcfb2,0,0
a473e02eaf14a8fa,0,0
3b34db0b6748d4f5,0,0
3b25c85c7c0ffec3,0,0
13571b472a369f47,0,0
d31b563961840011,0,0
4d7e4bb29f562872,0,0
1d8bfed22863c04c,0,0
82ccc5f7e03fbc43,0,0
b571a462f379b453,0,0
6195134608103171,0,0
b724fb69852237bd,0,0
e82f8d3206ccd4e4,0,0
765b83eee359d6b1,0,0
0edce59502555f0b,0,0
667be10c89ba9e74,0,0
04998befc17f7887,0,0
6ae348c5e6f368a7,0,0
c32a278c102062e2,1,0
0000d3b405944b51,0,1
94050045b367e544,0,0
df8611400040f399,0,0
0100420a0200420a,0,0
ae4a80058913bfac,0,0
9ce1000046525051,0,0
d7fae59337060000,0,0
ed853324ea7ad239,0,0
642ebe07ffe11d9a,0,0
8d23159bcfa39d12,0,0
ab9c3042808889ab,0,0
25d94f2b14b9e90d,0,0
7f69943160a626bf,0,0
db1a741fcfb28e45,0,0
e02eaf14a8fa5ab0,0,0
db0b6748d4f5a473,0,0
c85c7c0ffec33b34,0,0
1b472a369f473b25,0,0
5639618400111357,0,0
4bb29f562872d31b,0,0
fed22863c04c4d7e,0,0
b735e83e9e651d8b,0,0
c05d5e2950f5b560,0,0
b617ce90a8eb49e7,0,0
90b9f81efc877768,0,0
368e546c3e8f764a,0,0
ac72c208012226ae,0,0
96643fad50e4a637,0,0
fda551c680999afc,0,0
6e6bd07d3ccb3a16,0,0
81bbbc52a0ea6bc1,0,0
6c2f9c2151d793ce,0,0
2073f13df80fefd0,0,0
6d1ca9d87c1eed94,0,0
58e5841102444c5c,0,0
2dc97e5aa1c84d6f,0,0
fa4ba38c013335f9,0,0
ddd6a0fb7896752c,0,0
037779a540d5d782,0,0
d95e3843a2ae279d,0,0
41e6e27bf01fdea1,0,0
da3852b1f93cda29,0,0
b0ca0923048898b8,0,0
5b92fdb442919bde,0,0
f497461903666af2,0,0
bbad41f7f12ceb58,0,0
07eef24a81aaaf05,0,0
b3bd7086445d4f3a,0,0
82ccc5f7e03fbc43,0,0
b571a462f379b453,0,0
6195134608103171,0,0
b724fb69852237bd,0,0
e82f8d3206ccd4e4,0,0
765b83eee359d6b1,0,0
0edce59502555f0b,0,0
667be10c89ba9e74,0,0
04998befc17f7887,0,0
6ae348c5e6f368a7,0,0
c32a278c102062e2,0,0
6f49f6d30a456e7a,0,0
d15f1a650c98a9c9,0,0
ecb606ddc7b3ac63,0,0
1cb8cb2b05aabe16,0,0
cdf6c21912753de9,0,0
093217df83fff00e,0,0
d5c6918acde7d14e,0,0
86554e182140c4c4,0,0
df92eca7158adcf4,0,0
a2bf34ca18305393,0,0
d86d0dba8f6759c7,0,0
397097570a547d2d,0,0
9aed853324ea7ad2,0,0
12642ebe07ffe11d,0,0
ab8d23159bcfa39d,0,0
0dab9c3042808889,0,0
bf25d94f2b14b9e9,0,0
457f69943160a626,0,0
b0db1a741fcfb28e,0,0
73e02eaf14a8fa5a,0,0
34db0b6748d4f5a4,0,0
25c85c7c0ffec33b,0,0
571b472a369f473b,0,0
1b56396184001113,0,0
7e4bb29f562872d3,0,0
8bfed22863c04c4d,0,0
60b735e83e9e651d,0,0
e7c05d5e2950f5b5,0,0
68b617ce90a8eb49,0,0
4a90b9f81efc8777,0,0
ae368e546c3e8f76,0,0
37ac72c208012226,0,0
fc96643fad50e4a6,0,0
16fda551c680999a,0,0
c16e6bd07d3ccb3a,0,0
ce81bbbc52a0ea6b,0,0
d06c2f9c2151d793,0,0
942073f13df80fef,0,0
5c6d1ca9d87c1eed,0,0
6f58e5841102444c,0,0
f92dc97e5aa1c84d,0,0
2cfa4ba38c013335,0,0
82ddd6a0fb789675,0,0
9d037779a540d5d7,0,0
a1d95e3843a2ae27,0,0
2941e6e27bf01fde,0,0
b8da3852b1f93cda,0,0
deb0ca0923048898,0,0
f25b92fdb442919b,0,0
58f497461903666a,0,0
05bbad41f7f12ceb,0,0
3a07eef24a81aaaf,0,0
43b3bd7086445d4f,0,0
5382ccc5f7e03fbc,0,0
71b571a462f379b4,0,0
bd61951346081031,0,0
e4b724fb69852237,0,0
b1e82f8d3206ccd4,0,0
0b765b83eee359d6,0,0
740edce59502555f,0,0
87667be10c89ba9e,0,0
a704998befc17f78,0,0
e26ae348c5e6f368,0,0
7ac32a278c102062,0,0
c96f49f6d30a456e,0,0
63d15f1a650c98a9,0,0
16ecb606ddc7b3ac,0,0
e91cb8cb2b05aabe,0,0
0ecdf6c21912753d,0,0
4e093217df83fff0,0,0
c4d5c6918acde7d1,0,0
f486554e182140c4,0,0
93df92eca7158adc,0,0
c7a2bf34ca183053,0,0
2dd86d0dba8f6759,0,0
d2397097570a547d,0,0
1d9aed853324ea7a,0,0
9d12642ebe07ffe1,0,0
89ab8d23159bcfa3,0,0
e90dab9c30428088,0,0
26bf25d94f2b14b9,0,0
8e457f69943160a6,0,0
5ab0db1a741fcfb2,0,0
a473e02eaf14a8fa,0,0
3b34db0b6748d4f5,0,0
3b25c85c7c0ffec3,0,0
13571b472a369f47,0,0
d31b563961840011,0,0
4d7e4bb29f562872,0,0
1d8bfed22863c04c,0,0
b560b735e83e9e65,0,0
49e7c05d5e2950f5,0,0
7768b617ce90a8eb,0,0
764a90b9f81efc87,0,0
26ae368e546c3e8f,0,0
a637ac72c2080122,0,0
9afc96643fad50e4,0,0
3a16fda551c68099,0,0
6bc16e6bd07d3ccb,0,0
93ce81bbbc52a0ea,0,0
efd06c2f9c2151d7,0,0
ed942073f13df80f,0,0
4c5c6d1ca9d87c1e,0,0
4d6f58e584110244,0,0
35f92dc97e5aa1c8,0,0
752cfa4ba38c0133,0,0
d782ddd6a0fb7896,0,0
279d037779a540d5,0,0
dea1d95e3843a2ae,0,0
da2941e6e27bf01f,0,0
98b8da3852b1f93c,0,0
9bdeb0ca09230488,0,0
6af25b92fdb44291,0,0
eb58f49746190366,0,0
af05bbad41f7f12c,0,0
4f3a07eef24a81aa,0,0
bc43b3bd7086445d,0,0
b45382ccc5f7e03f,0,0
3171b571a462f379,0,0
37bd619513460810,0,0
d4e4b724fb698522,0,0
3171b571a462f379,0,0
37bd619513460810,0,0
d4e4b724fb698522,0,0
d6b1e82f8d3206cc,0,0
5f0b765b83eee359,0,0
9e740edce5950255,0,0
7887667be10c89ba,0,0
68a704998befc17f,0,0
62e26ae348c5e6f3,0,0
6e7ac32a278c1020,0,0
a9c96f49f6d30a45,1,0
0000d3b505944b51,0,1
94050045b6c40c1b,0,0
de8611400040f499,0,0
0100420a0200420a,0,0
982f80058913bfac,0,0
9de1000046525051,0,0
285ef19337060000,0,0
546c3e8f764a90b9,0,0
c208012226ae368e,0,0
3fad50e4a637ac72,0,0
51c680999afc9664,0,0
d07d3ccb3a16fda5,0,0
bc52a0ea6bc16e6b,0,0
9c2151d793ce81bb,0,0
f13df80fefd06c2f,0,0
a9d87c1eed942073,0,0
841102444c5c6d1c,0,0
7e5aa1c84d6f58e5,0,0
a38c013335f92dc9,0,0
a0fb7896752cfa4b,0,0
79a540d5d782ddd6,0,0
3843a2ae279d0377,0,0
e27bf01fdea1d95e,0,0
52b1f93cda2941e6,0,0
0923048898b8da38,0,0
fdb442919bdeb0ca,0,0
461903666af25b92,0,0
41f7f12ceb58f497,0,0
f24a81aaaf05bbad,0,0
7086445d4f3a07ee,0,0
c5f7e03fbc43b3bd,0,0
a462f379b45382cc,0,0
134608103171b571,0,0
fb69852237bd6195,0,0
8d3206ccd4e4b724,0,0
83eee359d6b1e82f,0,0
e59502555f0b765b,0,0
e10c89ba9e740edc,0,0
8befc17f7887667b,0,0
48c5e6f368a70499,0,0
278c102062e26ae3,0,0
f6d30a456e7ac32a,0,0
1a650c98a9c96f49,0,0
06ddc7b3ac63d15f,0,0
cb2b05aabe16ecb6,0,0
c21912753de91cb8,0,0
17df83fff00ecdf6,0,0
918acde7d14e0932,0,0
4e182140c4c4d5c6,0,0
eca7158adcf48655,0,0
34ca18305393df92,0,0
0dba8f6759c7a2bf,0,0
97570a547d2dd86d,0,0
853324ea7ad23970,0,0
2ebe07ffe11d9aed,0,0
23159bcfa39d1264,0,0
9c3042808889ab8d,0,0
d94f2b14b9e90dab,0,0
69943160a626bf25,0,0
1a741fcfb28e457f,0,0
2eaf14a8fa5ab0db,0,0
0b6748d4f5a473e0,0,0
5c7c0ffec33b34db,0,0
472a369f473b25c8,0,0
396184001113571b,0,0
b29f562872d31b56,0,0
d22863c04c4d7e4b,0,0
35e83e9e651d8bfe,0,0
5d5e2950f5b560b7,0,0
17ce90a8eb49e7c0,0,0
b9f81efc877768b6,0,0
8e546c3e8f764a90,0,0
72c208012226ae36,0,0
643fad50e4a637ac,0,0
a551c680999afc96,0,0
6bd07d3ccb3a16fd,0,0
bbbc52a0ea6bc16e,0,0
2f9c2151d793ce81,0,0
73f13df80fefd06c,0,0
1ca9d87c1eed9420,0,0
e5841102444c5c6d,0,0
c97e5aa1c84d6f58,0,0
4ba38c013335f92d,0,0
d6a0fb7896752cfa,0,0
7779a540d5d782dd,0,0
5e3843a2ae279d03,0,0
e6e27bf01fdea1d9,0,0
3852b1f93cda2941,0,0
ca0923048898b8da,0,0
92fdb442919bdeb0,0,0
97461903666af25b,0,0
ad41f7f12ceb58f4,0,0
eef24a81aaaf05bb,0,0
bd7086445d4f3a07,0,0
ccc5f7e03fbc43b3,0,0
71a462f379b45382,0,0
95134608103171b5,0,0
24fb69852237bd61,0,0
2f8d3206ccd4e4b7,0,0
5b83eee359d6b1e8,0,0
dce59502555f0b76,0,0
7be10c89ba9e740e,0,0
998befc17f788766,0,0
e348c5e6f368a704,0,0
2a278c102062e26a,0,0
49f6d30a456e7ac3,0,0
5f1a650c98a9c96f,0,0
b606ddc7b3ac63d1,0,0
b8cb2b05aabe16ec,0,0
f6c21912753de91c,0,0
3217df83fff00ecd,0,0
c6918acde7d14e09,0,0
554e182140c4c4d5,0,0
92eca7158adcf486,0,0
bf34ca18305393df,0,0
6d0dba8f6759c7a2,0,0
7097570a547d2dd8,0,0
ed853324ea7ad239,0,0
642ebe07ffe11d9a,0,0
8d23159bcfa39d12,0,0
ab9c3042808889ab,0,0
25d94f2b14b9e90d,0,0
7f69943160a626bf,0,0
db1a741fcfb28e45,0,0
e02eaf14a8fa5ab0,0,0
db0b6748d4f5a473,0,0
c85c7c0ffec33b34,0,0
1b472a369f473b25,0,0
5639618400111357,0,0
4bb29f562872d31b,0,0
fed22863c04c4d7e,0,0
b735e83e9e651d8b,0,0
c05d5e2950f5b560,0,0
b617ce90a8eb49e7,0,0
90b9f81efc877768,0,0
368e546c3e8f764a,0,0
ac72c208012226ae,0,0
96643fad50e4a637,0,0
fda551c680999afc,0,0
6e6bd07d3ccb3a16,0,0
81bbbc52a0ea6bc1,0,0
6c2f9c2151d793ce,0,0
2073f13df80fefd0,0,0
6d1ca9d87c1eed94,0,0
58e5841102444c5c,0,0
2dc97e5aa1c84d6f,0,0
fa4ba38c013335f9,0,0
ddd6a0fb7896752c,0,0
037779a540d5d782,0,0
d95e3843a2ae279d,0,0
41e6e27bf01fdea1,0,0
da3852b1f93cda29,0,0
b0ca0923048898b8,0,0
5b92fdb442919bde,0,0
f497461903666af2,0,0
bbad41f7f12ceb58,0,0
07eef24a81aaaf05,0,0
b3bd7086445d4f3a,0,0
82ccc5f7e03fbc43,0,0
b571a462f379b453,0,0
6195134608103171,0,0
b724fb69852237bd,0,0
e82f8d3206ccd4e4,0,0
765b83eee359d6b1,0,0
0edce59502555f0b,0,0
667be10c89ba9e74,0,0
04998befc17f7887,0,0
6ae348c5e6f368a7,0,0
c32a278c102062e2,0,0
6f49f6d30a456e7a,0,0
d15f1a650c98a9c9,0,0
ecb606ddc7b3ac63,0,0
1cb8cb2b05aabe16,0,0
cdf6c21912753de9,0,0
093217df83fff00e,0,0
d5c6918acde7d14e,0,0
86554e182140c4c4,0,0
df92eca7158adcf4,0,0
a2bf34ca18305393,0,0
d86d0dba8f6759c7,0,0
6195134608103171,0,0
b724fb69852237bd,0,0
e82f8d3206ccd4e4,0,0
765b83eee359d6b1,0,0
0edce59502555f0b,0,0
667be10c89ba9e74,0,0
04998befc17f7887,0,0
6ae348c5e6f368a7,0,0
c32a278c102062e2,0,0
6f49f6d30a456e7a,0,0
d15f1a650c98a9c9,1,0
