    260   4113
     37   4369
     64   4369
    360   4370
    268   4370
     44   4626
     72   4626
    352   4627
    261   4627
     36   4883
     65   4883
    377   4884
    284   4884
     60   5140
     88   5140
    360   5141
    269   5141
     45   5397
     73   5397
    353   5398
    261   5398
     36   5654
     65   5654
    377   5655
    284   5655
     60   5911
     88   5911
    368   5912
    277   5912
     53   6168
     81   6168
    361   6169
    268   6169
     45   6425
     72   6425
    360   6426
    269   6426
     44   6682
     73   6682
    361   6683
    269   6683
     44   6939
     73   6939
    377   6940
    285   6940
     60   7196
     89   7196
    361   7197
    269   7197
     45   7453
     73   7453
    353   7454
    261   7454
     36   7710
     65   7710
    361   7711
    268   7711
     44   7967
     72   7967
    112   7936
