# outframe clk nwords cksum16 cfc_est sw stale rep
0 453214 191 0 -1985 0 0 0
1 650542 191 60744 -1997 0 0 0
2 847870 191 60502 -2029 0 0 0
3 1045198 191 59023 -2037 3 3 0
4 1242526 191 62758 -2009 0 0 0
5 1439854 191 60458 -2014 0 0 0
6 1637182 191 62291 -2036 0 0 0
7 1834510 191 62542 -2022 0 0 0
8 2031838 191 60491 -1989 0 0 0
9 2229166 191 61311 -2026 0 0 0
10 2426494 191 60136 -2057 0 0 0
11 2623822 191 58777 -2055 3 3 0
12 2821150 191 61614 -1968 0 0 0
13 3018478 191 60366 -2015 0 0 0
14 3215806 191 60744 -2041 0 0 0
15 3413134 191 61614 -2032 0 0 0
16 3610462 191 61338 -2063 0 0 0
17 3807790 191 61938 -2052 0 0 0
18 4005118 191 61564 -2021 0 0 0
19 4202446 191 61375 -2070 0 0 0
20 4399774 191 61937 -2064 0 0 0
21 4597102 191 61687 -2062 0 0 0
22 4794430 191 60513 -2055 0 0 0
23 4991758 191 63461 -2039 0 0 0
24 5189086 191 60850 -1999 0 0 0
25 5386414 191 61466 -2050 0 0 0
26 5583742 191 61704 -2054 0 0 0
27 5781070 191 62493 -2024 0 0 0
28 5978398 191 61059 -2068 0 0 0
29 6175726 191 61292 -2073 0 0 0
30 6373054 191 60538 -2030 0 0 0
31 6570382 191 60275 -2011 0 0 0
32 6767710 191 61348 -2042 0 0 0
33 6965038 191 61075 -2028 0 0 0
34 7162366 191 61651 -2021 0 0 0
35 7359694 191 63089 -2052 3 3 0
36 7557022 191 61535 -2059 0 0 0
37 7754350 191 59666 -2089 0 0 0
38 7951678 191 60970 -2032 0 0 0
39 8149006 191 61077 -2057 0 0 0
40 8346334 191 60924 -2054 0 0 0
41 8543662 191 61595 -2031 0 0 0
42 8740990 191 62715 -2028 0 0 0
43 8938318 191 61321 -2023 0 0 0
44 9135646 191 61015 -2083 0 0 0
45 9332974 191 61884 -2037 0 0 0
46 9530302 191 61895 -2009 0 0 0
47 9727630 191 62729 -2048 0 0 0
48 9924958 191 61745 -2068 0 0 0
49 10122286 191 62424 -2054 0 0 0
50 10319614 191 60065 -2028 0 0 0
51 10516942 191 60449 -2052 0 0 0
52 10714270 191 61488 -2023 0 0 0
53 10911598 191 59694 -2062 0 0 0
54 11108926 191 61267 -2076 0 0 0
55 11306254 191 61943 -2071 0 0 0
56 11503582 191 60045 -2011 0 0 0
57 11700910 191 62854 -2032 0 0 0
58 11898238 191 59699 -2024 0 0 0
59 12095566 191 61305 -2056 0 0 0
60 12292894 191 61182 -2058 0 0 0
61 12490222 191 61099 -2044 0 0 0
62 12687550 191 60992 -2040 0 0 0
63 12884878 191 60057 -2079 0 0 0
64 13082206 191 61259 -2034 0 0 0
65 13279534 191 59987 -2026 0 0 0
66 13476862 191 60813 -2026 0 0 0
67 13674190 191 61302 -2057 0 0 0
68 13871518 191 62455 -2035 0 0 0
69 14068846 191 60164 -2051 0 0 0
70 14266174 191 60684 -2036 0 0 0
71 14463502 191 59437 -2046 0 0 0
72 14660830 191 61809 -2042 0 0 0
73 14858158 191 61162 -2024 0 0 0
74 15055486 191 61551 -2042 0 0 0
75 15252814 191 61346 -2040 0 0 0
76 15450142 191 60726 -2075 3 3 0
77 15647470 191 60774 -2023 0 0 0
78 15844798 191 61672 -2063 0 0 0
79 16042126 191 59700 -2028 0 0 0
80 16239454 191 62731 -2065 0 0 0
81 16436782 191 63230 -2026 0 0 0
82 16634110 191 61945 -2052 0 0 0
83 16831438 191 60135 -2050 0 0 0
84 17028766 191 60962 -2038 0 0 0
85 17226094 191 62250 -2039 0 0 0
86 17423422 191 62260 -2057 0 0 0
87 17620750 191 61508 -2057 0 0 0
88 17818078 191 61234 -2069 0 0 0
89 18015406 191 60952 -2051 0 0 0
90 18212734 191 63114 -2051 0 0 0
91 18410062 191 62139 -2049 0 0 0
92 18607390 191 60902 -2084 0 0 0
93 18804718 191 60969 -2037 0 0 0
94 19002046 191 61499 -2041 0 0 0
95 19199374 191 61038 -2037 0 0 0
96 19396702 191 62070 -2055 0 0 0
97 19594030 191 63100 -2036 0 0 0
98 19791358 191 61300 -2016 0 0 0
99 19988686 191 61060 -2041 0 0 0
100 20186014 191 59814 -2069 0 0 0
101 20383342 191 61612 -2022 0 0 0
102 20580670 191 61010 -2053 0 0 0
103 20777998 191 60592 -2041 0 0 0
104 20975326 191 62174 -2043 0 0 0
105 21172654 191 60841 -2053 0 0 0
106 21369982 191 62033 -2025 0 0 0
107 21567310 191 61140 -2034 0 0 0
108 21764638 191 60804 -2053 3 3 0
109 21961966 191 60643 -2069 0 0 0
110 22159294 191 60953 -2066 0 0 0
111 22356622 191 60524 -2029 0 0 0
112 22553950 191 59982 -2058 0 0 0
113 22751278 191 62680 -2021 0 0 0
114 22948606 191 61602 -2068 0 0 0
115 23145934 191 60368 -2049 0 0 0
116 23343262 191 61310 -2053 0 0 0
117 23540590 191 59603 -2051 0 0 0
118 23737918 191 61384 -2042 0 0 0
119 23935246 191 61325 -2047 0 0 0
120 24132574 191 59360 -2034 0 0 0
121 24329902 191 60160 -2048 0 0 0
122 24527230 191 61590 -2027 0 0 0
123 24724558 191 59435 -2044 0 0 0
124 24921886 191 62280 -2063 0 0 0
125 25119214 191 61293 -2066 0 0 0
126 25316542 191 61197 -2058 0 0 0
127 25513870 191 60310 -2019 0 0 0
128 25711198 191 61775 -2047 0 0 0
129 25908526 191 62632 -2052 0 0 0
130 26105854 191 62247 -2070 0 0 0
131 26303182 191 59549 -2050 0 0 0
132 26500510 191 60050 -2060 3 3 0
133 26697838 191 61223 -2047 0 0 0
134 26895166 191 60636 -2045 0 0 0
135 27092494 191 60267 -2045 0 0 0
136 27289822 191 61191 -2067 0 0 0
137 27487150 191 62962 -2059 0 0 0
138 27684478 191 59882 -2045 0 0 0
139 27881806 191 61656 -2043 0 0 0
140 28079134 191 62430 -2062 0 0 0
141 28276462 191 61038 -2033 0 0 0
142 28473790 191 60593 -2040 0 0 0
143 28671118 191 62795 -2038 0 0 0
144 28868446 191 60184 -2049 0 0 0
145 29065774 191 60162 -2036 0 0 0
146 29263102 191 61334 -2043 0 0 0
147 29460430 191 59269 -2019 0 0 0
148 29657758 191 60513 -2071 0 0 0
149 29855086 191 60733 -2050 0 0 0
150 30052414 191 61078 -2037 0 0 0
151 30249742 191 59883 -2044 0 0 0
152 30447070 191 60416 -2045 0 0 0
153 30644398 191 59300 -2051 0 0 0
154 30841726 191 60378 -2050 0 0 0
155 31039054 191 63352 -2043 0 0 0
156 31236382 191 61219 -2047 0 0 0
157 31433710 191 62456 -2037 0 0 0
158 31631038 191 60795 -2054 0 0 0
159 31828366 191 60414 -2028 0 0 0
160 32025694 191 61436 -2044 0 0 0
161 32223022 191 59288 -2024 0 0 0
162 32420350 191 61375 -2043 0 0 0
163 32617678 191 60826 -2064 0 0 0
164 32815006 191 61389 -2065 3 3 0
165 33012334 191 60426 -2055 0 0 0
166 33209662 191 60386 -2033 0 0 0
167 33406990 191 61647 -2045 0 0 0
168 33604318 191 61264 -2026 0 0 0
169 33801646 191 62749 -2067 0 0 0
170 33998974 191 61144 -2051 0 0 0
171 34196302 191 61869 -2053 0 0 0
172 34393630 191 62292 -2071 0 0 0
173 34590958 191 61411 -2025 0 0 0
174 34788286 191 59047 -2040 0 0 0
175 34985614 191 62612 -2054 0 0 0
176 35182942 191 60500 -2039 0 0 0
177 35380270 191 61762 -2039 0 0 0
178 35577598 191 62752 -2047 0 0 0
179 35774926 191 62237 -2040 0 0 0
180 35972254 191 59641 -2053 0 0 0
181 36169582 191 61320 -2064 0 0 0
182 36366910 191 62680 -2042 0 0 0
183 36564238 191 61177 -2046 0 0 0
184 36761566 191 61034 -2045 0 0 0
185 36958894 191 60476 -2054 0 0 0
186 37156222 191 60650 -2059 0 0 0
187 37353550 191 60274 -2054 0 0 0
188 37550878 191 60499 -2058 0 0 0
189 37748206 191 60886 -2054 0 0 0
190 37945534 191 61096 -2074 0 0 0
191 38142862 191 62954 -2045 0 0 0
192 38340190 191 62131 -2033 0 0 0
193 38537518 191 60996 -2082 0 0 0
194 38734846 191 59886 -2031 0 0 0
195 38932174 191 61468 -2053 0 0 0
196 39129502 191 63987 -2034 3 3 0
197 39326830 191 61587 -2018 0 0 0
198 39524158 191 59791 -2054 0 0 0
199 39721486 191 60393 -2003 0 0 0
200 39918814 191 60911 -2043 0 0 0
201 40116142 191 61532 -2057 0 0 0
202 40313470 191 59190 -2040 0 0 0
203 40510798 191 61935 -2042 0 0 0
204 40708126 191 61169 -2048 3 3 0
205 40905454 191 59080 -2047 0 0 0
206 41102782 191 60670 -2008 0 0 0
207 41300110 191 59715 -2001 0 0 0
208 41497438 191 62089 -263 0 0 0
