1 0 198364 0 0
2 51 98664 0 0
3 0 98664 0 0
4 0 98664 0 0
5 0 98664 0 0
6 0 98664 0 0
7 0 98664 0 0
8 0 98664 0 0
9 0 98664 0 0
10 0 98664 0 0
11 0 98664 0 0
12 0 98664 0 0
13 0 98664 0 0
14 0 98664 0 0
15 0 98664 0 0
16 0 98664 0 0
# FORCED ss at packet 16 clk 1678324
17 0 227816 0 1
18 0 313424 0 1
19 55 197328 0 1
20 49 197328 0 1
21 69 197328 0 1
22 68 197328 0 1
23 58 197328 0 1
24 61 197328 0 1
25 68 295992 0 1
26 70 394656 0 1
27 69 295992 0 1
28 59 197328 0 1
29 70 197328 0 1
30 68 197328 0 1
31 62 197328 0 1
32 61 197328 0 1
33 68 197328 0 1
34 70 493320 0 1
35 68 295992 0 1
36 70 197328 0 1
37 68 197328 0 1
38 68 197328 0 1
39 64 197328 0 1
40 59 197328 0 1
41 68 197328 0 1
42 68 295992 0 1
43 68 295992 0 1
44 69 197328 0 1
45 61 197328 0 1
46 68 295992 0 1
47 68 295992 0 1
48 69 197328 0 1
49 47 197328 0 1
50 62 197328 0 1
51 60 295992 0 1
52 68 197328 0 1
