1 0 198364 0 0
2 51 98664 0 0
3 0 98664 0 0
4 0 98664 0 0
5 0 98664 0 0
6 0 98664 0 0
7 0 98664 0 0
8 0 98664 0 0
9 0 98664 0 0
10 0 98664 0 0
11 0 98664 0 0
12 0 98664 0 0
13 0 98664 0 0
14 0 98664 0 0
15 0 98664 0 0
16 0 98664 0 0
# offset_before=12323 shift=32
# FORCED slip32 at packet 16 clk 1678324
17 0 197328 0 1
18 0 98664 0 1
19 0 98664 0 1
20 0 98664 0 1
21 0 98664 0 1
22 0 98664 0 1
23 0 98664 0 1
24 0 98664 0 1
25 0 98664 0 1
26 0 98664 0 1
27 0 98664 0 1
28 0 98664 0 1
29 0 98664 0 1
30 0 98664 0 1
31 0 98664 0 1
32 0 98664 0 1
33 0 98664 0 1
34 0 98664 0 1
35 0 98664 0 1
36 0 98664 0 1
37 0 98664 0 1
38 0 98664 0 1
39 0 98664 0 1
40 0 98664 0 1
41 0 98664 0 1
42 0 98664 0 1
43 0 98664 0 1
44 0 98664 0 1
45 0 98664 0 1
46 0 98664 0 1
47 0 98664 0 1
48 0 98664 0 1
49 0 98664 0 1
50 0 98664 0 1
51 0 98664 0 1
52 0 98664 0 1
53 0 98664 0 1
54 0 98664 0 1
55 0 98664 0 1
56 0 98664 0 1
57 0 98664 0 1
58 0 98664 0 1
59 0 98664 0 1
60 0 98664 0 1
61 0 98664 0 1
62 0 98664 0 1
63 0 98664 0 1
64 0 98664 0 1
65 0 98664 0 1
66 0 98664 0 1
67 0 98664 0 1
68 0 98664 0 1
69 0 98664 0 1
70 0 98664 0 1
71 0 98664 0 1
72 0 98664 0 1
73 0 98664 0 1
74 0 98664 0 1
75 0 98664 0 1
76 0 98664 0 1
77 0 98664 0 1
78 0 98664 0 1
79 0 98664 0 1
80 0 98664 0 1
81 0 98664 0 1
82 0 98664 0 1
83 0 98664 0 1
84 0 98664 0 1
85 0 98664 0 1
86 0 98664 0 1
87 0 98664 0 1
88 0 98664 0 1
89 0 98664 0 1
90 0 98664 0 1
91 0 98664 0 1
92 0 98664 0 1
93 0 98664 0 1
94 0 98664 0 1
95 0 98664 0 1
96 0 98664 0 1
97 0 98664 0 1
98 0 98664 0 1
99 0 98664 0 1
100 0 98664 0 1
101 0 98664 0 1
