1 0 198364 0 0
2 51 98664 0 0
3 0 98664 0 0
4 0 98664 0 0
5 0 98664 0 0
6 0 98664 0 0
7 0 98664 0 0
8 0 98664 0 0
9 0 98664 0 0
10 0 98664 0 0
11 0 98664 0 0
12 0 98664 0 0
13 0 98664 0 0
14 0 98664 0 0
15 0 98664 0 0
16 0 98664 0 0
# FORCED ss at packet 16 clk 1678324
17 0 227816 0 1
18 0 313424 0 1
19 55 197328 0 1
20 49 197328 0 1
21 69 197328 0 1
22 68 197328 0 1
23 58 197328 0 1
24 61 197328 0 1
25 68 295992 0 1
26 70 394656 0 1
27 69 295992 0 1
28 59 197328 0 1
29 70 197328 0 1
30 68 197328 0 1
31 62 197328 0 1
32 61 197328 0 1
33 68 197328 0 1
34 70 493320 0 1
35 68 295992 0 1
36 70 197328 0 1
37 68 197328 0 1
38 68 197328 0 1
39 64 197328 0 1
40 59 197328 0 1
41 68 197328 0 1
42 68 295992 0 1
43 68 295992 0 1
44 69 197328 0 1
45 61 197328 0 1
46 68 295992 0 1
47 68 295992 0 1
48 69 197328 0 1
49 47 197328 0 1
50 62 197328 0 1
51 60 295992 0 1
52 68 197328 0 1
53 64 197328 0 1
54 69 295992 0 1
55 69 295992 0 1
56 69 295992 0 1
57 61 197328 0 1
58 70 197328 0 1
59 60 197328 0 1
60 59 295992 0 1
61 65 197328 0 1
62 70 295992 0 1
63 69 197328 0 1
64 68 197328 0 1
65 70 295992 0 1
66 55 295992 0 1
67 70 197328 0 1
68 70 197328 0 1
69 65 197328 0 1
70 53 295992 0 1
71 59 197328 0 1
72 64 197328 0 1
73 58 197328 0 1
74 62 197328 0 1
75 59 295992 0 1
76 69 295992 0 1
77 70 197328 0 1
78 64 197328 0 1
79 59 197328 0 1
80 69 493320 0 1
81 70 295992 0 1
82 46 197328 0 1
83 70 197328 0 1
84 67 394656 0 1
85 60 295992 0 1
86 72 295992 0 1
87 68 295992 0 1
88 69 295992 0 1
89 61 197328 0 1
90 69 197328 0 1
91 69 295992 0 1
92 60 493320 0 1
93 60 197328 0 1
94 63 197328 0 1
95 69 197328 0 1
96 59 394656 0 1
97 66 295992 0 1
98 69 197328 0 1
99 69 295992 0 1
100 69 197328 0 1
