1 0 198364 0 0 occ=12333
2 51 98664 0 0 occ=12333
3 0 98664 0 0 occ=12333
4 0 98664 0 0 occ=12333
5 0 98664 0 0 occ=12333
6 0 98664 0 0 occ=12333
7 0 98664 0 0 occ=12333
8 0 98664 0 0 occ=12333
9 0 98664 0 0 occ=12333
10 0 98664 0 0 occ=12333
11 0 98664 0 0 occ=12333
12 0 98664 0 0 occ=12333
13 0 98664 0 0 occ=12333
14 0 98664 0 0 occ=12333
15 0 98664 0 0 occ=12333
16 0 98664 0 0 occ=12333
# offset_before=12323 shift=9
# FORCED edge at packet 16 clk 1678324 fifo push=56 pop=56 occ=12333
17 0 98592 0 1 occ=12333
