1 0 198364 0 0 occ=12333
2 51 98664 0 0 occ=12333
3 0 98664 0 0 occ=12333
4 0 98664 0 0 occ=12333
5 0 98664 0 0 occ=12333
6 0 98664 0 0 occ=12333
7 0 98664 0 0 occ=12333
8 0 98664 0 0 occ=12333
9 0 98664 0 0 occ=12333
10 0 98664 0 0 occ=12333
11 0 98664 0 0 occ=12333
12 0 98664 0 0 occ=12333
13 0 98664 0 0 occ=12333
14 0 98664 0 0 occ=12333
15 0 98664 0 0 occ=12333
16 0 98664 0 0 occ=12333
# FORCED ss at packet 16 clk 1678324 fifo push=56 pop=56 occ=12333
17 0 98664 0 1 occ=9413
18 0 116208 0 1 occ=9425
19 60 98664 0 1 occ=9425
20 58 98664 0 1 occ=9425
21 68 197328 0 1 occ=9425
22 63 98664 0 1 occ=9425
23 64 98664 0 1 occ=9425
24 63 98664 0 1 occ=9425
25 61 227704 0 1 occ=9425
26 63 68288 0 1 occ=9425
27 53 98664 0 1 occ=9425
28 58 227704 0 1 occ=9425
29 51 68288 0 1 occ=9425
30 62 98664 0 1 occ=9425
31 58 197328 0 1 occ=9425
32 63 98664 0 1 occ=9425
33 66 98664 0 1 occ=9425
34 63 197328 0 1 occ=9425
35 63 98664 0 1 occ=9425
36 58 98664 0 1 occ=9425
37 63 98664 0 1 occ=9425
38 63 197328 0 1 occ=9425
39 55 98664 0 1 occ=9425
40 63 98664 0 1 occ=9425
41 63 197328 0 1 occ=9425
42 63 98664 0 1 occ=9425
43 63 98664 0 1 occ=9425
44 62 197328 0 1 occ=9425
45 63 98664 0 1 occ=9425
46 51 98664 0 1 occ=9425
47 63 227704 0 1 occ=9425
48 63 68288 0 1 occ=9425
49 68 98664 0 1 occ=9425
50 63 227704 0 1 occ=9425
51 59 68288 0 1 occ=9425
52 56 98664 0 1 occ=9425
53 59 98664 0 1 occ=9425
54 53 227704 0 1 occ=9425
55 63 68288 0 1 occ=9425
56 71 98664 0 1 occ=9425
57 63 227704 0 1 occ=9425
58 63 68288 0 1 occ=9425
59 59 98664 0 1 occ=9425
60 63 227704 0 1 occ=9425
61 63 68288 0 1 occ=9425
62 60 98664 0 1 occ=9425
63 63 197328 0 1 occ=9425
64 63 98664 0 1 occ=9425
65 63 98664 0 1 occ=9425
66 63 98664 0 1 occ=9425
67 62 197328 0 1 occ=9425
68 63 98664 0 1 occ=9425
69 58 98664 0 1 occ=9425
70 63 197328 0 1 occ=9425
71 63 98664 0 1 occ=9425
72 62 98664 0 1 occ=9425
73 63 197328 0 1 occ=9425
74 63 98664 0 1 occ=9425
75 63 98664 0 1 occ=9425
76 62 197328 0 1 occ=9425
77 56 98664 0 1 occ=9425
78 63 98664 0 1 occ=9425
79 58 98664 0 1 occ=9425
80 62 197328 0 1 occ=9425
81 63 98664 0 1 occ=9425
82 62 98664 0 1 occ=9425
83 63 227704 0 1 occ=9425
84 58 68288 0 1 occ=9425
85 60 98664 0 1 occ=9425
86 62 227704 0 1 occ=9425
87 60 68288 0 1 occ=9425
88 69 98664 0 1 occ=9425
89 65 227704 0 1 occ=9425
90 58 68288 0 1 occ=9425
91 64 98664 0 1 occ=9425
92 56 98664 0 1 occ=9425
93 63 197328 0 1 occ=9425
94 63 98664 0 1 occ=9425
95 62 98664 0 1 occ=9425
96 63 197328 0 1 occ=9425
97 63 98664 0 1 occ=9425
98 63 98664 0 1 occ=9425
99 60 227704 0 1 occ=9425
100 54 68288 0 1 occ=9425
101 62 98664 0 1 occ=9425
102 60 197328 0 1 occ=9425
103 62 98664 0 1 occ=9425
104 61 98664 0 1 occ=9425
105 63 98664 0 1 occ=9425
106 66 197328 0 1 occ=9425
107 52 98664 0 1 occ=9425
108 66 98664 0 1 occ=9425
109 50 227704 0 1 occ=9425
110 62 68288 0 1 occ=9425
111 64 98664 0 1 occ=9425
112 63 227704 0 1 occ=9425
113 63 68288 0 1 occ=9425
114 67 98664 0 1 occ=9425
115 56 197328 0 1 occ=9425
116 63 98664 0 1 occ=9425
117 62 98664 0 1 occ=9425
118 63 98664 0 1 occ=9425
119 63 227704 0 1 occ=9425
120 63 68288 0 1 occ=9425
121 60 98664 0 1 occ=9425
122 57 227704 0 1 occ=9425
123 55 68288 0 1 occ=9425
124 58 98664 0 1 occ=9425
125 57 197328 0 1 occ=9425
126 66 98664 0 1 occ=9425
127 69 98664 0 1 occ=9425
128 64 227704 0 1 occ=9425
129 63 68288 0 1 occ=9425
130 69 98664 0 1 occ=9425
131 63 98664 0 1 occ=9425
132 64 227704 0 1 occ=9425
133 62 68288 0 1 occ=9425
134 67 98664 0 1 occ=9425
135 63 227704 0 1 occ=9425
136 63 68288 0 1 occ=9425
137 64 98664 0 1 occ=9425
138 58 197328 0 1 occ=9425
139 63 98664 0 1 occ=9425
140 55 98664 0 1 occ=9425
141 63 227704 0 1 occ=9425
142 63 68288 0 1 occ=9425
143 58 98664 0 1 occ=9425
144 63 197328 0 1 occ=9425
145 51 98664 0 1 occ=9425
146 63 98664 0 1 occ=9425
147 59 98664 0 1 occ=9425
148 52 227704 0 1 occ=9425
149 63 68288 0 1 occ=9425
150 63 98664 0 1 occ=9425
151 63 227704 0 1 occ=9425
152 63 68288 0 1 occ=9425
153 50 98664 0 1 occ=9425
154 63 227704 0 1 occ=9425
155 63 68288 0 1 occ=9425
156 59 98664 0 1 occ=9425
157 63 197328 0 1 occ=9425
158 63 98664 0 1 occ=9425
159 63 98664 0 1 occ=9425
160 59 98664 0 1 occ=9425
161 59 197328 0 1 occ=9425
162 63 98664 0 1 occ=9425
163 57 98664 0 1 occ=9425
164 63 227704 0 1 occ=9425
165 63 68288 0 1 occ=9425
166 59 98664 0 1 occ=9425
167 63 197328 0 1 occ=9425
168 57 98664 0 1 occ=9425
169 63 98664 0 1 occ=9425
170 63 227704 0 1 occ=9425
171 56 68288 0 1 occ=9425
172 58 98664 0 1 occ=9425
173 62 98664 0 1 occ=9425
174 63 227704 0 1 occ=9425
175 63 68288 0 1 occ=9425
176 69 98664 0 1 occ=9425
177 63 227704 0 1 occ=9425
