1 0 198364 0 0 occ=12333
2 51 98664 0 0 occ=12333
3 0 98664 0 0 occ=12333
4 0 98664 0 0 occ=12333
5 0 98664 0 0 occ=12333
6 0 98664 0 0 occ=12333
7 0 98664 0 0 occ=12333
8 0 98664 0 0 occ=12333
9 0 98664 0 0 occ=12333
10 0 98664 0 0 occ=12333
11 0 98664 0 0 occ=12333
12 0 98664 0 0 occ=12333
13 0 98664 0 0 occ=12333
14 0 98664 0 0 occ=12333
15 0 98664 0 0 occ=12333
16 0 98664 0 0 occ=12333
# FORCED ss at packet 16 clk 1678324 fifo push=56 pop=56 occ=12333
17 0 98664 0 1 occ=9413
18 0 116208 0 1 occ=9425
19 60 98664 0 1 occ=9425
20 58 98664 0 1 occ=9425
21 68 197328 0 1 occ=9425
22 63 98664 0 1 occ=9425
23 64 98664 0 1 occ=9425
24 63 98664 0 1 occ=9425
25 61 227704 0 1 occ=9425
26 63 68288 0 1 occ=9425
27 53 98664 0 1 occ=9425
28 58 227704 0 1 occ=9425
29 51 68288 0 1 occ=9425
30 62 98664 0 1 occ=9425
31 58 197328 0 1 occ=9425
32 63 98664 0 1 occ=9425
33 66 98664 0 1 occ=9425
34 63 197328 0 1 occ=9425
35 63 98664 0 1 occ=9425
36 58 98664 0 1 occ=9425
37 63 98664 0 1 occ=9425
38 63 197328 0 1 occ=9425
39 55 98664 0 1 occ=9425
40 63 98664 0 1 occ=9425
41 63 197328 0 1 occ=9425
42 63 98664 0 1 occ=9425
43 63 98664 0 1 occ=9425
44 62 197328 0 1 occ=9425
45 63 98664 0 1 occ=9425
46 51 98664 0 1 occ=9425
47 63 227704 0 1 occ=9425
48 63 68288 0 1 occ=9425
49 68 98664 0 1 occ=9425
50 63 227704 0 1 occ=9425
51 59 68288 0 1 occ=9425
52 56 98664 0 1 occ=9425
53 59 98664 0 1 occ=9425
54 53 227704 0 1 occ=9425
55 63 68288 0 1 occ=9425
56 71 98664 0 1 occ=9425
57 63 227704 0 1 occ=9425
58 63 68288 0 1 occ=9425
59 59 98664 0 1 occ=9425
60 63 227704 0 1 occ=9425
61 63 68288 0 1 occ=9425
62 60 98664 0 1 occ=9425
63 63 197328 0 1 occ=9425
64 63 98664 0 1 occ=9425
65 63 98664 0 1 occ=9425
66 63 98664 0 1 occ=9425
67 62 197328 0 1 occ=9425
68 63 98664 0 1 occ=9425
69 58 98664 0 1 occ=9425
70 63 197328 0 1 occ=9425
71 63 98664 0 1 occ=9425
72 62 98664 0 1 occ=9425
73 63 197328 0 1 occ=9425
74 63 98664 0 1 occ=9425
75 63 98664 0 1 occ=9425
76 62 197328 0 1 occ=9425
77 56 98664 0 1 occ=9425
78 63 98664 0 1 occ=9425
79 58 98664 0 1 occ=9425
80 62 197328 0 1 occ=9425
81 63 98664 0 1 occ=9425
82 62 98664 0 1 occ=9425
