1 0 198364 0 0 occ=12333
2 51 98664 0 0 occ=12333
3 0 98664 0 0 occ=12333
4 0 98664 0 0 occ=12333
5 0 98664 0 0 occ=12333
6 0 98664 0 0 occ=12333
7 0 98664 0 0 occ=12333
8 0 98664 0 0 occ=12333
9 0 98664 0 0 occ=12333
10 0 98664 0 0 occ=12333
11 0 98664 0 0 occ=12333
12 0 98664 0 0 occ=12333
13 0 98664 0 0 occ=12333
14 0 98664 0 0 occ=12333
15 0 98664 0 0 occ=12333
16 0 98664 0 0 occ=12333
# offset_before=12323 shift=1
# FORCED slip1 at packet 16 clk 1678324 fifo push=56 pop=56 occ=12333
17 0 98656 0 1 occ=12333
18 0 98672 0 1 occ=12333
19 42 98664 0 1 occ=12333
20 0 98664 0 1 occ=12333
21 0 98664 0 1 occ=12333
22 0 98664 0 1 occ=12333
23 0 98664 0 1 occ=12333
24 0 98664 0 1 occ=12333
25 0 98664 0 1 occ=12333
26 0 98664 0 1 occ=12333
27 0 98664 0 1 occ=12333
28 0 98664 0 1 occ=12333
29 0 98664 0 1 occ=12333
30 0 98664 0 1 occ=12333
31 0 98664 0 1 occ=12333
32 0 98664 0 1 occ=12333
33 0 98664 0 1 occ=12333
34 0 98664 0 1 occ=12333
35 0 98664 0 1 occ=12333
36 0 98664 0 1 occ=12333
37 0 98664 0 1 occ=12333
38 0 98664 0 1 occ=12333
39 0 98664 0 1 occ=12333
40 0 98664 0 1 occ=12333
41 0 98664 0 1 occ=12333
42 0 98664 0 1 occ=12333
43 0 98664 0 1 occ=12333
44 0 98664 0 1 occ=12333
45 0 98664 0 1 occ=12333
46 0 98664 0 1 occ=12333
47 0 98664 0 1 occ=12333
48 0 98664 0 1 occ=12333
49 0 98664 0 1 occ=12333
50 0 98664 0 1 occ=12333
51 0 98664 0 1 occ=12333
52 0 98664 0 1 occ=12333
53 0 98664 0 1 occ=12333
54 0 98664 0 1 occ=12333
55 0 98664 0 1 occ=12333
56 0 98664 0 1 occ=12333
57 0 98664 0 1 occ=12333
58 0 98664 0 1 occ=12333
59 0 98664 0 1 occ=12333
60 0 98664 0 1 occ=12333
61 0 98664 0 1 occ=12333
62 0 98664 0 1 occ=12333
63 0 98664 0 1 occ=12333
64 0 98664 0 1 occ=12333
65 0 98664 0 1 occ=12333
66 0 98664 0 1 occ=12333
67 0 98664 0 1 occ=12333
68 0 98664 0 1 occ=12333
69 0 98664 0 1 occ=12333
70 0 98664 0 1 occ=12333
71 0 98664 0 1 occ=12333
72 0 98664 0 1 occ=12333
73 0 98664 0 1 occ=12333
74 0 98664 0 1 occ=12333
75 0 98664 0 1 occ=12333
76 0 98664 0 1 occ=12333
77 0 98664 0 1 occ=12333
78 0 98664 0 1 occ=12333
79 0 98664 0 1 occ=12333
80 0 98664 0 1 occ=12333
81 0 98664 0 1 occ=12333
82 0 98664 0 1 occ=12333
83 0 98664 0 1 occ=12333
84 0 98664 0 1 occ=12333
85 0 98664 0 1 occ=12333
86 0 98664 0 1 occ=12333
87 0 98664 0 1 occ=12333
88 0 98664 0 1 occ=12333
89 0 98664 0 1 occ=12333
90 0 98664 0 1 occ=12333
91 0 98664 0 1 occ=12333
92 0 98664 0 1 occ=12333
93 0 98664 0 1 occ=12333
94 0 98664 0 1 occ=12333
95 0 98664 0 1 occ=12333
96 0 98664 0 1 occ=12333
97 0 98664 0 1 occ=12333
98 0 98664 0 1 occ=12333
99 0 98664 0 1 occ=12333
100 0 98664 0 1 occ=12333
101 0 98664 0 1 occ=12333
102 0 98664 0 1 occ=12333
