1 0 198364 0 0
2 51 98664 0 0
3 0 98664 0 0
4 0 98664 0 0
5 0 98664 0 0
6 0 98664 0 0
7 0 98664 0 0
8 0 98664 0 0
9 0 98664 0 0
10 0 98664 0 0
11 0 98664 0 0
12 0 98664 0 0
13 0 98664 0 0
14 0 98664 0 0
15 0 98664 0 0
16 0 98664 0 0
17 0 98664 0 0
18 0 98664 0 0
19 0 98664 0 0
20 0 98664 0 0
# FORCED ta at packet 20 clk 2072980
21 0 197072 0 1
22 0 98664 0 1
23 68 98664 0 1
24 68 98664 0 1
25 68 98664 0 1
26 68 98664 0 1
27 68 98664 0 1
28 68 98664 0 1
29 68 98664 0 1
30 68 98664 0 1
31 68 98664 0 1
32 68 98664 0 1
33 68 98664 0 1
34 68 98664 0 1
35 68 98664 0 1
36 68 98664 0 1
37 68 98664 0 1
38 68 98664 0 1
39 68 98664 0 1
40 68 98664 0 1
41 68 98664 0 1
42 68 98664 0 1
43 68 98664 0 1
44 68 98664 0 1
45 68 98664 0 1
46 68 98664 0 1
47 68 98664 0 1
48 68 98664 0 1
49 68 98664 0 1
50 68 98664 0 1
51 68 98664 0 1
52 68 98664 0 1
53 68 98664 0 1
54 68 98664 0 1
55 68 98664 0 1
56 68 98664 0 1
57 68 98664 0 1
58 68 98664 0 1
59 68 98664 0 1
60 68 98664 0 1
61 68 98664 0 1
62 68 98664 0 1
63 68 98664 0 1
64 68 98664 0 1
65 68 98664 0 1
66 68 98664 0 1
67 68 98664 0 1
68 68 98664 0 1
69 68 98664 0 1
70 68 98664 0 1
71 68 98664 0 1
72 68 98664 0 1
73 68 98664 0 1
74 68 98664 0 1
75 68 98664 0 1
76 68 98664 0 1
77 68 98664 0 1
78 68 98664 0 1
79 68 98664 0 1
80 68 98664 0 1
81 68 98664 0 1
82 68 98664 0 1
83 68 98664 0 1
84 68 98664 0 1
85 68 98664 0 1
86 68 98664 0 1
87 68 98664 0 1
88 68 98664 0 1
89 68 98664 0 1
90 68 98664 0 1
91 68 98664 0 1
92 68 98664 0 1
93 68 98664 0 1
94 68 98664 0 1
95 68 98664 0 1
96 68 98664 0 1
97 68 98664 0 1
98 68 98664 0 1
99 68 98664 0 1
100 68 98664 0 1
101 68 98664 0 1
102 68 98664 0 1
103 68 98664 0 1
104 68 98664 0 1
105 68 98664 0 1
106 68 98664 0 1
107 68 98664 0 1
108 68 98664 0 1
109 68 98664 0 1
110 68 98664 0 1
111 68 98664 0 1
112 68 98664 0 1
113 68 98664 0 1
114 68 98664 0 1
115 68 98664 0 1
116 68 98664 0 1
117 68 98664 0 1
118 68 98664 0 1
119 68 98664 0 1
120 68 98664 0 1
121 68 98664 0 1
122 68 98664 0 1
123 68 98664 0 1
124 68 98664 0 1
125 68 98664 0 1
126 68 98664 0 1
127 68 98664 0 1
128 68 98664 0 1
129 68 98664 0 1
130 68 98664 0 1
131 68 98664 0 1
132 68 98664 0 1
133 68 98664 0 1
134 68 98664 0 1
135 68 98664 0 1
136 68 98664 0 1
137 68 98664 0 1
138 68 98664 0 1
139 68 98664 0 1
140 68 98664 0 1
141 68 98664 0 1
142 68 98664 0 1
