1 0 198364 0 0
2 51 98664 0 0
3 0 98664 0 0
4 0 98664 0 0
5 0 98664 0 0
6 0 98664 0 0
7 0 98664 0 0
8 0 98664 0 0
9 0 98664 0 0
10 0 98664 0 0
11 0 98664 0 0
12 0 98664 0 0
13 0 98664 0 0
14 0 98664 0 0
15 0 98664 0 0
16 0 98664 0 0
17 0 98664 0 0
18 0 98664 0 0
19 0 98664 0 0
20 0 98664 0 0
# FORCED ss at packet 20 clk 2072980
21 0 226040 0 1
22 0 315200 0 1
23 66 295992 0 1
24 62 197328 0 1
25 70 295992 0 1
26 70 197328 0 1
27 60 197328 0 1
28 50 295992 0 1
29 70 295992 0 1
30 70 295992 0 1
31 69 197328 0 1
32 70 197328 0 1
33 70 197328 0 1
34 70 197328 0 1
35 60 394656 0 1
36 60 394656 0 1
37 49 295992 0 1
38 69 493320 0 1
39 70 295992 0 1
40 62 197328 0 1
41 60 197328 0 1
42 70 295992 0 1
43 58 197328 0 1
44 68 295992 0 1
45 68 295992 0 1
46 69 197328 0 1
47 63 197328 0 1
48 71 295992 0 1
49 60 295992 0 1
50 69 295992 0 1
51 55 493320 0 1
52 69 197328 0 1
53 65 394656 0 1
54 55 197328 0 1
55 68 295992 0 1
56 62 295992 0 1
57 61 197328 0 1
58 62 197328 0 1
59 60 197328 0 1
60 67 197328 0 1
61 65 295992 0 1
62 55 295992 0 1
63 69 197328 0 1
64 68 394656 0 1
65 69 295992 0 1
66 70 197328 0 1
67 64 295992 0 1
68 69 295992 0 1
69 52 295992 0 1
70 61 197328 0 1
