1 0 198364 0 0
2 51 98664 0 0
3 0 98664 0 0
4 0 98664 0 0
5 0 98664 0 0
6 0 98664 0 0
7 0 98664 0 0
8 0 98664 0 0
9 0 98664 0 0
10 0 98664 0 0
11 0 98664 0 0
12 0 98664 0 0
13 0 98664 0 0
14 0 98664 0 0
15 0 98664 0 0
16 0 98664 0 0
17 0 98664 0 0
18 0 98664 0 0
19 0 98664 0 0
20 0 98664 0 0
# FORCED ps at packet 20 clk 2072980
21 0 98664 0 1
22 0 98920 0 1
23 0 98664 0 1
24 48 98664 0 1
25 48 98664 0 1
26 48 98664 0 1
27 48 98664 0 1
28 48 98664 0 1
29 48 98664 0 1
30 48 98664 0 1
31 48 98664 0 1
32 48 98664 0 1
33 48 98664 0 1
34 48 98664 0 1
35 48 98664 0 1
36 48 98664 0 1
37 48 98664 0 1
38 48 98664 0 1
39 48 98664 0 1
40 48 98664 0 1
41 48 98664 0 1
42 48 98664 0 1
43 48 98664 0 1
44 48 98664 0 1
45 48 98664 0 1
46 48 98664 0 1
47 48 98664 0 1
48 48 98664 0 1
49 48 98664 0 1
50 48 98664 0 1
51 48 98664 0 1
52 48 98664 0 1
53 48 98664 0 1
54 48 98664 0 1
55 48 98664 0 1
56 48 98664 0 1
57 48 98664 0 1
58 48 98664 0 1
59 48 98664 0 1
60 48 98664 0 1
61 48 98664 0 1
62 48 98664 0 1
63 48 98664 0 1
64 48 98664 0 1
65 48 98664 0 1
66 48 98664 0 1
67 48 98664 0 1
68 48 98664 0 1
69 48 98664 0 1
70 48 98664 0 1
71 48 98664 0 1
72 48 98664 0 1
73 48 98664 0 1
74 48 98664 0 1
75 48 98664 0 1
76 48 98664 0 1
77 48 98664 0 1
78 48 98664 0 1
79 48 98664 0 1
80 48 98664 0 1
81 48 98664 0 1
82 48 98664 0 1
83 48 98664 0 1
84 48 98664 0 1
85 48 98664 0 1
86 48 98664 0 1
87 48 98664 0 1
88 48 98664 0 1
89 48 98664 0 1
90 48 98664 0 1
91 48 98664 0 1
92 48 98664 0 1
93 48 98664 0 1
94 48 98664 0 1
95 48 98664 0 1
96 48 98664 0 1
97 48 98664 0 1
98 48 98664 0 1
99 48 98664 0 1
100 48 98664 0 1
101 48 98664 0 1
102 48 98664 0 1
103 48 98664 0 1
104 48 98664 0 1
105 48 98664 0 1
106 48 98664 0 1
107 48 98664 0 1
108 48 98664 0 1
109 48 98664 0 1
110 48 98664 0 1
111 48 98664 0 1
112 48 98664 0 1
113 48 98664 0 1
114 48 98664 0 1
115 48 98664 0 1
116 48 98664 0 1
117 48 98664 0 1
118 48 98664 0 1
119 48 98664 0 1
120 48 98664 0 1
121 48 98664 0 1
122 48 98664 0 1
123 48 98664 0 1
124 48 98664 0 1
125 48 98664 0 1
126 48 98664 0 1
127 48 98664 0 1
128 48 98664 0 1
129 48 98664 0 1
130 48 98664 0 1
131 48 98664 0 1
132 48 98664 0 1
133 48 98664 0 1
134 48 98664 0 1
135 48 98664 0 1
136 48 98664 0 1
137 48 98664 0 1
138 48 98664 0 1
139 48 98664 0 1
140 48 98664 0 1
141 48 98664 0 1
142 48 98664 0 1
143 48 98664 0 1
144 48 98664 0 1
145 48 98664 0 1
146 48 98664 0 1
147 48 98664 0 1
148 48 98664 0 1
149 48 98664 0 1
150 48 98664 0 1
151 48 98664 0 1
152 48 98664 0 1
153 48 98664 0 1
154 48 98664 0 1
155 48 98664 0 1
156 48 98664 0 1
