# sidx,nbytes,magic,seq,nbad,ok
246693,1528,0,0,-1,0
296025,1528,1,1,0,1
345357,1528,1,2,0,1
394689,1528,1,3,0,1
444149,1528,0,6308236,-1,0
493485,1528,1,5,0,1
542689,1528,0,1795546113,-1,0
592021,1528,1,7,0,1
641353,1528,1,8,0,1
690685,1528,1,9,0,1
740017,1528,1,10,0,1
789349,1528,1,11,0,1
838809,1528,0,3417897268,-1,0
888145,1528,0,13,-1,0
937349,1528,0,2180442992,-1,0
986681,1528,0,15,-1,0
1036013,1528,1,16,0,1
1085345,1528,1,17,0,1
1134677,1528,1,18,0,1
1184009,1528,1,19,0,1
1233469,1528,0,248555597,-1,0
1282805,1528,1,21,0,1
1332009,1528,0,3614801126,-1,0
1381341,1528,1,23,0,1
1430673,1528,1,24,0,1
1480005,1528,1,25,0,1
1529337,1528,1,26,0,1
1578669,1528,1,27,0,1
1628129,1528,0,167776359,-1,0
1677465,1528,1,29,0,1
1726669,1528,0,1880950877,-1,0
1776001,1528,1,31,0,1
1825333,1528,1,32,0,1
1874665,1528,1,33,0,1
1923997,1528,1,34,0,1
1973329,1528,1,35,0,1
2022789,1528,0,2751038892,-1,0
2072125,1528,1,37,0,1
2121329,1528,0,1443561670,-1,0
2170661,1528,1,39,0,1
2219993,1528,1,40,0,1
2269325,1528,1,41,0,1
2318657,1528,1,42,0,1
2367989,1528,1,43,0,1
2417449,1528,0,13654271,-1,0
2466785,1528,0,45,-1,0
2515989,1528,0,3789685294,-1,0
2565321,1528,0,47,-1,0
2614653,1528,1,48,0,1
2663985,1528,1,49,0,1
2713317,1528,1,50,0,1
2762649,1528,1,51,0,1
2812109,1528,0,15729380,-1,0
2861445,1528,1,53,0,1
2910649,1528,0,1893793854,-1,0
2959981,1528,1,55,0,1
3009313,1528,1,56,0,1
3058645,1528,1,57,0,1
3107977,1528,1,58,0,1
3157309,1528,1,59,0,1
3206769,1528,1,60,199,0
3256105,1528,1,61,0,1
3305309,1528,1,62,282,0
3354641,1528,0,63,-1,0
3403973,1528,1,64,0,1
3453305,1528,1,65,0,1
3502637,1528,1,66,0,1
3551969,1528,1,67,0,1
3601429,1528,1,68,12,0
3650765,1528,1,69,0,1
3699969,1528,1,70,5,0
3749301,1528,1,71,0,1
3798633,1528,1,72,0,1
3847965,1528,1,73,0,1
3897297,1528,1,74,0,1
3946629,1528,1,75,0,1
3995961,1528,1,76,0,1
4045421,1528,0,1400349796,-1,0
4094757,1528,1,78,0,1
4143961,1528,0,2258674536,-1,0
4193293,1528,1,80,0,1
4242625,1528,1,81,0,1
4291957,1528,1,82,0,1
4341289,1528,1,83,0,1
4390621,1528,1,84,0,1
4440081,1528,0,4073206550,-1,0
4489417,1528,1,86,0,1
4538621,1528,0,1257518334,-1,0
4587953,1528,1,88,0,1
4637285,1528,1,89,0,1
4686617,1528,1,90,0,1
4735949,1528,1,91,0,1
4785281,1528,1,92,0,1
4834741,1528,0,3235399930,-1,0
4884077,1528,1,94,0,1
4933281,1528,0,2690319247,-1,0
4982613,1528,1,96,0,1
5031945,1528,1,97,0,1
5081277,1528,1,98,0,1
5130609,1528,1,99,0,1
5179941,1528,1,100,0,1
5229401,1528,0,3001106998,-1,0
5278737,1528,0,102,-1,0
5327941,1528,0,1700647695,-1,0
5377273,1528,1,104,0,1
5426605,1528,1,105,0,1
5475937,1528,1,106,0,1
5525269,1528,1,107,0,1
5574601,1528,1,108,0,1
5624061,1528,0,549454957,-1,0
5673397,1528,0,110,-1,0
5722601,1528,0,50384935,-1,0
5771933,1528,0,112,-1,0
5821265,1528,1,113,0,1
5870597,1528,1,114,0,1
5919929,1528,1,115,0,1
5969261,1528,1,116,0,1
6018721,1528,0,3236266158,-1,0
6068057,1528,1,118,0,1
6117261,1528,0,3766092151,-1,0
6166593,1528,1,120,0,1
6215925,1528,1,121,0,1
6265257,1528,1,122,0,1
6314589,1528,1,123,0,1
6363921,1528,1,124,0,1
6413381,1528,0,28704,-1,0
6462717,1528,1,126,0,1
6511921,1528,0,3491258236,-1,0
6561253,1528,1,128,0,1
6610585,1528,1,129,0,1
6659917,1528,1,130,0,1
6709249,1528,1,131,0,1
6758581,1528,1,132,0,1
6808041,1528,1,133,447,0
6857377,1528,1,134,0,1
6906581,1528,1,135,444,0
6955913,1528,1,136,0,1
7005245,1528,1,137,0,1
7054577,1528,1,138,0,1
7103909,1528,1,139,0,1
7153241,1528,1,140,0,1
7202701,1528,1,141,39,0
7252037,1528,0,142,-1,0
7301241,1528,1,143,57,0
7350573,1528,1,144,0,1
7399905,1528,1,145,0,1
7449237,1528,1,146,0,1
7498569,1528,1,147,0,1
7547901,1528,1,148,0,1
7597233,1528,1,149,0,1
7646693,1528,0,282833838,-1,0
7696029,1528,1,151,0,1
7745233,1528,0,1933508392,-1,0
7794565,1528,1,153,0,1
7843897,1528,1,154,0,1
7893229,1528,1,155,0,1
7942561,1528,1,156,0,1
7991893,1528,1,157,0,1
8041353,1528,0,2894582854,-1,0
8090689,1528,1,159,0,1
8139893,1528,0,2187633446,-1,0
8189225,1528,1,161,0,1
8238557,1528,1,162,0,1
8287889,1528,1,163,0,1
8337221,1528,1,164,0,1
8386553,1528,1,165,0,1
8436013,1528,0,4091663715,-1,0
8485349,1528,1,167,0,1
8534553,1528,0,1749232727,-1,0
8583885,1528,1,169,0,1
8633217,1528,1,170,0,1
8682549,1528,1,171,0,1
8731881,1528,1,172,0,1
8781213,1528,1,173,0,1
8830673,1528,0,3507240973,-1,0
8880009,1528,1,175,0,1
8929213,1528,0,1153635760,-1,0
8978545,1528,1,177,0,1
9027877,1528,1,178,0,1
9077209,1528,1,179,0,1
9126541,1528,1,180,0,1
9175873,1528,1,181,0,1
9225333,1528,0,3088502928,-1,0
9274669,1528,1,183,0,1
9323873,1528,0,3271938224,-1,0
9373205,1528,1,185,0,1
9422537,1528,1,186,0,1
9471869,1528,1,187,0,1
9521201,1528,1,188,0,1
9570533,1528,1,189,0,1
9619993,1528,0,1931280398,-1,0
9669329,1528,1,191,0,1
9718533,1528,0,21001437,-1,0
9767865,1528,1,193,0,1
9817197,1528,1,194,0,1
9866529,1528,1,195,0,1
9915861,1528,1,196,0,1
9965193,1528,1,197,0,1
10014653,1528,0,2109126,-1,0
10063989,1528,1,199,0,1
10113193,1528,0,54559704,-1,0
10162525,1528,1,201,0,1
10211857,1528,1,202,0,1
10261189,1528,1,203,0,1
10310521,1528,1,204,0,1
10359853,1528,1,205,0,1
10409313,1528,0,206,-1,0
10458649,1528,1,207,0,1
10507853,1528,0,208,-1,0
10557185,1528,1,209,0,1
10606517,1528,1,210,0,1
10655849,1528,1,211,0,1
10705181,1528,1,212,0,1
10754513,1528,1,213,0,1
10803973,1528,1,214,32,0
10853309,1528,1,215,0,1
10902513,1528,1,216,81,0
10951845,1528,1,217,0,1
11001177,1528,1,218,0,1
11050509,1528,1,219,0,1
11099841,1528,1,220,0,1
11149173,1528,1,221,0,1
11247969,1528,1,222,0,1
11297173,1528,1,224,0,1
11346505,1528,1,225,0,1
11395837,1528,1,226,0,1
11445169,1528,1,227,0,1
11494501,1528,1,228,0,1
11543833,1528,1,229,0,1
11593165,1528,1,230,0,1
11642625,1528,0,2422877828,-1,0
11691961,1528,1,232,0,1
11741165,1528,0,1874945103,-1,0
11790497,1528,0,234,-1,0
11839829,1528,1,235,0,1
11889161,1528,1,236,0,1
11938493,1528,1,237,0,1
11987825,1528,1,238,0,1
12037285,1528,0,1534005311,-1,0
12086621,1528,1,240,0,1
12135825,1528,0,4282577881,-1,0
12185157,1528,1,242,0,1
12234489,1528,1,243,0,1
12283821,1528,1,244,0,1
12333153,1528,1,245,0,1
12382485,1528,1,246,0,1
12431945,1528,0,1365446550,-1,0
12481281,1528,0,248,-1,0
12530485,1528,0,2657535220,-1,0
12579817,1528,1,250,0,1
12629149,1528,1,251,0,1
12678481,1528,1,252,0,1
12727813,1528,1,253,0,1
12777145,1528,1,254,0,1
12826605,1528,0,110118237,-1,0
12875941,1528,1,256,0,1
12925145,1528,0,392734912,-1,0
12974477,1528,1,258,0,1
13023809,1528,1,259,0,1
13073141,1528,1,260,0,1
13122473,1528,1,261,0,1
13171805,1528,1,262,0,1
13221265,1528,0,3573862658,-1,0
13270601,1528,0,264,-1,0
13319805,1528,0,3181773449,-1,0
13369137,1528,0,266,-1,0
13418469,1528,1,267,0,1
13467801,1528,1,268,0,1
13517133,1528,1,269,0,1
13566465,1528,1,270,0,1
13615925,1528,0,271,-1,0
13665261,1528,1,272,0,1
13714465,1528,0,13687113,-1,0
13763797,1528,1,274,0,1
13813129,1528,1,275,0,1
13862461,1528,1,276,0,1
13911793,1528,1,277,0,1
13961125,1528,1,278,0,1
14010585,1528,1,279,634,0
14059921,1528,1,280,0,1
14109125,1528,0,441,-1,0
14158457,1528,1,282,0,1
14207789,1528,1,283,0,1
14257121,1528,1,284,0,1
14306453,1528,1,285,0,1
14355785,1528,1,286,0,1
14405245,1528,1,287,145,0
14454581,1528,1,288,0,1
14503785,1528,1,289,157,0
14553117,1528,1,290,0,1
14602449,1528,1,291,0,1
14651781,1528,1,292,0,1
14701113,1528,1,293,0,1
14750445,1528,1,294,0,1
14799777,1528,1,295,2,0
14849241,1528,0,253991909,-1,0
14898445,1528,1,297,0,1
14947777,1528,1,298,0,1
14997109,1528,1,299,0,1
15046441,1528,1,300,0,1
15095773,1528,1,301,0,1
15145105,1528,1,302,0,1
15194437,1528,1,303,0,1
15243897,1528,0,4138384213,-1,0
15293233,1528,1,305,0,1
15342437,1528,0,2156631563,-1,0
15391769,1528,1,307,0,1
15441101,1528,1,308,0,1
15490433,1528,1,309,0,1
15539765,1528,1,310,0,1
15589097,1528,1,311,0,1
15638557,1528,0,3565689592,-1,0
15687893,1528,1,313,0,1
15737097,1528,0,3531121018,-1,0
15786429,1528,1,315,0,1
15835761,1528,1,316,0,1
15885093,1528,1,317,0,1
15934425,1528,1,318,0,1
15983757,1528,1,319,0,1
16033217,1528,0,328206129,-1,0
16082553,1528,1,321,0,1
16131757,1528,0,4121385400,-1,0
16181089,1528,1,323,0,1
16230421,1528,1,324,0,1
16279753,1528,1,325,0,1
16329085,1528,1,326,0,1
16378417,1528,1,327,0,1
16427877,1528,0,3490222495,-1,0
16477213,1528,1,329,0,1
16526417,1528,0,3640672713,-1,0
16575749,1528,1,331,0,1
16625081,1528,1,332,0,1
16674413,1528,1,333,0,1
16723745,1528,1,334,0,1
16773077,1528,1,335,0,1
16822537,1528,0,1494475126,-1,0
16871873,1528,1,337,0,1
16921077,1528,0,33583455,-1,0
16970409,1528,1,339,0,1
17019741,1528,1,340,0,1
17069073,1528,1,341,0,1
17118405,1528,1,342,0,1
17167737,1528,1,343,0,1
17217197,1528,0,3768719704,-1,0
17266533,1528,0,345,-1,0
17315737,1528,0,3103973855,-1,0
17365069,1528,1,347,0,1
17414401,1528,1,348,0,1
17463733,1528,1,349,0,1
17513065,1528,1,350,0,1
17562397,1528,1,351,0,1
17611857,1528,0,1885209184,-1,0
17661193,1528,1,353,0,1
17710397,1528,0,50332002,-1,0
17759729,1528,1,355,0,1
17809061,1528,1,356,0,1
17858393,1528,1,357,0,1
17907725,1528,1,358,0,1
17957057,1528,1,359,0,1
18006517,1528,1,360,212,0
18055853,1528,1,361,0,1
18105057,1528,1,362,280,0
18154389,1528,1,363,0,1
18203721,1528,1,364,0,1
18253053,1528,1,365,0,1
18302385,1528,1,366,0,1
18351717,1528,1,367,0,1
18401177,1528,1,368,18,0
18450513,1528,0,369,-1,0
18499717,1528,1,370,2,0
18549049,1528,1,371,0,1
18598381,1528,1,372,0,1
18647713,1528,1,373,0,1
18697045,1528,1,374,0,1
18746377,1528,1,375,0,1
18795709,1528,1,376,0,1
18845169,1528,0,1779990457,-1,0
18894505,1528,1,378,0,1
18943709,1528,0,3576621410,-1,0
18993041,1528,1,380,0,1
19042373,1528,1,381,0,1
19091705,1528,1,382,0,1
19141037,1528,1,383,0,1
19190369,1528,1,384,0,1
19239829,1528,0,312511950,-1,0
19289165,1528,1,386,0,1
19338369,1528,0,2845482197,-1,0
19387701,1528,1,388,0,1
19437033,1528,1,389,0,1
19486365,1528,1,390,0,1
19535697,1528,1,391,0,1
19585029,1528,1,392,0,1
19634489,1528,0,98485403,-1,0
19683825,1528,1,394,0,1
19733029,1528,0,1126005960,-1,0
19782361,1528,0,396,-1,0
19831693,1528,1,397,0,1
19881025,1528,1,398,0,1
19930357,1528,1,399,0,1
19979689,1528,1,400,0,1
20029149,1528,0,1405346867,-1,0
20078485,1528,1,402,0,1
20127689,1528,0,588657808,-1,0
20177021,1528,1,404,0,1
20226353,1528,1,405,0,1
20275685,1528,1,406,0,1
20325017,1528,1,407,0,1
20374349,1528,1,408,0,1
20423809,1528,0,562957017,-1,0
20473145,1528,1,410,0,1
20522349,1528,0,135444,-1,0
20571681,1528,1,412,0,1
20621013,1528,1,413,0,1
20670345,1528,1,414,0,1
20719677,1528,1,415,0,1
20769009,1528,1,416,0,1
20818469,1528,0,4026859779,-1,0
20867805,1528,1,418,0,1
20917009,1528,0,50381222,-1,0
20966341,1528,0,420,-1,0
21015673,1528,1,421,0,1
21065005,1528,1,422,0,1
21114096,1528,1,423,0,1
21114096,1528,1,424,0,1
