# sidx,nbytes,magic,seq,nbad,ok
197741,1528,0,0,-1,0
246817,1528,0,0,-1,0
296021,1528,0,905621923,-1,0
345353,1528,1,2,0,1
394685,1528,1,3,0,1
444017,1528,1,4,0,1
493349,1528,1,5,0,1
542681,1528,1,6,0,1
592013,1528,1,7,0,1
641345,1528,1,8,0,1
690677,1528,1,9,0,1
740009,1528,1,10,0,1
789341,1528,1,11,0,1
838673,1528,1,12,0,1
888005,1528,1,13,0,1
937337,1528,1,14,0,1
986669,1528,1,15,0,1
1036001,1528,1,16,0,1
1085333,1528,1,17,0,1
1134665,1528,1,18,0,1
1183997,1528,1,19,0,1
1233329,1528,1,20,0,1
1282661,1528,1,21,0,1
1331993,1528,1,22,0,1
1381325,1528,1,23,0,1
1430657,1528,1,24,0,1
1479989,1528,1,25,0,1
1529321,1528,1,26,0,1
1578653,1528,1,27,0,1
1627985,1528,1,28,0,1
1677317,1528,1,29,0,1
1726649,1528,1,30,0,1
1775981,1528,1,31,0,1
1825313,1528,1,32,0,1
1874645,1528,1,33,0,1
1923977,1528,1,34,0,1
1973309,1528,1,35,0,1
2022641,1528,1,36,0,1
2071973,1528,1,37,0,1
2121305,1528,1,38,0,1
2170637,1528,1,39,0,1
2219969,1528,1,40,0,1
2269301,1528,1,41,0,1
2318633,1528,1,42,0,1
2367965,1528,1,43,0,1
2417297,1528,1,44,0,1
2466629,1528,1,45,0,1
2515961,1528,1,46,0,1
2565293,1528,1,47,0,1
2614625,1528,1,48,0,1
2663957,1528,1,49,0,1
2713289,1528,1,50,0,1
2762621,1528,1,51,0,1
2811953,1528,1,52,0,1
2861285,1528,1,53,0,1
2910617,1528,1,54,0,1
2959949,1528,1,55,0,1
3009281,1528,1,56,0,1
3058613,1528,1,57,0,1
3107945,1528,1,58,0,1
3157277,1528,1,59,0,1
3206609,1528,1,60,0,1
3255941,1528,1,61,0,1
3305273,1528,1,62,0,1
3354605,1528,1,63,0,1
3403937,1528,1,64,0,1
3453269,1528,1,65,0,1
3502601,1528,1,66,0,1
3551933,1528,1,67,0,1
3601265,1528,1,68,0,1
3650597,1528,1,69,0,1
3699929,1528,1,70,0,1
3749261,1528,1,71,0,1
3798593,1528,1,72,0,1
3847925,1528,1,73,0,1
3897257,1528,1,74,0,1
3946589,1528,1,75,0,1
3995921,1528,1,76,0,1
4045253,1528,1,77,0,1
4094585,1528,1,78,0,1
4143917,1528,1,79,0,1
4193249,1528,1,80,0,1
4242581,1528,1,81,0,1
4291913,1528,1,82,0,1
4341245,1528,1,83,0,1
4390577,1528,1,84,0,1
4439909,1528,1,85,0,1
4489241,1528,1,86,0,1
4538573,1528,1,87,0,1
4587905,1528,1,88,0,1
4637237,1528,1,89,0,1
4686569,1528,1,90,0,1
4735901,1528,1,91,0,1
4785233,1528,1,92,0,1
4834565,1528,1,93,0,1
4883897,1528,1,94,0,1
4933229,1528,1,95,0,1
4982561,1528,1,96,0,1
5031893,1528,1,97,0,1
5081225,1528,1,98,0,1
5130557,1528,1,99,0,1
5179889,1528,1,100,0,1
5229221,1528,1,101,0,1
5278553,1528,1,102,0,1
5327885,1528,1,103,0,1
5377217,1528,1,104,0,1
5426549,1528,1,105,0,1
5475881,1528,1,106,0,1
5525213,1528,1,107,0,1
5574545,1528,1,108,0,1
5623877,1528,1,109,0,1
5673209,1528,1,110,0,1
5722541,1528,1,111,0,1
5771873,1528,1,112,0,1
5821205,1528,1,113,0,1
5870537,1528,1,114,0,1
5919869,1528,1,115,0,1
5969201,1528,1,116,0,1
6018533,1528,1,117,0,1
6067865,1528,1,118,0,1
6117197,1528,1,119,0,1
6166529,1528,1,120,0,1
6215861,1528,1,121,0,1
6265193,1528,1,122,0,1
6314525,1528,1,123,0,1
6363857,1528,1,124,0,1
6413189,1528,1,125,0,1
6462521,1528,1,126,0,1
6511853,1528,1,127,0,1
6561185,1528,1,128,0,1
6610517,1528,1,129,0,1
6659849,1528,1,130,0,1
6709181,1528,1,131,0,1
6758513,1528,1,132,0,1
6807845,1528,1,133,0,1
6857177,1528,1,134,0,1
6906509,1528,1,135,0,1
6955841,1528,1,136,0,1
7005173,1528,1,137,0,1
7054505,1528,1,138,0,1
7103837,1528,1,139,0,1
7153169,1528,1,140,0,1
7202501,1528,1,141,0,1
7251833,1528,1,142,0,1
7301165,1528,1,143,0,1
7350497,1528,1,144,0,1
7399829,1528,1,145,0,1
7449161,1528,1,146,0,1
7498493,1528,1,147,0,1
7547825,1528,1,148,0,1
7597157,1528,1,149,0,1
7646489,1528,1,150,0,1
7695821,1528,1,151,0,1
7745153,1528,1,152,0,1
7794485,1528,1,153,0,1
7843817,1528,1,154,0,1
7893149,1528,1,155,0,1
7942481,1528,1,156,0,1
7991813,1528,1,157,0,1
8041145,1528,1,158,0,1
8090477,1528,1,159,0,1
8139809,1528,1,160,0,1
8189141,1528,1,161,0,1
8238473,1528,1,162,0,1
8287805,1528,1,163,0,1
8337137,1528,1,164,0,1
8386469,1528,1,165,0,1
8435801,1528,1,166,0,1
8485133,1528,1,167,0,1
8534465,1528,1,168,0,1
8583797,1528,1,169,0,1
8633129,1528,1,170,0,1
8682461,1528,1,171,0,1
8731793,1528,1,172,0,1
8781125,1528,1,173,0,1
8830457,1528,1,174,0,1
8879789,1528,1,175,0,1
8929121,1528,1,176,0,1
8978453,1528,1,177,0,1
9027785,1528,1,178,0,1
9077117,1528,1,179,0,1
9126449,1528,1,180,0,1
9175781,1528,1,181,0,1
9225113,1528,1,182,0,1
9274445,1528,1,183,0,1
9323777,1528,1,184,0,1
9373109,1528,1,185,0,1
9422441,1528,1,186,0,1
9471773,1528,1,187,0,1
9521105,1528,1,188,0,1
9570437,1528,1,189,0,1
9619769,1528,1,190,0,1
9669101,1528,1,191,0,1
9718433,1528,1,192,0,1
9767765,1528,1,193,0,1
9817097,1528,1,194,0,1
9866429,1528,1,195,0,1
9915761,1528,1,196,0,1
9965093,1528,1,197,0,1
10014425,1528,1,198,0,1
10063757,1528,1,199,0,1
10113089,1528,1,200,0,1
10162421,1528,1,201,0,1
10211753,1528,1,202,0,1
10261085,1528,1,203,0,1
10310417,1528,1,204,0,1
10359749,1528,1,205,0,1
10409081,1528,1,206,0,1
10458413,1528,1,207,0,1
10507745,1528,1,208,0,1
10557077,1528,1,209,0,1
10606409,1528,1,210,0,1
10655741,1528,1,211,0,1
10705073,1528,1,212,0,1
10754405,1528,1,213,0,1
10803737,1528,1,214,0,1
10853069,1528,1,215,0,1
10902401,1528,1,216,0,1
10951733,1528,1,217,0,1
11001065,1528,1,218,0,1
11050397,1528,1,219,0,1
11099729,1528,1,220,0,1
11149061,1528,1,221,0,1
11198393,1528,1,222,0,1
11247725,1528,1,223,0,1
11297057,1528,1,224,0,1
11346389,1528,1,225,0,1
11395721,1528,1,226,0,1
11445053,1528,1,227,0,1
11494385,1528,1,228,0,1
11543717,1528,1,229,0,1
11593049,1528,1,230,0,1
11642381,1528,1,231,0,1
11691713,1528,1,232,0,1
11741045,1528,1,233,0,1
11790377,1528,1,234,0,1
11839709,1528,1,235,0,1
11889041,1528,1,236,0,1
11938373,1528,1,237,0,1
11987705,1528,1,238,0,1
12037037,1528,1,239,0,1
12086369,1528,1,240,0,1
12135701,1528,1,241,0,1
12185033,1528,1,242,0,1
12234365,1528,1,243,0,1
12283697,1528,1,244,0,1
12333029,1528,1,245,0,1
12382361,1528,1,246,0,1
12431693,1528,1,247,0,1
12481025,1528,1,248,0,1
12530357,1528,1,249,0,1
12579689,1528,1,250,0,1
12629021,1528,1,251,0,1
12678353,1528,1,252,0,1
12727685,1528,1,253,0,1
12777017,1528,1,254,0,1
12826349,1528,1,255,0,1
12875681,1528,1,256,0,1
12925009,1528,0,1321967872,-1,0
12974341,1528,1,258,0,1
13023673,1528,1,259,0,1
13073005,1528,1,260,0,1
13122337,1528,1,261,0,1
13171669,1528,1,262,0,1
13221001,1528,1,263,0,1
13270333,1528,1,264,0,1
13319661,1528,0,1503854697,-1,0
13368993,1528,1,266,0,1
13418325,1528,1,267,0,1
13467657,1528,1,268,0,1
13516989,1528,1,269,0,1
13566321,1528,1,270,0,1
13615653,1528,1,271,0,1
13664985,1528,1,272,0,1
13714313,1528,0,2581293389,-1,0
13763645,1528,1,274,0,1
13812977,1528,1,275,0,1
13862309,1528,1,276,0,1
13911641,1528,1,277,0,1
13960973,1528,1,278,0,1
14010305,1528,1,279,0,1
14059637,1528,1,280,0,1
14108965,1528,0,281,-1,0
14158297,1528,1,282,0,1
14207629,1528,1,283,0,1
14256961,1528,1,284,0,1
14306293,1528,1,285,0,1
14355625,1528,1,286,0,1
14404957,1528,1,287,0,1
14454289,1528,1,288,0,1
14503617,1528,1,289,73,0
14552949,1528,1,290,0,1
14602281,1528,1,291,0,1
14651613,1528,1,292,0,1
14700945,1528,1,293,0,1
14750277,1528,1,294,0,1
14799609,1528,1,295,0,1
14848941,1528,1,296,0,1
14898269,1528,1,297,0,1
14947601,1528,1,298,0,1
14996933,1528,1,299,0,1
15046265,1528,1,300,0,1
15095597,1528,1,301,0,1
15144929,1528,1,302,0,1
15194261,1528,1,303,0,1
15243593,1528,1,304,0,1
15292925,1528,1,305,0,1
15342253,1528,0,1310785536,-1,0
15391585,1528,1,307,0,1
15440917,1528,1,308,0,1
15490249,1528,1,309,0,1
15539581,1528,1,310,0,1
15588913,1528,1,311,0,1
15638245,1528,1,312,0,1
15687577,1528,1,313,0,1
15736905,1528,0,1310785536,-1,0
15786237,1528,1,315,0,1
15835569,1528,1,316,0,1
15884901,1528,1,317,0,1
15934233,1528,1,318,0,1
15983565,1528,1,319,0,1
16032897,1528,1,320,0,1
16082229,1528,1,321,0,1
16131557,1528,0,1418121984,-1,0
16180889,1528,0,323,-1,0
16230221,1528,1,324,0,1
16279553,1528,1,325,0,1
16328885,1528,1,326,0,1
16378217,1528,1,327,0,1
16427549,1528,1,328,0,1
16476881,1528,1,329,0,1
16526209,1528,0,1253769242,-1,0
16575541,1528,1,331,0,1
16624873,1528,1,332,0,1
16674205,1528,1,333,0,1
16723537,1528,1,334,0,1
16772869,1528,1,335,0,1
16822201,1528,1,336,0,1
16871533,1528,1,337,0,1
16920861,1528,0,3787151258,-1,0
16970193,1528,1,339,0,1
17019525,1528,1,340,0,1
17068857,1528,1,341,0,1
17118189,1528,1,342,0,1
17167521,1528,1,343,0,1
17216853,1528,1,344,0,1
17266185,1528,1,345,0,1
17315513,1528,0,2694905946,-1,0
17364845,1528,1,347,0,1
17414177,1528,1,348,0,1
17463509,1528,1,349,0,1
17512841,1528,1,350,0,1
17562173,1528,1,351,0,1
17611505,1528,1,352,0,1
17660837,1528,1,353,0,1
17710165,1528,0,7340130,-1,0
17759497,1528,1,355,0,1
17808829,1528,1,356,0,1
17858161,1528,1,357,0,1
17907493,1528,1,358,0,1
17956825,1528,1,359,0,1
18006157,1528,1,360,0,1
18055489,1528,1,361,0,1
18104817,1528,1,362,241,0
18154149,1528,1,363,0,1
18203481,1528,1,364,0,1
18252813,1528,1,365,0,1
18302145,1528,1,366,0,1
18351477,1528,1,367,0,1
18400809,1528,1,368,0,1
18450141,1528,1,369,0,1
18499469,1528,1,370,0,1
18548801,1528,1,371,0,1
18598133,1528,1,372,0,1
18647465,1528,1,373,0,1
18696797,1528,1,374,0,1
18746129,1528,1,375,0,1
18795461,1528,1,376,0,1
18844793,1528,1,377,0,1
18894125,1528,1,378,0,1
18943453,1528,0,1310785536,-1,0
18992785,1528,0,380,-1,0
19042117,1528,1,381,0,1
19091449,1528,1,382,0,1
19140781,1528,1,383,0,1
19190113,1528,1,384,0,1
19239445,1528,1,385,0,1
19288777,1528,1,386,0,1
19338105,1528,0,1310785536,-1,0
19387437,1528,1,388,0,1
19436769,1528,1,389,0,1
19486101,1528,1,390,0,1
19535433,1528,1,391,0,1
19584765,1528,1,392,0,1
19634097,1528,1,393,0,1
19683429,1528,1,394,0,1
19732757,1528,0,1418074898,-1,0
19782089,1528,1,396,0,1
19831421,1528,1,397,0,1
19880753,1528,1,398,0,1
19930085,1528,1,399,0,1
19979417,1528,1,400,0,1
20028749,1528,1,401,0,1
20078081,1528,1,402,0,1
20127409,1528,0,3469893650,-1,0
20176741,1528,1,404,0,1
20226073,1528,1,405,0,1
20275405,1528,1,406,0,1
20324737,1528,1,407,0,1
20374069,1528,1,408,0,1
20423401,1528,1,409,0,1
20472733,1528,1,410,0,1
20522061,1528,0,1503854667,-1,0
20571393,1528,1,412,0,1
20620725,1528,1,413,0,1
20670057,1528,1,414,0,1
20719389,1528,1,415,0,1
20768721,1528,1,416,0,1
20818053,1528,1,417,0,1
20867385,1528,1,418,0,1
20916713,1528,0,1503854755,-1,0
20966045,1528,1,420,0,1
21015377,1528,1,421,0,1
21064709,1528,1,422,0,1
21114041,1528,1,423,0,1
21114096,1528,1,424,0,1
21114096,1528,1,425,0,1
