# sidx,nbytes,magic,seq,nbad,ok
296025,1528,0,0,-1,0
345357,1528,1,2,0,1
394689,1528,1,3,0,1
444021,1528,1,4,0,1
493353,1528,1,5,0,1
542685,1528,1,6,0,1
592017,1528,1,7,0,1
641349,1528,1,8,0,1
690681,1528,1,9,0,1
740017,1528,1,10,0,1
789353,1528,1,11,0,1
838689,1528,1,12,0,1
888025,1528,1,13,0,1
937361,1528,1,14,0,1
986697,1528,1,15,0,1
1036033,1528,1,16,0,1
1085369,1528,1,17,0,1
1134701,1528,1,18,0,1
1184033,1528,1,19,0,1
1233365,1528,1,20,0,1
1282697,1528,1,21,0,1
1332029,1528,1,22,0,1
1381361,1528,1,23,0,1
1430693,1528,1,24,0,1
1480025,1528,1,25,0,1
1529357,1528,1,26,0,1
1578689,1528,1,27,0,1
1628021,1528,1,28,0,1
1677353,1528,1,29,0,1
1726685,1528,1,30,0,1
1776017,1528,1,31,0,1
1825349,1528,1,32,0,1
1874681,1528,1,33,0,1
1924013,1528,1,34,0,1
1973345,1528,1,35,0,1
2022677,1528,1,36,0,1
2072009,1528,1,37,0,1
2121341,1528,1,38,0,1
2170673,1528,1,39,0,1
2220005,1528,1,40,0,1
2269337,1528,1,41,0,1
2318669,1528,1,42,0,1
2368001,1528,1,43,0,1
2417333,1528,1,44,0,1
2466665,1528,1,45,0,1
2515997,1528,1,46,0,1
2565329,1528,1,47,0,1
2614661,1528,1,48,0,1
2663993,1528,1,49,0,1
2713325,1528,1,50,0,1
2762657,1528,1,51,0,1
2811989,1528,1,52,0,1
2861321,1528,1,53,0,1
2910653,1528,1,54,0,1
2959985,1528,1,55,0,1
3009317,1528,1,56,0,1
3058649,1528,1,57,0,1
3107981,1528,1,58,0,1
3157313,1528,1,59,0,1
3206645,1528,1,60,0,1
3255977,1528,1,61,0,1
3305309,1528,1,62,0,1
3354641,1528,1,63,0,1
3403973,1528,1,64,0,1
3453305,1528,1,65,0,1
3502637,1528,1,66,0,1
3551969,1528,1,67,0,1
3601301,1528,1,68,0,1
3650633,1528,1,69,0,1
3699965,1528,1,70,0,1
3749297,1528,1,71,0,1
3798629,1528,1,72,0,1
3847961,1528,1,73,0,1
3897293,1528,1,74,0,1
3946625,1528,1,75,0,1
3995957,1528,1,76,0,1
4045289,1528,1,77,0,1
4094621,1528,1,78,0,1
4143953,1528,1,79,0,1
4193285,1528,1,80,0,1
4242617,1528,1,81,0,1
4291949,1528,1,82,0,1
4341281,1528,1,83,0,1
4390613,1528,1,84,0,1
4439945,1528,1,85,0,1
4489277,1528,1,86,0,1
4538609,1528,1,87,0,1
4587941,1528,1,88,0,1
4637273,1528,1,89,0,1
4686605,1528,1,90,0,1
4735937,1528,1,91,0,1
4785269,1528,1,92,0,1
4834601,1528,1,93,0,1
4883933,1528,1,94,0,1
4933265,1528,1,95,0,1
4982597,1528,1,96,0,1
5031929,1528,1,97,0,1
5081261,1528,1,98,0,1
5130593,1528,1,99,0,1
5179925,1528,1,100,0,1
5229257,1528,1,101,0,1
5278589,1528,1,102,0,1
5327921,1528,1,103,0,1
5377253,1528,1,104,0,1
5426585,1528,1,105,0,1
5475917,1528,1,106,0,1
5525249,1528,1,107,0,1
5574581,1528,1,108,0,1
5623913,1528,1,109,0,1
5673245,1528,1,110,0,1
5722577,1528,1,111,0,1
5771909,1528,1,112,0,1
5821241,1528,1,113,0,1
5870573,1528,1,114,0,1
5919905,1528,1,115,0,1
5969237,1528,1,116,0,1
6018569,1528,1,117,0,1
6067901,1528,1,118,0,1
6117233,1528,1,119,0,1
6166565,1528,1,120,0,1
6215897,1528,1,121,0,1
6265229,1528,1,122,0,1
6314561,1528,1,123,0,1
6363893,1528,1,124,0,1
6413225,1528,1,125,0,1
6462557,1528,1,126,0,1
6511889,1528,1,127,0,1
6561221,1528,1,128,0,1
6610553,1528,1,129,0,1
6659885,1528,1,130,0,1
6709217,1528,1,131,0,1
6758549,1528,1,132,0,1
6807881,1528,1,133,0,1
6857213,1528,1,134,0,1
6906545,1528,1,135,0,1
6955877,1528,1,136,0,1
7005209,1528,1,137,0,1
7054541,1528,1,138,0,1
7103873,1528,1,139,0,1
7153205,1528,1,140,0,1
7202537,1528,1,141,0,1
7251869,1528,1,142,0,1
7301201,1528,1,143,0,1
7350533,1528,1,144,0,1
7399865,1528,1,145,0,1
7449197,1528,1,146,0,1
7498529,1528,1,147,0,1
7547861,1528,1,148,0,1
7597193,1528,1,149,0,1
7646525,1528,1,150,0,1
7695857,1528,1,151,0,1
7745189,1528,1,152,0,1
7794521,1528,1,153,0,1
7843853,1528,1,154,0,1
7893185,1528,1,155,0,1
7942517,1528,1,156,0,1
7991849,1528,1,157,0,1
8041181,1528,1,158,0,1
8090513,1528,1,159,0,1
8139845,1528,1,160,0,1
8189177,1528,1,161,0,1
8238509,1528,1,162,0,1
8287841,1528,1,163,0,1
8337173,1528,1,164,0,1
8386505,1528,1,165,0,1
8435837,1528,1,166,0,1
8485169,1528,1,167,0,1
8534501,1528,1,168,0,1
8583833,1528,1,169,0,1
8633165,1528,1,170,0,1
8682497,1528,1,171,0,1
8731829,1528,1,172,0,1
8781161,1528,1,173,0,1
8830493,1528,1,174,0,1
8879825,1528,1,175,0,1
8929157,1528,1,176,0,1
8978489,1528,1,177,0,1
9027821,1528,1,178,0,1
9077153,1528,1,179,0,1
9126485,1528,1,180,0,1
9175817,1528,1,181,0,1
9225149,1528,1,182,0,1
9274481,1528,1,183,0,1
9323813,1528,1,184,0,1
9373145,1528,1,185,0,1
9422477,1528,1,186,0,1
9471809,1528,1,187,0,1
9521141,1528,1,188,0,1
9570473,1528,1,189,0,1
9619805,1528,1,190,0,1
9669137,1528,1,191,0,1
9718469,1528,1,192,0,1
9767801,1528,1,193,0,1
9817133,1528,1,194,0,1
9866465,1528,1,195,0,1
9915797,1528,1,196,0,1
9965129,1528,1,197,0,1
10014461,1528,1,198,0,1
10063793,1528,1,199,0,1
10113125,1528,1,200,0,1
10162457,1528,1,201,0,1
10211789,1528,1,202,0,1
10261121,1528,1,203,0,1
10310453,1528,1,204,0,1
10359785,1528,1,205,0,1
10409117,1528,1,206,0,1
10458449,1528,1,207,0,1
10507781,1528,1,208,0,1
10557113,1528,1,209,0,1
10606445,1528,1,210,0,1
10655777,1528,1,211,0,1
10705109,1528,1,212,0,1
10754441,1528,1,213,0,1
10803773,1528,1,214,0,1
10853105,1528,1,215,0,1
10902437,1528,1,216,0,1
10951769,1528,1,217,0,1
11001101,1528,1,218,0,1
11050433,1528,1,219,0,1
11099765,1528,1,220,0,1
11149097,1528,1,221,0,1
11198429,1528,1,222,0,1
11247761,1528,1,223,0,1
11297093,1528,1,224,0,1
11346425,1528,1,225,0,1
11395757,1528,1,226,0,1
11445089,1528,1,227,0,1
11494421,1528,1,228,0,1
11543753,1528,1,229,0,1
11593085,1528,1,230,0,1
11642417,1528,1,231,0,1
11691749,1528,1,232,0,1
11741081,1528,1,233,0,1
11790413,1528,1,234,0,1
11839745,1528,1,235,0,1
11889077,1528,1,236,0,1
11938409,1528,1,237,0,1
11987741,1528,1,238,0,1
12037073,1528,1,239,0,1
12086405,1528,1,240,0,1
12135737,1528,1,241,0,1
12185069,1528,1,242,0,1
12234401,1528,1,243,0,1
12283733,1528,1,244,0,1
12333065,1528,1,245,0,1
12382397,1528,1,246,0,1
12431729,1528,1,247,0,1
12481061,1528,1,248,0,1
12530393,1528,1,249,0,1
12579725,1528,1,250,0,1
12629057,1528,1,251,0,1
12678389,1528,1,252,0,1
12727721,1528,1,253,0,1
12777053,1528,1,254,0,1
12826385,1528,1,255,0,1
12875717,1528,1,256,0,1
12925049,1528,1,257,0,1
12974381,1528,1,258,0,1
13023713,1528,1,259,0,1
13073045,1528,1,260,0,1
13122377,1528,1,261,0,1
13171709,1528,1,262,0,1
13221041,1528,1,263,0,1
13270373,1528,1,264,0,1
13319705,1528,1,265,0,1
13369037,1528,1,266,0,1
13418369,1528,1,267,0,1
13467701,1528,1,268,0,1
13517033,1528,1,269,0,1
13566365,1528,1,270,0,1
13615697,1528,1,271,0,1
13665029,1528,1,272,0,1
13714361,1528,1,273,0,1
13763693,1528,1,274,0,1
13813025,1528,1,275,0,1
13862357,1528,1,276,0,1
13911689,1528,1,277,0,1
13961021,1528,1,278,0,1
14010353,1528,1,279,0,1
14059685,1528,1,280,0,1
14109017,1528,1,281,0,1
14158349,1528,1,282,0,1
14207681,1528,1,283,0,1
14257013,1528,1,284,0,1
14306345,1528,1,285,0,1
14355677,1528,1,286,0,1
14405009,1528,1,287,0,1
14454341,1528,1,288,0,1
14503673,1528,1,289,0,1
14553005,1528,1,290,0,1
14602337,1528,1,291,0,1
14651669,1528,1,292,0,1
14701001,1528,1,293,0,1
14750333,1528,1,294,0,1
14799665,1528,1,295,0,1
14848997,1528,1,296,0,1
14898329,1528,1,297,0,1
14947661,1528,1,298,0,1
14996993,1528,1,299,0,1
15046325,1528,1,300,0,1
15095657,1528,1,301,0,1
15144989,1528,1,302,0,1
15194321,1528,1,303,0,1
15243653,1528,1,304,0,1
15292985,1528,1,305,0,1
15342317,1528,1,306,0,1
15391649,1528,1,307,0,1
15440981,1528,1,308,0,1
15490313,1528,1,309,0,1
15539645,1528,1,310,0,1
15588977,1528,1,311,0,1
15638309,1528,1,312,0,1
15687641,1528,1,313,0,1
15736973,1528,1,314,0,1
15786305,1528,1,315,0,1
15835637,1528,1,316,0,1
15884969,1528,1,317,0,1
15934301,1528,1,318,0,1
15983633,1528,1,319,0,1
16032965,1528,1,320,0,1
16082297,1528,1,321,0,1
16131629,1528,1,322,0,1
16180961,1528,1,323,0,1
16230293,1528,1,324,0,1
16279625,1528,1,325,0,1
16328957,1528,1,326,0,1
16378289,1528,1,327,0,1
16427621,1528,1,328,0,1
16476953,1528,1,329,0,1
16526285,1528,1,330,0,1
16575617,1528,1,331,0,1
16624949,1528,1,332,0,1
16674281,1528,1,333,0,1
16723613,1528,1,334,0,1
16772945,1528,1,335,0,1
16822277,1528,1,336,0,1
16871609,1528,1,337,0,1
16920941,1528,1,338,0,1
16970273,1528,1,339,0,1
17019605,1528,1,340,0,1
17068937,1528,1,341,0,1
17118269,1528,1,342,0,1
17167601,1528,1,343,0,1
17216933,1528,1,344,0,1
17266265,1528,1,345,0,1
17315597,1528,1,346,0,1
17364929,1528,1,347,0,1
17414261,1528,1,348,0,1
17463593,1528,1,349,0,1
17512925,1528,1,350,0,1
17562257,1528,1,351,0,1
17611589,1528,1,352,0,1
17660921,1528,1,353,0,1
17710253,1528,1,354,0,1
17759585,1528,1,355,0,1
17808917,1528,1,356,0,1
17858249,1528,1,357,0,1
17907581,1528,1,358,0,1
17956913,1528,1,359,0,1
18006245,1528,1,360,0,1
18055577,1528,1,361,0,1
18104909,1528,1,362,0,1
18154241,1528,1,363,0,1
18203573,1528,1,364,0,1
18252905,1528,1,365,0,1
18302237,1528,1,366,0,1
18351569,1528,1,367,0,1
18400901,1528,1,368,0,1
18450233,1528,1,369,0,1
18499565,1528,1,370,0,1
18548897,1528,1,371,0,1
18598229,1528,1,372,0,1
18647561,1528,1,373,0,1
18696893,1528,1,374,0,1
18746225,1528,1,375,0,1
18795557,1528,1,376,0,1
18844889,1528,1,377,0,1
18894221,1528,1,378,0,1
18943553,1528,1,379,0,1
18992885,1528,1,380,0,1
19042217,1528,1,381,0,1
19091549,1528,1,382,0,1
19140881,1528,1,383,0,1
19190213,1528,1,384,0,1
19239545,1528,1,385,0,1
19288877,1528,1,386,0,1
19338209,1528,1,387,0,1
19387541,1528,1,388,0,1
19436873,1528,1,389,0,1
19486205,1528,1,390,0,1
19535537,1528,1,391,0,1
19584869,1528,1,392,0,1
19634201,1528,1,393,0,1
19683533,1528,1,394,0,1
19732865,1528,1,395,0,1
19782197,1528,1,396,0,1
19831529,1528,1,397,0,1
19880861,1528,1,398,0,1
19930193,1528,1,399,0,1
19979525,1528,1,400,0,1
20028857,1528,1,401,0,1
20078189,1528,1,402,0,1
20127521,1528,1,403,0,1
20176853,1528,1,404,0,1
20226185,1528,1,405,0,1
20275517,1528,1,406,0,1
20324849,1528,1,407,0,1
20374181,1528,1,408,0,1
20423513,1528,1,409,0,1
20472845,1528,1,410,0,1
20522177,1528,1,411,0,1
20571509,1528,1,412,0,1
20620841,1528,1,413,0,1
20670173,1528,1,414,0,1
20719505,1528,1,415,0,1
20768837,1528,1,416,0,1
20818169,1528,1,417,0,1
20867501,1528,1,418,0,1
20916833,1528,1,419,0,1
20966165,1528,1,420,0,1
21015497,1528,1,421,0,1
21064829,1528,1,422,0,1
21114096,1528,1,423,0,1
21114096,1528,1,424,0,1
