# sidx,nbytes,magic,seq,nbad,ok
197365,1528,0,0,-1,0
296161,1528,0,0,-1,0
345365,1528,0,1102617623,-1,0
394829,1528,0,3495707488,-1,0
444033,1528,0,2459215201,-1,0
493497,1528,0,2316009494,-1,0
542701,1528,0,1795546113,-1,0
592165,1528,0,1656897535,-1,0
641369,1528,0,1390072326,-1,0
690833,1528,0,2841737482,-1,0
740037,1528,0,2873863014,-1,0
789501,1528,0,3494138728,-1,0
838705,1528,0,3228013072,-1,0
888169,1528,1,15729165,1513,0
937373,1528,0,2180442924,-1,0
986837,1528,0,33554447,-1,0
1036045,1528,0,2665891216,-1,0
1085377,1528,1,17,0,1
1134713,1528,1,18,0,1
1184049,1528,1,19,0,1
1233385,1528,1,20,0,1
1282721,1528,1,21,0,1
1332057,1528,1,22,0,1
1381393,1528,1,23,0,1
1430729,1528,1,24,0,1
1480065,1528,1,25,0,1
1529401,1528,1,26,0,1
1578737,1528,1,27,0,1
1628073,1528,1,28,0,1
1677409,1528,1,29,0,1
1726745,1528,1,30,0,1
1776081,1528,1,31,0,1
1825417,1528,1,32,0,1
1874753,1528,1,33,0,1
1924085,1528,1,34,0,1
1973421,1528,1,35,0,1
2022753,1528,1,36,0,1
2072089,1528,1,37,0,1
2121421,1528,1,38,0,1
2170757,1528,1,39,0,1
2220089,1528,1,40,0,1
2269425,1528,1,41,0,1
2318757,1528,1,42,0,1
2368093,1528,1,43,0,1
2417425,1528,1,44,0,1
2466761,1528,1,45,0,1
2516093,1528,1,46,0,1
2565429,1528,1,47,0,1
2614761,1528,1,48,0,1
2664097,1528,1,49,0,1
2713429,1528,1,50,0,1
2762765,1528,1,51,0,1
2812097,1528,1,52,0,1
2861433,1528,1,53,0,1
2910765,1528,1,54,0,1
2960101,1528,1,55,0,1
3009433,1528,1,56,0,1
3058769,1528,1,57,0,1
3108101,1528,1,58,0,1
3157437,1528,1,59,0,1
3206769,1528,1,60,0,1
3256105,1528,1,61,0,1
3305437,1528,1,62,0,1
3354773,1528,1,63,0,1
3404105,1528,1,64,0,1
3453441,1528,1,65,0,1
3502773,1528,1,66,0,1
3552109,1528,1,67,0,1
3601441,1528,1,68,0,1
3650777,1528,1,69,0,1
3700109,1528,1,70,0,1
3749445,1528,1,71,0,1
3798777,1528,1,72,0,1
3848109,1528,1,73,0,1
3897445,1528,1,74,0,1
3946777,1528,1,75,0,1
3996113,1528,1,76,0,1
4045445,1528,1,77,0,1
4094781,1528,1,78,0,1
4144113,1528,1,79,0,1
4193449,1528,1,80,0,1
4242781,1528,1,81,0,1
4292117,1528,1,82,0,1
4341449,1528,1,83,0,1
4390785,1528,1,84,0,1
4440117,1528,1,85,0,1
4489453,1528,1,86,0,1
4538785,1528,1,87,0,1
4588121,1528,1,88,0,1
4637453,1528,1,89,0,1
4686789,1528,1,90,0,1
4736121,1528,1,91,0,1
4785457,1528,1,92,0,1
4834789,1528,1,93,0,1
4884125,1528,1,94,0,1
4933457,1528,1,95,0,1
4982793,1528,1,96,0,1
5032125,1528,1,97,0,1
5081461,1528,1,98,0,1
5130793,1528,1,99,0,1
5180129,1528,1,100,0,1
5229461,1528,1,101,0,1
5278797,1528,1,102,0,1
5328129,1528,1,103,0,1
5377465,1528,1,104,0,1
5426797,1528,1,105,0,1
5476133,1528,1,106,0,1
5525465,1528,1,107,0,1
5574801,1528,1,108,0,1
5624133,1528,1,109,0,1
5673469,1528,1,110,0,1
5722801,1528,1,111,0,1
5772137,1528,1,112,0,1
5821469,1528,1,113,0,1
5870805,1528,1,114,0,1
5920137,1528,1,115,0,1
5969473,1528,1,116,0,1
6018805,1528,1,117,0,1
6068141,1528,1,118,0,1
6117473,1528,1,119,0,1
6166809,1528,1,120,0,1
6216141,1528,1,121,0,1
6265477,1528,1,122,0,1
6314809,1528,1,123,0,1
6364145,1528,1,124,0,1
6413477,1528,1,125,0,1
6462813,1528,1,126,0,1
6512145,1528,1,127,0,1
6561481,1528,1,128,0,1
6610813,1528,1,129,0,1
6660149,1528,1,130,0,1
6709481,1528,1,131,0,1
6758817,1528,1,132,0,1
6836405,1600,1,133,-1,0
6906817,1528,0,3225891890,-1,0
6956149,1528,1,136,0,1
7005485,1528,1,137,0,1
7054821,1528,1,138,0,1
7104153,1528,1,139,0,1
7153489,1528,1,140,0,1
7202821,1528,1,141,0,1
7252157,1528,1,142,0,1
7301489,1528,1,143,0,1
7350825,1528,1,144,0,1
7400157,1528,1,145,0,1
7449493,1528,1,146,0,1
7498825,1528,1,147,0,1
7548157,1528,1,148,0,1
7597493,1528,1,149,0,1
7646825,1528,1,150,0,1
7696161,1528,1,151,0,1
7745493,1528,1,152,0,1
7794829,1528,1,153,0,1
7844161,1528,1,154,0,1
7893497,1528,1,155,0,1
7942829,1528,1,156,0,1
7992165,1528,1,157,0,1
8041497,1528,1,158,0,1
8090833,1528,1,159,0,1
8140165,1528,1,160,0,1
8189501,1528,1,161,0,1
8238833,1528,1,162,0,1
8288169,1528,1,163,0,1
8337501,1528,1,164,0,1
8386837,1528,1,165,0,1
8436169,1528,1,166,0,1
8485505,1528,1,167,0,1
8534837,1528,1,168,0,1
8584173,1528,1,169,0,1
8633505,1528,1,170,0,1
8682841,1528,1,171,0,1
8732173,1528,1,172,0,1
8781509,1528,1,173,0,1
8830841,1528,1,174,0,1
8880177,1528,1,175,0,1
8929509,1528,1,176,0,1
8978845,1528,1,177,0,1
9028177,1528,1,178,0,1
9077513,1528,1,179,0,1
9126845,1528,1,180,0,1
9176181,1528,1,181,0,1
9225513,1528,1,182,0,1
9274849,1528,1,183,0,1
9324181,1528,1,184,0,1
9373517,1528,1,185,0,1
9422849,1528,1,186,0,1
9472185,1528,1,187,0,1
9521517,1528,1,188,0,1
9570853,1528,1,189,0,1
9620185,1528,1,190,0,1
9669521,1528,1,191,0,1
9718853,1528,1,192,0,1
9768189,1528,1,193,0,1
9817521,1528,1,194,0,1
9866857,1528,1,195,0,1
9916189,1528,1,196,0,1
9965525,1528,1,197,0,1
10014857,1528,1,198,0,1
10064193,1528,1,199,0,1
10113525,1528,1,200,0,1
10162861,1528,1,201,0,1
10212193,1528,1,202,0,1
10261529,1528,1,203,0,1
10310861,1528,1,204,0,1
10360197,1528,1,205,0,1
10409529,1528,1,206,0,1
10458865,1528,1,207,0,1
10508197,1528,1,208,0,1
10557533,1528,1,209,0,1
10606865,1528,1,210,0,1
10656201,1528,1,211,0,1
10705533,1528,1,212,0,1
10754869,1528,1,213,0,1
10804201,1528,1,214,0,1
10853537,1528,1,215,0,1
10902869,1528,1,216,0,1
10952205,1528,1,217,0,1
11001537,1528,1,218,0,1
11050873,1528,1,219,0,1
11100205,1528,1,220,0,1
11149541,1528,1,221,0,1
11198873,1528,1,222,0,1
11248209,1528,1,223,0,1
11297541,1528,1,224,0,1
11346873,1528,1,225,0,1
11396209,1528,1,226,0,1
11445541,1528,1,227,0,1
11494877,1528,1,228,0,1
11544209,1528,1,229,0,1
11593545,1528,1,230,0,1
11642877,1528,1,231,0,1
11692213,1528,1,232,0,1
11741545,1528,1,233,0,1
11790881,1528,1,234,0,1
11840213,1528,1,235,0,1
11889549,1528,1,236,0,1
11938881,1528,1,237,0,1
11988217,1528,1,238,0,1
12037549,1528,1,239,0,1
12086885,1528,1,240,0,1
12136217,1528,1,241,0,1
12185553,1528,1,242,0,1
12234885,1528,1,243,0,1
12284221,1528,1,244,0,1
12333553,1528,1,245,0,1
12382889,1528,1,246,0,1
12432221,1528,1,247,0,1
12481557,1528,1,248,0,1
12530889,1528,1,249,0,1
12580225,1528,1,250,0,1
12629557,1528,1,251,0,1
12678893,1528,1,252,0,1
12728225,1528,1,253,0,1
12777561,1528,1,254,0,1
12826893,1528,1,255,0,1
12876229,1528,1,256,0,1
12925561,1528,1,257,0,1
12974897,1528,1,258,0,1
13024229,1528,1,259,0,1
13073565,1528,1,260,0,1
13122897,1528,1,261,0,1
13172233,1528,1,262,0,1
13221565,1528,1,263,0,1
13270901,1528,1,264,0,1
13320233,1528,1,265,0,1
13369569,1528,1,266,0,1
13418901,1528,1,267,0,1
13468237,1528,1,268,0,1
13517569,1528,1,269,0,1
13566905,1528,1,270,0,1
13616237,1528,1,271,0,1
13665573,1528,1,272,0,1
13714905,1528,1,273,0,1
13764241,1528,1,274,0,1
13813573,1528,1,275,0,1
13862909,1528,1,276,0,1
13912241,1528,1,277,0,1
13961577,1528,1,278,0,1
14010909,1528,1,279,0,1
14060245,1528,1,280,0,1
14109577,1528,1,281,0,1
14158913,1528,1,282,0,1
14208245,1528,1,283,0,1
14257581,1528,1,284,0,1
14306913,1528,1,285,0,1
14356249,1528,1,286,0,1
14405581,1528,1,287,0,1
14454917,1528,1,288,0,1
14504249,1528,1,289,0,1
14553585,1528,1,290,0,1
14602917,1528,1,291,0,1
14652253,1528,1,292,0,1
14701585,1528,1,293,0,1
14750921,1528,1,294,0,1
14800253,1528,1,295,0,1
14849589,1528,1,296,0,1
14898921,1528,1,297,0,1
14948253,1528,1,298,0,1
14997589,1528,1,299,0,1
15046921,1528,1,300,0,1
15096257,1528,1,301,0,1
15145589,1528,1,302,0,1
15194925,1528,1,303,0,1
15244257,1528,1,304,0,1
15293593,1528,1,305,0,1
15342925,1528,1,306,0,1
15392261,1528,1,307,0,1
15441593,1528,1,308,0,1
15490929,1528,1,309,0,1
15540261,1528,1,310,0,1
15589597,1528,1,311,0,1
15638929,1528,1,312,0,1
15688265,1528,1,313,0,1
15737597,1528,1,314,0,1
15786933,1528,1,315,0,1
15836265,1528,1,316,0,1
15885601,1528,1,317,0,1
15934933,1528,1,318,0,1
15984269,1528,1,319,0,1
16033601,1528,1,320,0,1
16082937,1528,1,321,0,1
16132269,1528,1,322,0,1
16181605,1528,1,323,0,1
16230937,1528,1,324,0,1
16280273,1528,1,325,0,1
16329605,1528,1,326,0,1
16378941,1528,1,327,0,1
16428273,1528,1,328,0,1
16477609,1528,1,329,0,1
16526941,1528,1,330,0,1
16576277,1528,1,331,0,1
16625609,1528,1,332,0,1
16674945,1528,1,333,0,1
16724277,1528,1,334,0,1
16773613,1528,1,335,0,1
16822945,1528,1,336,0,1
16872281,1528,1,337,0,1
16921613,1528,1,338,0,1
16970949,1528,1,339,0,1
17020281,1528,1,340,0,1
17069617,1528,1,341,0,1
17118949,1528,1,342,0,1
17168285,1528,1,343,0,1
17217617,1528,1,344,0,1
17266953,1528,1,345,0,1
17316285,1528,1,346,0,1
17365621,1528,1,347,0,1
17414953,1528,1,348,0,1
17464289,1528,1,349,0,1
17513621,1528,1,350,0,1
17562957,1528,1,351,0,1
17612289,1528,1,352,0,1
17661625,1528,1,353,0,1
17710957,1528,1,354,0,1
17760293,1528,1,355,0,1
17809625,1528,1,356,0,1
17858961,1528,1,357,0,1
17908293,1528,1,358,0,1
17957629,1528,1,359,0,1
18006961,1528,1,360,0,1
18056297,1528,1,361,0,1
18105629,1528,1,362,0,1
18154965,1528,1,363,0,1
18204297,1528,1,364,0,1
18253633,1528,1,365,0,1
18302965,1528,1,366,0,1
18352301,1528,1,367,0,1
18401633,1528,1,368,0,1
18450969,1528,1,369,0,1
18500301,1528,1,370,0,1
18549637,1528,1,371,0,1
18598969,1528,1,372,0,1
18648305,1528,1,373,0,1
18697637,1528,1,374,0,1
18746969,1528,1,375,0,1
18796305,1528,1,376,0,1
18845637,1528,1,377,0,1
18894973,1528,1,378,0,1
18944305,1528,1,379,0,1
18993641,1528,1,380,0,1
19042973,1528,1,381,0,1
19092309,1528,1,382,0,1
19141641,1528,1,383,0,1
19190977,1528,1,384,0,1
19240309,1528,1,385,0,1
19289645,1528,1,386,0,1
19338977,1528,1,387,0,1
19388313,1528,1,388,0,1
19437645,1528,1,389,0,1
19486981,1528,1,390,0,1
19536313,1528,1,391,0,1
19585649,1528,1,392,0,1
19634981,1528,1,393,0,1
19684317,1528,1,394,0,1
19733649,1528,1,395,0,1
19782985,1528,1,396,0,1
19832317,1528,1,397,0,1
19881653,1528,1,398,0,1
19930985,1528,1,399,0,1
19980321,1528,1,400,0,1
20029653,1528,1,401,0,1
20078989,1528,1,402,0,1
20128321,1528,1,403,0,1
20177657,1528,1,404,0,1
20226989,1528,1,405,0,1
20276325,1528,1,406,0,1
20325657,1528,1,407,0,1
20374993,1528,1,408,0,1
20424325,1528,1,409,0,1
20473661,1528,1,410,0,1
20522993,1528,1,411,0,1
20572329,1528,1,412,0,1
20621661,1528,1,413,0,1
20670997,1528,1,414,0,1
20720329,1528,1,415,0,1
20769665,1528,1,416,0,1
20818997,1528,1,417,0,1
20868333,1528,1,418,0,1
20917665,1528,1,419,0,1
20967001,1528,1,420,0,1
21016333,1528,1,421,0,1
21065669,1528,1,422,0,1
21114096,1528,1,423,0,1
21114096,1528,1,424,0,1
