# n,sidx,beat,slot_rtl,slot_harness,dt_enb,occ,tref,locked,opens
0,937590,937589,1,1,3,1,12295,1,8
1,1036262,1036261,1,1,3,1,12296,1,9
2,1085594,1085593,1,1,3,2,12295,1,10
3,1134930,1134929,1,1,3,2,12295,1,11
4,1184266,1184265,1,1,3,3,12295,1,12
5,1233602,1233601,1,1,3,3,12295,1,13
6,1282938,1282937,1,1,3,4,12295,1,14
7,1332274,1332273,1,1,3,4,12295,1,15
8,1381610,1381609,1,1,3,5,12295,1,16
9,1430946,1430945,1,1,3,5,12295,1,17
10,1480282,1480281,1,1,3,6,12295,1,18
11,1529618,1529617,1,1,3,6,12295,1,19
12,1578954,1578953,1,1,3,7,12295,1,20
13,1628290,1628289,1,1,3,7,12295,1,21
14,1677626,1677625,1,1,3,8,12295,1,22
15,1726962,1726961,1,1,3,8,12295,1,23
16,1776298,1776297,1,1,3,9,12295,1,24
17,1874970,1874969,1,1,3,9,12296,1,26
18,1973638,1973637,1,1,3,9,12296,1,28
19,2072306,2072305,1,1,3,9,12296,1,30
20,2170974,2170973,1,1,3,9,12296,1,32
21,2269642,2269641,1,1,3,9,12296,1,34
22,2368310,2368309,1,1,3,9,12296,1,36
23,2466978,2466977,1,1,3,9,12296,1,38
24,2565646,2565645,1,1,3,9,12296,1,40
25,2664314,2664313,1,1,3,9,12296,1,42
26,2762982,2762981,1,1,3,9,12296,1,44
27,2861650,2861649,1,1,3,9,12296,1,46
28,2960318,2960317,1,1,3,9,12296,1,48
29,3058986,3058985,1,1,3,9,12296,1,50
30,3157654,3157653,1,1,3,9,12296,1,52
31,3256322,3256321,1,1,3,9,12296,1,54
32,3354990,3354989,1,1,3,9,12296,1,56
33,3453658,3453657,1,1,3,9,12296,1,58
34,3552326,3552325,1,1,3,9,12296,1,60
35,3650994,3650993,1,1,3,9,12296,1,62
36,3798994,3798993,1,1,3,9,12296,1,65
37,3897662,3897661,1,1,3,9,12296,1,67
38,3996330,3996329,1,1,3,9,12296,1,69
39,4094998,4094997,1,1,3,9,12296,1,71
40,4193666,4193665,1,1,3,9,12296,1,73
41,4292334,4292333,1,1,3,9,12296,1,75
42,4391002,4391001,1,1,3,9,12296,1,77
43,4489670,4489669,1,1,3,9,12296,1,79
44,4588338,4588337,1,1,3,9,12296,1,81
45,4687006,4687005,1,1,3,9,12296,1,83
46,4785674,4785673,1,1,3,9,12296,1,85
47,4884342,4884341,1,1,3,9,12296,1,87
48,4983010,4983009,1,1,3,9,12296,1,89
49,5081678,5081677,1,1,3,9,12296,1,91
50,5180346,5180345,1,1,3,9,12296,1,93
51,5279014,5279013,1,1,3,9,12296,1,95
52,5377682,5377681,1,1,3,9,12296,1,97
53,5476350,5476349,1,1,3,9,12296,1,99
54,5575018,5575017,1,1,3,9,12296,1,101
55,5673686,5673685,1,1,3,9,12296,1,103
56,5772354,5772353,1,1,3,9,12296,1,105
57,5871022,5871021,1,1,3,9,12296,1,107
58,5969690,5969689,1,1,3,9,12296,1,109
59,6068358,6068357,1,1,3,9,12296,1,111
60,6167026,6167025,1,1,3,9,12296,1,113
61,6265694,6265693,1,1,3,9,12296,1,115
62,6364362,6364361,1,1,3,9,12296,1,117
63,6463030,6463029,1,1,3,9,12296,1,119
64,6561698,6561697,1,1,3,9,12296,1,121
65,6660366,6660365,1,1,3,9,12296,1,123
66,6759034,6759033,1,1,3,9,12296,1,125
67,6907034,6907033,1,1,3,8,12296,1,127
68,6956366,6956365,1,1,3,9,12295,1,128
69,7055038,7055037,1,1,3,9,12296,1,130
70,7153706,7153705,1,1,3,9,12296,1,132
71,7252374,7252373,1,1,3,9,12296,1,134
72,7351042,7351041,1,1,3,9,12296,1,136
73,7499042,7499041,1,1,3,9,12296,1,139
74,7597710,7597709,1,1,3,9,12296,1,141
75,7696378,7696377,1,1,3,9,12296,1,143
76,7795046,7795045,1,1,3,9,12296,1,145
77,7893714,7893713,1,1,3,9,12296,1,147
78,7992382,7992381,1,1,3,9,12296,1,149
79,8091050,8091049,1,1,3,9,12296,1,151
80,8189718,8189717,1,1,3,9,12296,1,153
81,8288386,8288385,1,1,3,9,12296,1,155
82,8387054,8387053,1,1,3,9,12296,1,157
83,8485722,8485721,1,1,3,9,12296,1,159
84,8584390,8584389,1,1,3,9,12296,1,161
85,8683058,8683057,1,1,3,9,12296,1,163
86,8781726,8781725,1,1,3,9,12296,1,165
87,8880394,8880393,1,1,3,9,12296,1,167
88,8979062,8979061,1,1,3,9,12296,1,169
89,9077730,9077729,1,1,3,9,12296,1,171
90,9176398,9176397,1,1,3,9,12296,1,173
91,9275066,9275065,1,1,3,9,12296,1,175
92,9373734,9373733,1,1,3,9,12296,1,177
93,9472402,9472401,1,1,3,9,12296,1,179
94,9571070,9571069,1,1,3,9,12296,1,181
95,9669738,9669737,1,1,3,9,12296,1,183
96,9768406,9768405,1,1,3,9,12296,1,185
97,9867074,9867073,1,1,3,9,12296,1,187
98,9965742,9965741,1,1,3,9,12296,1,189
99,10064410,10064409,1,1,3,9,12296,1,191
100,10163078,10163077,1,1,3,9,12296,1,193
101,10261746,10261745,1,1,3,9,12296,1,195
102,10360414,10360413,1,1,3,9,12296,1,197
103,10459082,10459081,1,1,3,9,12296,1,199
104,10557750,10557749,1,1,3,9,12296,1,201
105,10656418,10656417,1,1,3,9,12296,1,203
106,10755086,10755085,1,1,3,9,12296,1,205
107,10853754,10853753,1,1,3,9,12296,1,207
108,10952422,10952421,1,1,3,9,12296,1,209
109,11051090,11051089,1,1,3,9,12296,1,211
110,11149758,11149757,1,1,3,9,12296,1,213
111,11297758,11297757,1,1,3,9,12296,1,216
112,11396426,11396425,1,1,3,9,12296,1,218
113,11495094,11495093,1,1,3,9,12296,1,220
114,11593762,11593761,1,1,3,9,12296,1,222
115,11692430,11692429,1,1,3,9,12296,1,224
116,11791098,11791097,1,1,3,9,12296,1,226
117,11889766,11889765,1,1,3,9,12296,1,228
118,11988434,11988433,1,1,3,9,12296,1,230
119,12087102,12087101,1,1,3,9,12296,1,232
120,12185770,12185769,1,1,3,9,12296,1,234
121,12284438,12284437,1,1,3,9,12296,1,236
122,12383106,12383105,1,1,3,9,12296,1,238
123,12481774,12481773,1,1,3,9,12296,1,240
124,12580442,12580441,1,1,3,9,12296,1,242
125,12679110,12679109,1,1,3,9,12296,1,244
126,12777778,12777777,1,1,3,9,12296,1,246
127,12876446,12876445,1,1,3,9,12296,1,248
128,12975114,12975113,1,1,3,9,12296,1,250
129,13073782,13073781,1,1,3,9,12296,1,252
130,13172450,13172449,1,1,3,9,12296,1,254
131,13271118,13271117,1,1,3,9,12296,1,256
132,13369786,13369785,1,1,3,9,12296,1,258
133,13468454,13468453,1,1,3,9,12296,1,260
134,13567122,13567121,1,1,3,9,12296,1,262
135,13665790,13665789,1,1,3,9,12296,1,264
136,13764458,13764457,1,1,3,9,12296,1,266
137,13863126,13863125,1,1,3,9,12296,1,268
138,13961794,13961793,1,1,3,9,12296,1,270
139,14060462,14060461,1,1,3,9,12296,1,272
140,14159130,14159129,1,1,3,9,12296,1,274
141,14257798,14257797,1,1,3,9,12296,1,276
142,14356466,14356465,1,1,3,9,12296,1,278
143,14455134,14455133,1,1,3,9,12296,1,280
144,14553802,14553801,1,1,3,9,12296,1,282
145,14652470,14652469,1,1,3,9,12296,1,284
146,14751138,14751137,1,1,3,9,12296,1,286
147,14899138,14899137,1,1,3,9,12296,1,289
148,14997806,14997805,1,1,3,9,12296,1,291
149,15096474,15096473,1,1,3,9,12296,1,293
150,15195142,15195141,1,1,3,9,12296,1,295
151,15293810,15293809,1,1,3,9,12296,1,297
152,15392478,15392477,1,1,3,9,12296,1,299
153,15491146,15491145,1,1,3,9,12296,1,301
154,15589814,15589813,1,1,3,9,12296,1,303
155,15688482,15688481,1,1,3,9,12296,1,305
156,15787150,15787149,1,1,3,9,12296,1,307
157,15885818,15885817,1,1,3,9,12296,1,309
158,15984486,15984485,1,1,3,9,12296,1,311
159,16083154,16083153,1,1,3,9,12296,1,313
160,16181822,16181821,1,1,3,9,12296,1,315
161,16280490,16280489,1,1,3,9,12296,1,317
162,16379158,16379157,1,1,3,9,12296,1,319
163,16477826,16477825,1,1,3,9,12296,1,321
164,16576494,16576493,1,1,3,9,12296,1,323
165,16675162,16675161,1,1,3,9,12296,1,325
166,16773830,16773829,1,1,3,9,12296,1,327
167,16872498,16872497,1,1,3,9,12296,1,329
168,16971166,16971165,1,1,3,9,12296,1,331
169,17069834,17069833,1,1,3,9,12296,1,333
170,17168502,17168501,1,1,3,9,12296,1,335
171,17267170,17267169,1,1,3,9,12296,1,337
172,17365838,17365837,1,1,3,9,12296,1,339
173,17464506,17464505,1,1,3,9,12296,1,341
174,17563174,17563173,1,1,3,9,12296,1,343
175,17661842,17661841,1,1,3,9,12296,1,345
176,17760510,17760509,1,1,3,9,12296,1,347
177,17859178,17859177,1,1,3,9,12296,1,349
178,17957846,17957845,1,1,3,9,12296,1,351
179,18056514,18056513,1,1,3,9,12296,1,353
180,18155182,18155181,1,1,3,9,12296,1,355
181,18253850,18253849,1,1,3,9,12296,1,357
182,18352518,18352517,1,1,3,9,12296,1,359
183,18451186,18451185,1,1,3,9,12296,1,361
184,18549854,18549853,1,1,3,9,12296,1,363
185,18697854,18697853,1,1,3,9,12296,1,366
186,18796522,18796521,1,1,3,9,12296,1,368
187,18895190,18895189,1,1,3,9,12296,1,370
188,18993858,18993857,1,1,3,9,12296,1,372
189,19092526,19092525,1,1,3,9,12296,1,374
190,19191194,19191193,1,1,3,9,12296,1,376
191,19289862,19289861,1,1,3,9,12296,1,378
192,19388530,19388529,1,1,3,9,12296,1,380
193,19487198,19487197,1,1,3,9,12296,1,382
194,19585866,19585865,1,1,3,9,12296,1,384
195,19684534,19684533,1,1,3,9,12296,1,386
196,19783202,19783201,1,1,3,9,12296,1,388
197,19881870,19881869,1,1,3,9,12296,1,390
198,19980538,19980537,1,1,3,9,12296,1,392
199,20079206,20079205,1,1,3,9,12296,1,394
200,20177874,20177873,1,1,3,9,12296,1,396
201,20276542,20276541,1,1,3,9,12296,1,398
202,20375210,20375209,1,1,3,9,12296,1,400
203,20473878,20473877,1,1,3,9,12296,1,402
204,20572546,20572545,1,1,3,9,12296,1,404
205,20671214,20671213,1,1,3,9,12296,1,406
206,20769882,20769881,1,1,3,9,12296,1,408
207,20868550,20868549,1,1,3,9,12296,1,410
208,20967218,20967217,1,1,3,9,12296,1,412
209,21065886,21065885,1,1,3,9,12296,1,414
