# sidx,nbytes,magic,seq,nbad,ok
148045,1528,0,0,-1,0
197377,1528,0,1819043144,-1,0
246709,1528,0,1819043144,-1,0
296041,1528,0,1819043144,-1,0
345373,1528,0,1819043144,-1,0
394705,1528,0,1819043144,-1,0
444037,1528,0,1819043144,-1,0
493369,1528,0,1819043144,-1,0
542701,1528,0,1819043144,-1,0
592037,1528,0,1819043144,-1,0
641373,1528,0,1819043144,-1,0
690709,1528,0,1819043144,-1,0
740045,1528,0,1819043144,-1,0
789377,1528,0,1819043144,-1,0
838709,1528,0,1819043144,-1,0
888041,1528,0,1819043144,-1,0
937377,1528,0,1819043144,-1,0
986709,1528,0,1819043144,-1,0
1036041,1528,0,1819043144,-1,0
1085373,1528,0,1819043144,-1,0
1134705,1528,0,1819043144,-1,0
1184037,1528,0,1819043144,-1,0
1233369,1528,0,1819043144,-1,0
1282701,1528,0,1819043144,-1,0
1332033,1528,0,1819043144,-1,0
1381365,1528,0,1819043144,-1,0
1430697,1528,0,1819043144,-1,0
1480029,1528,0,1819043144,-1,0
1529361,1528,0,1819043144,-1,0
1578693,1528,0,1819043144,-1,0
1628025,1528,0,1819043144,-1,0
1677357,1528,0,1819043144,-1,0
1726689,1528,0,1819043144,-1,0
1776021,1528,0,1819043144,-1,0
1825353,1528,0,1819043144,-1,0
1874685,1528,0,1819043144,-1,0
1924017,1528,0,1819043144,-1,0
1973349,1528,0,1819043144,-1,0
2022681,1528,0,1819043144,-1,0
2072013,1528,0,1819043144,-1,0
2121345,1528,0,1819043144,-1,0
2170677,1528,0,1819043144,-1,0
2220009,1528,0,1819043144,-1,0
2269341,1528,0,1819043144,-1,0
2318673,1528,0,1819043144,-1,0
2368005,1528,0,1819043144,-1,0
2417337,1528,0,1819043144,-1,0
2466669,1528,0,1819043144,-1,0
2516005,1528,0,1819043144,-1,0
2565337,1528,0,1819043144,-1,0
2614669,1528,0,1819043144,-1,0
2664001,1528,0,1819043144,-1,0
2713333,1528,0,1819043144,-1,0
2762665,1528,0,1819043144,-1,0
2811997,1528,0,1819043144,-1,0
2861329,1528,0,1819043144,-1,0
2910661,1528,0,1819043144,-1,0
2959993,1528,0,1819043144,-1,0
3009325,1528,0,1819043144,-1,0
3058657,1528,0,1819043144,-1,0
3107989,1528,0,1819043144,-1,0
3157321,1528,0,1819043144,-1,0
3206653,1528,0,1819043144,-1,0
3255985,1528,0,1819043144,-1,0
3305317,1528,0,1819043144,-1,0
3354649,1528,0,1819043144,-1,0
3403981,1528,0,1819043144,-1,0
3453313,1528,0,1819043144,-1,0
3502645,1528,0,1819043144,-1,0
3551977,1528,0,1819043144,-1,0
3601309,1528,0,1819043144,-1,0
3650641,1528,0,1819043144,-1,0
3699973,1528,0,1819043144,-1,0
3749305,1528,0,1819043144,-1,0
3798637,1528,0,1819043144,-1,0
3847969,1528,0,1819043144,-1,0
3897301,1528,0,1819043144,-1,0
3946633,1528,0,1819043144,-1,0
3995965,1528,0,1819043144,-1,0
4045297,1528,0,1819043144,-1,0
4094633,1528,0,1819043144,-1,0
4143965,1528,0,1819043144,-1,0
4193297,1528,0,1819043144,-1,0
4242629,1528,0,1819043144,-1,0
4291961,1528,0,1819043144,-1,0
4341293,1528,0,1819043144,-1,0
4390625,1528,0,1819043144,-1,0
4439957,1528,0,1819043144,-1,0
4489289,1528,0,1819043144,-1,0
4538621,1528,0,1819043144,-1,0
4587953,1528,0,1819043144,-1,0
4637285,1528,0,1819043144,-1,0
4686617,1528,0,1819043144,-1,0
4735949,1528,0,1819043144,-1,0
4785281,1528,0,1819043144,-1,0
4834613,1528,0,1819043144,-1,0
4883945,1528,0,1819043144,-1,0
4933277,1528,0,1819043144,-1,0
4982609,1528,0,1819043144,-1,0
5031941,1528,0,1819043144,-1,0
5081273,1528,0,1819043144,-1,0
5130605,1528,0,1819043144,-1,0
5179937,1528,0,1819043144,-1,0
5229269,1528,0,1819043144,-1,0
5278601,1528,0,1819043144,-1,0
5327933,1528,0,1819043144,-1,0
5377265,1528,0,1819043144,-1,0
5426597,1528,0,1819043144,-1,0
5475929,1528,0,1819043144,-1,0
5525261,1528,0,1819043144,-1,0
5574593,1528,0,1819043144,-1,0
5623925,1528,0,1819043144,-1,0
5673257,1528,0,1819043144,-1,0
5722593,1528,0,1819043144,-1,0
5771925,1528,0,1819043144,-1,0
5821257,1528,0,1819043144,-1,0
5870589,1528,0,1819043144,-1,0
5919921,1528,0,1819043144,-1,0
5969253,1528,0,1819043144,-1,0
6018585,1528,0,1819043144,-1,0
6067917,1528,0,1819043144,-1,0
6117249,1528,0,1819043144,-1,0
6166581,1528,0,1819043144,-1,0
6215913,1528,0,1819043144,-1,0
6265245,1528,0,1819043144,-1,0
6314577,1528,0,1819043144,-1,0
6363909,1528,0,1819043144,-1,0
6413241,1528,0,1819043144,-1,0
6462573,1528,0,1819043144,-1,0
6511905,1528,0,1819043144,-1,0
6561237,1528,0,1819043144,-1,0
6610569,1528,0,1819043144,-1,0
6659901,1528,0,1819043144,-1,0
6709233,1528,0,1819043144,-1,0
6758565,1528,0,1819043144,-1,0
6807897,1528,0,1819043144,-1,0
6857229,1528,0,1819043144,-1,0
6906561,1528,0,1819043144,-1,0
6955893,1528,0,1819043144,-1,0
7005225,1528,0,1819043144,-1,0
7054557,1528,0,1819043144,-1,0
7103889,1528,0,1819043144,-1,0
7153221,1528,0,1819043144,-1,0
7202553,1528,0,1819043144,-1,0
7251885,1528,0,1819043144,-1,0
7301221,1528,0,1819043144,-1,0
7350553,1528,0,1819043144,-1,0
7399885,1528,0,1819043144,-1,0
7449217,1528,0,1819043144,-1,0
7498549,1528,0,1819043144,-1,0
7547881,1528,0,1819043144,-1,0
7597213,1528,0,1819043144,-1,0
7646545,1528,0,1819043144,-1,0
7695877,1528,0,1819043144,-1,0
7745209,1528,0,1819043144,-1,0
7794541,1528,0,1819043144,-1,0
7843873,1528,0,1819043144,-1,0
7893205,1528,0,1819043144,-1,0
7942537,1528,0,1819043144,-1,0
7991869,1528,0,1819043144,-1,0
8041201,1528,0,1819043144,-1,0
8090533,1528,0,1819043144,-1,0
8139865,1528,0,1819043144,-1,0
8189197,1528,0,1819043144,-1,0
8238529,1528,0,1819043144,-1,0
8287861,1528,0,1819043144,-1,0
8337193,1528,0,1819043144,-1,0
8386525,1528,0,1819043144,-1,0
8435857,1528,0,1819043144,-1,0
8485189,1528,0,1819043144,-1,0
8534521,1528,0,1819043144,-1,0
8583853,1528,0,1819043144,-1,0
8633185,1528,0,1819043144,-1,0
8682517,1528,0,1819043144,-1,0
8731849,1528,0,1819043144,-1,0
8781181,1528,0,1819043144,-1,0
8830513,1528,0,1819043144,-1,0
8879845,1528,0,1819043144,-1,0
8929181,1528,0,1819043144,-1,0
8978513,1528,0,1819043144,-1,0
9027845,1528,0,1819043144,-1,0
9077177,1528,0,1819043144,-1,0
9126509,1528,0,1819043144,-1,0
9175841,1528,0,1819043144,-1,0
9225173,1528,0,1819043144,-1,0
9274505,1528,0,1819043144,-1,0
9323837,1528,0,1819043144,-1,0
9373169,1528,0,1819043144,-1,0
9422501,1528,0,1819043144,-1,0
9471833,1528,0,1819043144,-1,0
9521165,1528,0,1819043144,-1,0
9570497,1528,0,1819043144,-1,0
9619829,1528,0,1819043144,-1,0
9669161,1528,0,1819043144,-1,0
9718493,1528,0,1819043144,-1,0
9767825,1528,0,1819043144,-1,0
9817157,1528,0,1819043144,-1,0
9866489,1528,0,1819043144,-1,0
9915821,1528,0,1819043144,-1,0
10011813,1528,0,1819043144,-1,0
10061145,1528,0,1819043144,-1,0
10110477,1528,0,1819043144,-1,0
10159809,1528,0,1819043144,-1,0
10209141,1528,0,1819043144,-1,0
10258473,1528,0,1819043144,-1,0
10307809,1528,0,1819043144,-1,0
10357141,1528,0,1819043144,-1,0
10406473,1528,0,1819043144,-1,0
10455805,1528,0,1819043144,-1,0
10505137,1528,0,1819043144,-1,0
10554469,1528,0,1819043144,-1,0
10603801,1528,0,1819043144,-1,0
10653133,1528,0,1819043144,-1,0
10702465,1528,0,1819043144,-1,0
10751797,1528,0,1819043144,-1,0
10801129,1528,0,1819043144,-1,0
10850461,1528,0,1819043144,-1,0
10899793,1528,0,1819043144,-1,0
10949125,1528,0,1819043144,-1,0
10998457,1528,0,1819043144,-1,0
11047789,1528,0,1819043144,-1,0
11097121,1528,0,1819043144,-1,0
11146453,1528,0,1819043144,-1,0
11195785,1528,0,1819043144,-1,0
11245117,1528,0,1819043144,-1,0
11294449,1528,0,1819043144,-1,0
11343781,1528,0,1819043144,-1,0
11393113,1528,0,1819043144,-1,0
11442445,1528,0,1819043144,-1,0
11491777,1528,0,1819043144,-1,0
11541109,1528,0,1819043144,-1,0
11590441,1528,0,1819043144,-1,0
11639773,1528,0,1819043144,-1,0
11689105,1528,0,1819043144,-1,0
11738437,1528,0,1819043144,-1,0
11787769,1528,0,1819043144,-1,0
11837101,1528,0,1819043144,-1,0
11886433,1528,0,1819043144,-1,0
11935769,1528,0,1819043144,-1,0
11985101,1528,0,1819043144,-1,0
12034433,1528,0,1819043144,-1,0
12083765,1528,0,1819043144,-1,0
12133097,1528,0,1819043144,-1,0
12182429,1528,0,1819043144,-1,0
12231761,1528,0,1819043144,-1,0
12281093,1528,0,1819043144,-1,0
12330425,1528,0,1819043144,-1,0
12379757,1528,0,1819043144,-1,0
12429089,1528,0,1819043144,-1,0
12478421,1528,0,1819043144,-1,0
12527753,1528,0,1819043144,-1,0
12577085,1528,0,1819043144,-1,0
12626417,1528,0,1819043144,-1,0
12675749,1528,0,1819043144,-1,0
12725081,1528,0,1819043144,-1,0
12774413,1528,0,1819043144,-1,0
12823745,1528,0,1819043144,-1,0
12873077,1528,0,1819043144,-1,0
12922409,1528,0,1819043144,-1,0
12971741,1528,0,1819043144,-1,0
13021073,1528,0,1819043144,-1,0
13070405,1528,0,1819043144,-1,0
13119737,1528,0,1819043144,-1,0
13169069,1528,0,1819043144,-1,0
13218401,1528,0,1819043144,-1,0
13267733,1528,0,1819043144,-1,0
13317065,1528,0,1819043144,-1,0
13366397,1528,0,1819043144,-1,0
13415729,1528,0,1819043144,-1,0
13465061,1528,0,1819043144,-1,0
13514397,1528,0,1819043144,-1,0
13563729,1528,0,1819043144,-1,0
13613061,1528,0,1819043144,-1,0
13662393,1528,0,1819043144,-1,0
13711725,1528,0,1819043144,-1,0
13761057,1528,0,1819043144,-1,0
13810389,1528,0,1819043144,-1,0
13859721,1528,0,1819043144,-1,0
13909053,1528,0,1819043144,-1,0
13958385,1528,0,1819043144,-1,0
14007717,1528,0,1819043144,-1,0
14057049,1528,0,1819043144,-1,0
14106381,1528,0,1819043144,-1,0
14155713,1528,0,1819043144,-1,0
14205045,1528,0,1819043144,-1,0
14254377,1528,0,1819043144,-1,0
14303709,1528,0,1819043144,-1,0
14353041,1528,0,1819043144,-1,0
14402373,1528,0,1819043144,-1,0
14451705,1528,0,1819043144,-1,0
14501037,1528,0,1819043144,-1,0
14550369,1528,0,1819043144,-1,0
14599701,1528,0,1819043144,-1,0
14649033,1528,0,1819043144,-1,0
14698365,1528,0,1819043144,-1,0
14747697,1528,0,1819043144,-1,0
14797029,1528,0,1819043144,-1,0
14846361,1528,0,1819043144,-1,0
14895693,1528,0,1819043144,-1,0
14945025,1528,0,1819043144,-1,0
14994357,1528,0,1819043144,-1,0
15043689,1528,0,1819043144,-1,0
15093025,1528,0,1819043144,-1,0
15142357,1528,0,1819043144,-1,0
15191689,1528,0,1819043144,-1,0
15241021,1528,0,1819043144,-1,0
15290353,1528,0,1819043144,-1,0
15339685,1528,0,1819043144,-1,0
15389017,1528,0,1819043144,-1,0
15438349,1528,0,1819043144,-1,0
15487681,1528,0,1819043144,-1,0
15537013,1528,0,1819043144,-1,0
15586345,1528,0,1819043144,-1,0
15635677,1528,0,1819043144,-1,0
15685009,1528,0,1819043144,-1,0
15734341,1528,0,1819043144,-1,0
15783673,1528,0,1819043144,-1,0
15833005,1528,0,1819043144,-1,0
15882337,1528,0,1819043144,-1,0
15931669,1528,0,1819043144,-1,0
15981001,1528,0,1819043144,-1,0
16030333,1528,0,1819043144,-1,0
16079665,1528,0,1819043144,-1,0
16128997,1528,0,1819043144,-1,0
16178329,1528,0,1819043144,-1,0
16227661,1528,0,1819043144,-1,0
16276993,1528,0,1819043144,-1,0
16326325,1528,0,1819043144,-1,0
16375657,1528,0,1819043144,-1,0
16424989,1528,0,1819043144,-1,0
16474321,1528,0,1819043144,-1,0
16523653,1528,0,1819043144,-1,0
16572985,1528,0,1819043144,-1,0
16622317,1528,0,1819043144,-1,0
16671649,1528,0,1819043144,-1,0
16720985,1528,0,1819043144,-1,0
16770317,1528,0,1819043144,-1,0
16819649,1528,0,1819043144,-1,0
16868981,1528,0,1819043144,-1,0
16918313,1528,0,1819043144,-1,0
16967645,1528,0,1819043144,-1,0
17016977,1528,0,1819043144,-1,0
17066309,1528,0,1819043144,-1,0
17115641,1528,0,1819043144,-1,0
17164973,1528,0,1819043144,-1,0
17214305,1528,0,1819043144,-1,0
17263637,1528,0,1819043144,-1,0
17312969,1528,0,1819043144,-1,0
17362301,1528,0,1819043144,-1,0
17411633,1528,0,1819043144,-1,0
17460965,1528,0,1819043144,-1,0
17510297,1528,0,1819043144,-1,0
17559629,1528,0,1819043144,-1,0
17608961,1528,0,1819043144,-1,0
17658293,1528,0,1819043144,-1,0
17707625,1528,0,1819043144,-1,0
17756957,1528,0,1819043144,-1,0
17806289,1528,0,1819043144,-1,0
17855621,1528,0,1819043144,-1,0
17904953,1528,0,1819043144,-1,0
17954285,1528,0,1819043144,-1,0
18003617,1528,0,1819043144,-1,0
18052949,1528,0,1819043144,-1,0
18102281,1528,0,1819043144,-1,0
18151613,1528,0,1819043144,-1,0
18200945,1528,0,1819043144,-1,0
18250277,1528,0,1819043144,-1,0
18299613,1528,0,1819043144,-1,0
18348945,1528,0,1819043144,-1,0
18398277,1528,0,1819043144,-1,0
18447609,1528,0,1819043144,-1,0
18496941,1528,0,1819043144,-1,0
18546273,1528,0,1819043144,-1,0
18595605,1528,0,1819043144,-1,0
18644937,1528,0,1819043144,-1,0
18694269,1528,0,1819043144,-1,0
18743601,1528,0,1819043144,-1,0
18792933,1528,0,1819043144,-1,0
18842265,1528,0,1819043144,-1,0
18891597,1528,0,1819043144,-1,0
18940929,1528,0,1819043144,-1,0
18990261,1528,0,1819043144,-1,0
19039593,1528,0,1819043144,-1,0
19088925,1528,0,1819043144,-1,0
19138257,1528,0,1819043144,-1,0
19187589,1528,0,1819043144,-1,0
19236921,1528,0,1819043144,-1,0
19286253,1528,0,1819043144,-1,0
19335585,1528,0,1819043144,-1,0
19384917,1528,0,1819043144,-1,0
19434249,1528,0,1819043144,-1,0
19483581,1528,0,1819043144,-1,0
19532913,1528,0,1819043144,-1,0
19582245,1528,0,1819043144,-1,0
19631577,1528,0,1819043144,-1,0
19680909,1528,0,1819043144,-1,0
19730241,1528,0,1819043144,-1,0
19779573,1528,0,1819043144,-1,0
19828905,1528,0,1819043144,-1,0
19878237,1528,0,1819043144,-1,0
19927573,1528,0,1819043144,-1,0
19976905,1528,0,1819043144,-1,0
20026237,1528,0,1819043144,-1,0
20075569,1528,0,1819043144,-1,0
20124901,1528,0,1819043144,-1,0
20174233,1528,0,1819043144,-1,0
20223565,1528,0,1819043144,-1,0
20272897,1528,0,1819043144,-1,0
20322229,1528,0,1819043144,-1,0
20371561,1528,0,1819043144,-1,0
20420893,1528,0,1819043144,-1,0
20470225,1528,0,1819043144,-1,0
20519440,1528,0,1819043144,-1,0
20519440,1528,0,1819043144,-1,0
