# sidx,nbytes,magic,seq,nbad,ok
197361,1528,0,0,-1,0
246817,1528,0,0,-1,0
296149,1528,1,1,0,1
345481,1528,1,2,0,1
394813,1528,1,3,0,1
444145,1528,1,4,0,1
493477,1528,1,5,0,1
542809,1528,1,6,0,1
592141,1528,1,7,0,1
641469,1528,1,8,0,1
690797,1528,0,1310785536,-1,0
740125,1528,0,1910354639,-1,0
789453,1528,0,870323026,-1,0
838781,1528,0,3803463706,-1,0
888109,1528,0,3837022234,-1,0
937437,1528,0,3769925658,-1,0
986769,1528,0,3837046810,-1,0
1036101,1528,0,3901243418,-1,0
1085433,1528,0,2810724378,-1,0
1134765,1528,0,3901489178,-1,0
1184097,1528,0,2760638490,-1,0
1233429,1528,0,3833872410,-1,0
1282761,1528,0,2877571098,-1,0
1332093,1528,0,3833888794,-1,0
1381425,1528,0,2827255834,-1,0
1430757,1528,0,3817095194,-1,0
1480089,1528,0,3833872410,-1,0
1529421,1528,0,3766747162,-1,0
1578753,1528,0,3833856026,-1,0
1628085,1528,0,3884204058,-1,0
1677417,1528,0,3766763546,-1,0
1726749,1528,0,3833888794,-1,0
1776081,1528,0,3766779930,-1,0
1825413,1528,0,3834912794,-1,0
1874745,1528,0,3818651930,-1,0
1924077,1528,0,3834920986,-1,0
1973409,1528,0,3768336666,-1,0
2022741,1528,0,3768098842,-1,0
2072073,1528,0,3851976986,-1,0
2121405,1528,0,3768336410,-1,0
2170737,1528,0,3835445530,-1,0
2220069,1528,0,2945724442,-1,0
2269401,1528,0,2828271898,-1,0
2318733,1528,0,2895400986,-1,0
2368065,1528,0,3902030106,-1,0
2417397,1528,0,2878648346,-1,0
2466729,1528,0,3868492058,-1,0
2516061,1528,0,2828292122,-1,0
2565393,1528,0,3834921242,-1,0
2614725,1528,0,3766747418,-1,0
2664057,1528,0,3884187674,-1,0
2713389,1528,0,3766763802,-1,0
2762721,1528,0,3850649626,-1,0
2812053,1528,0,3834413338,-1,0
2861385,1528,0,3800858650,-1,0
2910717,1528,0,3834134810,-1,0
2960049,1528,0,3767025690,-1,0
3009381,1528,0,2860777754,-1,0
3058713,1528,0,2911109146,-1,0
3108045,1528,0,3900981530,-1,0
3157377,1528,0,2911125530,-1,0
3206709,1528,0,3833889050,-1,0
3256041,1528,0,2827255834,-1,0
3305373,1528,0,3833872666,-1,0
3354705,1528,0,2827239450,-1,0
3404037,1528,0,3837034522,-1,0
3453369,1528,0,2746523674,-1,0
3502701,1528,0,3837018138,-1,0
3552033,1528,0,2696167450,-1,0
3601365,1528,0,3803447322,-1,0
3650697,1528,0,2813599770,-1,0
3700029,1528,0,3803463706,-1,0
3749361,1528,0,2763276314,-1,0
3798693,1528,0,3887890458,-1,0
3848025,1528,0,3904155674,-1,0
3897357,1528,0,3837542426,-1,0
3946689,1528,0,3904131098,-1,0
3996021,1528,0,3954966554,-1,0
4045353,1528,0,3837538330,-1,0
4094685,1528,0,3904389146,-1,0
4144017,1528,0,3837284378,-1,0
4193349,1528,0,2693038106,-1,0
4242681,1528,0,3867443226,-1,0
4292013,1528,0,2693021722,-1,0
4341345,1528,0,3833872410,-1,0
4390677,1528,0,2760114202,-1,0
4440009,1528,0,3817078810,-1,0
4489341,1528,0,2760130586,-1,0
4538673,1528,0,3783540762,-1,0
4588005,1528,0,3934552090,-1,0
4637337,1528,0,3833888794,-1,0
4686669,1528,0,3900981274,-1,0
4736001,1528,0,3833872410,-1,0
4785333,1528,0,3867672602,-1,0
4834665,1528,0,3918004250,-1,0
4883997,1528,0,3834396698,-1,0
4933329,1528,0,3918282778,-1,0
4982661,1528,0,3834920986,-1,0
5031993,1528,0,3935584538,-1,0
5081325,1528,0,3834945562,-1,0
5130657,1528,0,3902046490,-1,0
5179989,1528,0,3918807066,-1,0
5229321,1528,0,4002693402,-1,0
5278653,1528,0,3918798874,-1,0
5327985,1528,0,3969122586,-1,0
5377317,1528,0,3835187226,-1,0
5426649,1528,0,2694332698,-1,0
5475981,1528,0,3835473946,-1,0
5525313,1528,0,2694611226,-1,0
5574645,1528,0,3818147866,-1,0
5623977,1528,0,2761703706,-1,0
5673309,1528,0,2710843418,-1,0
5722641,1528,0,2761687322,-1,0
5771973,1528,0,3900981530,-1,0
5821305,1528,0,3850649626,-1,0
5870637,1528,0,3900997914,-1,0
5919969,1528,0,3833888794,-1,0
5969301,1528,0,3968090394,-1,0
6018633,1528,0,3951312922,-1,0
6067965,1528,0,3968074010,-1,0
6117297,1528,0,3900964890,-1,0
6166629,1528,0,2743877914,-1,0
6215961,1528,0,3834396698,-1,0
6265293,1528,0,2693300506,-1,0
6314625,1528,0,3834150938,-1,0
6363957,1528,0,2810462490,-1,0
6413289,1528,0,3766763546,-1,0
6462621,1528,0,2760114458,-1,0
6511953,1528,0,2726559770,-1,0
6561285,1528,0,2887960860,-1,0
6610617,1528,0,2350958876,-1,0
6659949,1528,0,2359740700,-1,0
6709285,1528,0,2359740700,-1,0
6758617,1528,0,2888220956,-1,0
6857281,1600,0,2351218972,-1,0
6906613,1528,0,2359738652,-1,0
6955945,1528,0,2904742172,-1,0
7005277,1528,0,2367740188,-1,0
7054609,1528,0,2359744796,-1,0
7103945,1528,0,2359744796,-1,0
7153277,1528,0,2905002268,-1,0
7202609,1528,0,2368000284,-1,0
7251941,1528,0,2359742748,-1,0
7301273,1528,0,2359742748,-1,0
7350605,1528,0,2351225116,-1,0
7399937,1528,0,2368129308,-1,0
7449269,1528,0,2351094044,-1,0
7498601,1528,0,2351089948,-1,0
7547937,1528,0,2351223068,-1,0
7597269,1528,0,2368127260,-1,0
7646601,1528,0,2351354140,-1,0
7695933,1528,0,2351350044,-1,0
7745265,1528,0,2367998236,-1,0
7794597,1528,0,2351352092,-1,0
7843929,1528,0,2351089948,-1,0
7893261,1528,0,2351089948,-1,0
7942597,1528,0,2367734044,-1,0
7991929,1528,0,2351087900,-1,0
8041261,1528,0,2351350044,-1,0
8090593,1528,0,2351350044,-1,0
8139925,1528,0,2359740700,-1,0
8189257,1528,0,2376517916,-1,0
8238589,1528,0,2888223004,-1,0
8287921,1528,0,2300889372,-1,0
8337257,1528,0,2359738652,-1,0
8386589,1528,0,2376515868,-1,0
8435921,1528,0,2820849948,-1,0
8485253,1528,0,2367734044,-1,0
8534585,1528,0,2376522012,-1,0
8583917,1528,0,2359744796,-1,0
8633249,1528,0,2905004316,-1,0
8682581,1528,0,2284116252,-1,0
8731917,1528,0,2376519964,-1,0
8781249,1528,0,2359742748,-1,0
8830581,1528,0,2837631260,-1,0
8879913,1528,0,2350960924,-1,0
8929245,1528,0,2351352092,-1,0
8978577,1528,0,2351356188,-1,0
9027909,1528,0,2351221020,-1,0
9077241,1528,0,2351356188,-1,0
9126577,1528,0,2351087900,-1,0
9175909,1528,0,2351091996,-1,0
9225241,1528,0,2351218972,-1,0
9274573,1528,0,2351354140,-1,0
9323905,1528,0,2368129308,-1,0
9373237,1528,0,2351352092,-1,0
9422569,1528,0,2350958876,-1,0
9471901,1528,0,2351089948,-1,0
9521237,1528,0,2367865116,-1,0
9570569,1528,0,2351087900,-1,0
9619901,1528,0,2351218972,-1,0
9669233,1528,0,2351350044,-1,0
9718565,1528,0,2351350044,-1,0
9767897,1528,0,2367996188,-1,0
9817229,1528,0,2351350044,-1,0
9866561,1528,0,2837889308,-1,0
9915897,1528,0,2351089948,-1,0
9965229,1528,0,2367736092,-1,0
10014561,1528,0,2284243228,-1,0
10063893,1528,0,2905000220,-1,0
10113225,1528,0,2368131356,-1,0
10162557,1528,0,2351223068,-1,0
10211889,1528,0,2368131356,-1,0
10261221,1528,0,2821116188,-1,0
10310557,1528,0,2367871260,-1,0
10359889,1528,0,2350962972,-1,0
10409221,1528,0,2301024540,-1,0
10458553,1528,0,2888227100,-1,0
10507885,1528,0,2367738140,-1,0
10557217,1528,0,2887958812,-1,0
10606549,1528,0,2359742748,-1,0
10655881,1528,0,2359738652,-1,0
10705217,1528,0,2368002332,-1,0
10754549,1528,0,2888223004,-1,0
10803881,1528,0,2359482652,-1,0
10853213,1528,0,2359478556,-1,0
10902545,1528,0,2351218972,-1,0
10951877,1528,0,2888220956,-1,0
11001209,1528,0,2376515868,-1,0
11050541,1528,0,2359738652,-1,0
11099873,1528,0,2351221020,-1,0
11149209,1528,0,2888223004,-1,0
11198541,1528,0,2376255772,-1,0
11247873,1528,0,2359478556,-1,0
11297205,1528,0,2351350044,-1,0
11346537,1528,0,2888220956,-1,0
11395869,1528,0,2351087900,-1,0
11445201,1528,0,2350956828,-1,0
11494533,1528,0,2351352092,-1,0
11543869,1528,0,2888223004,-1,0
11593201,1528,0,2351352092,-1,0
11642533,1528,0,2351221020,-1,0
11691865,1528,0,2351354140,-1,0
11741197,1528,0,2888225052,-1,0
11790529,1528,0,2367869212,-1,0
11839861,1528,0,2350960924,-1,0
11889193,1528,0,2351356188,-1,0
11938529,1528,0,2888227100,-1,0
11987861,1528,0,2368133404,-1,0
12037193,1528,0,2351225116,-1,0
12086525,1528,0,2359476508,-1,0
12135857,1528,0,2359480604,-1,0
12185189,1528,0,2351218972,-1,0
12234521,1528,0,2905002268,-1,0
12283853,1528,0,2359740700,-1,0
12333189,1528,0,2359744796,-1,0
12382521,1528,0,2350958876,-1,0
12431853,1528,0,2904742172,-1,0
12481185,1528,0,2359476508,-1,0
12530517,1528,0,2359476508,-1,0
12579849,1528,0,2367996188,-1,0
12629181,1528,0,2888220956,-1,0
12678513,1528,0,2359740700,-1,0
12727849,1528,0,2359740700,-1,0
12777181,1528,0,2367998236,-1,0
12826513,1528,0,2888223004,-1,0
12875845,1528,0,3834396698,-1,0
12925177,1528,0,3901505562,-1,0
12974509,1528,0,3884449818,-1,0
13023841,1528,0,3901227034,-1,0
13073173,1528,0,3900981274,-1,0
13122509,1528,0,3833872410,-1,0
13171841,1528,0,3951329306,-1,0
13221173,1528,0,3833888794,-1,0
13270505,1528,0,2760130586,-1,0
13319837,1528,0,3766763546,-1,0
13369169,1528,0,2760114202,-1,0
13418501,1528,0,3817078810,-1,0
13467833,1528,0,2693021722,-1,0
13517169,1528,0,3833872410,-1,0
13566501,1528,0,2693038106,-1,0
13615833,1528,0,3884220442,-1,0
13665165,1528,0,3921166362,-1,0
13714497,1528,0,3837280282,-1,0
13763829,1528,0,3954974746,-1,0
13813161,1528,0,3837526042,-1,0
13862493,1528,0,3837018138,-1,0
13911829,1528,0,3904651290,-1,0
13961161,1528,0,3870597146,-1,0
14010493,1528,0,3904667674,-1,0
14059825,1528,0,3820245018,-1,0
14109157,1528,0,2763276314,-1,0
14158489,1528,0,3786682394,-1,0
14207821,1528,0,2796814362,-1,0
14257153,1528,0,3837022234,-1,0
14306489,1528,0,2696167450,-1,0
14355821,1528,0,3837046810,-1,0
14405153,1528,0,2729738266,-1,0
14454485,1528,0,2760114202,-1,0
14503817,1528,0,2743337242,-1,0
14553149,1528,0,2793685018,-1,0
14602481,1528,0,3783541018,-1,0
14651813,1528,0,2693300250,-1,0
14701149,1528,0,3834151194,-1,0
14750481,1528,0,2727100442,-1,0
14799813,1528,0,3834396954,-1,0
14849145,1528,0,3968073754,-1,0
14898477,1528,0,3917742362,-1,0
14947809,1528,0,3968090138,-1,0
14997141,1528,0,3951313178,-1,0
15046473,1528,0,3900997658,-1,0
15095805,1528,0,3833889050,-1,0
15145141,1528,0,3900981274,-1,0
15194473,1528,0,3833872666,-1,0
15243805,1528,0,2694578458,-1,0
15293137,1528,0,2761170970,-1,0
15342469,1528,0,3818668314,-1,0
15391801,1528,0,2761179162,-1,0
15441133,1528,0,3835461914,-1,0
15490465,1528,0,2694619162,-1,0
15539801,1528,0,3851960602,-1,0
15589133,1528,0,2694332442,-1,0
15638465,1528,0,3902013722,-1,0
15687797,1528,0,3969134618,-1,0
15737129,1528,0,3902030106,-1,0
15786461,1528,0,4019474458,-1,0
15835793,1528,0,3834937626,-1,0
15885125,1528,0,3902058522,-1,0
15934461,1528,0,3868475674,-1,0
15983793,1528,0,3952365594,-1,0
16033125,1528,0,3833888794,-1,0
16082457,1528,0,3766779930,-1,0
16131789,1528,0,3867426842,-1,0
16181121,1528,0,3766763546,-1,0
16230453,1528,0,3766747162,-1,0
16279785,1528,0,3850633242,-1,0
16329121,1528,0,3800317978,-1,0
16378453,1528,0,3850649626,-1,0
16427785,1528,0,3833888794,-1,0
16477117,1528,0,2827255834,-1,0
16526449,1528,0,3833872410,-1,0
16575781,1528,0,2860793882,-1,0
16625113,1528,0,3901489178,-1,0
16674445,1528,0,2777415706,-1,0
16723781,1528,0,3901243418,-1,0
16773113,1528,0,2810724378,-1,0
16822445,1528,0,3769933850,-1,0
16871777,1528,0,3837034522,-1,0
16921109,1528,0,3820240922,-1,0
16970441,1528,0,3837018138,-1,0
17019773,1528,0,3837009946,-1,0
17069105,1528,0,3769892890,-1,0
17118441,1528,0,3887349786,-1,0
17167773,1528,0,3803463706,-1,0
17217105,1528,0,2830413850,-1,0
17266437,1528,0,3837558810,-1,0
17315769,1528,0,2830389274,-1,0
17365101,1528,0,3887874074,-1,0
17414433,1528,0,2763534362,-1,0
17463765,1528,0,3904372762,-1,0
17513101,1528,0,2763804698,-1,0
17562433,1528,0,3954982938,-1,0
17611765,1528,0,3833872410,-1,0
17661097,1528,0,2827239706,-1,0
17710429,1528,0,3850666010,-1,0
17759761,1528,0,2827256090,-1,0
17809093,1528,0,3900981274,-1,0
17858425,1528,0,2894348570,-1,0
17907761,1528,0,2877554714,-1,0
17957093,1528,0,2894332186,-1,0
18006425,1528,0,3834134554,-1,0
18055757,1528,0,3767025946,-1,0
18105089,1528,0,3834413082,-1,0
18154421,1528,0,3817636122,-1,0
18203753,1528,0,3766763546,-1,0
18253085,1528,0,3833872666,-1,0
18302421,1528,0,3766747162,-1,0
18351753,1528,0,3884187930,-1,0
18401085,1528,0,2828288282,-1,0
18450417,1528,0,3834920986,-1,0
18499749,1528,0,2861859098,-1,0
18549081,1528,0,3834945562,-1,0
18598413,1528,0,2912174362,-1,0
18647745,1528,0,3902029850,-1,0
18697077,1528,0,2945712410,-1,0
18746413,1528,0,2828279834,-1,0
18795745,1528,0,3768336666,-1,0
18845077,1528,0,3835449370,-1,0
18894409,1528,0,3768090906,-1,0
18943741,1528,0,3835211802,-1,0
18993073,1528,0,3852222746,-1,0
19042405,1528,0,3767816218,-1,0
19091737,1528,0,3852206362,-1,0
19141073,1528,0,3801362458,-1,0
19190405,1528,0,2904607004,-1,0
19239737,1528,0,2351094044,-1,0
19289069,1528,0,2376517916,-1,0
19338401,1528,0,2359744796,-1,0
19387733,1528,0,2904867100,-1,0
19437065,1528,0,2351354140,-1,0
19486397,1528,0,2376515868,-1,0
19535733,1528,0,2359742748,-1,0
19585065,1528,0,2887829788,-1,0
19634397,1528,0,2367867164,-1,0
19683729,1528,0,2359740700,-1,0
19733061,1528,0,2376517916,-1,0
19782393,1528,0,2888089884,-1,0
19831725,1528,0,2368127260,-1,0
19881057,1528,0,2359738652,-1,0
19930393,1528,0,2376515868,-1,0
19979725,1528,0,2284243228,-1,0
20029057,1528,0,2888091932,-1,0
20078389,1528,0,2351089948,-1,0
20127721,1528,0,2351089948,-1,0
20177053,1528,0,2351350044,-1,0
20226385,1528,0,2820981020,-1,0
20275717,1528,0,2351350044,-1,0
20325053,1528,0,2351350044,-1,0
20374385,1528,0,2284247324,-1,0
20423717,1528,0,2888096028,-1,0
20473049,1528,0,2351094044,-1,0
20522381,1528,0,2367871260,-1,0
20571713,1528,0,2351091996,-1,0
20621045,1528,0,2820722972,-1,0
20670377,1528,0,2351354140,-1,0
20719713,1528,0,2368131356,-1,0
20769045,1528,0,2359744796,-1,0
20818377,1528,0,2359740700,-1,0
20867709,1528,0,2888096028,-1,0
20917041,1528,0,2368129308,-1,0
20966373,1528,0,2359742748,-1,0
21015705,1528,0,2359738652,-1,0
21065037,1528,0,2887831836,-1,0
21114096,1528,0,2367865116,-1,0
21114096,1528,0,2359740700,-1,0
