# sidx,nbytes,magic,seq,nbad,ok
197741,1528,0,0,-1,0
246817,1528,0,0,-1,0
296021,1528,0,905621923,-1,0
345353,1528,1,2,0,1
394685,1528,1,3,0,1
444017,1528,1,4,0,1
493349,1528,1,5,0,1
542681,1528,1,6,0,1
592013,1528,1,7,0,1
641345,1528,1,8,0,1
690681,1528,1,9,0,1
740017,1528,1,10,0,1
789353,1528,1,11,0,1
838689,1528,1,12,0,1
888025,1528,1,13,0,1
937361,1528,1,14,0,1
986697,1528,1,15,0,1
1036029,1528,1,16,0,1
1085361,1528,1,17,0,1
1134693,1528,1,18,0,1
1184025,1528,1,19,0,1
1233357,1528,1,20,0,1
1282689,1528,1,21,0,1
1332021,1528,1,22,0,1
1381353,1528,1,23,0,1
1430685,1528,1,24,0,1
1480017,1528,1,25,0,1
1529349,1528,1,26,0,1
1578681,1528,1,27,0,1
1628013,1528,1,28,0,1
1677345,1528,1,29,0,1
1726677,1528,1,30,0,1
1776009,1528,1,31,0,1
1825341,1528,1,32,0,1
1874673,1528,1,33,0,1
1924005,1528,1,34,0,1
1973337,1528,1,35,0,1
2022669,1528,1,36,0,1
2072001,1528,1,37,0,1
2121333,1528,1,38,0,1
2170665,1528,1,39,0,1
2219997,1528,1,40,0,1
2269329,1528,1,41,0,1
2318661,1528,1,42,0,1
2367993,1528,1,43,0,1
2417325,1528,1,44,0,1
2466657,1528,1,45,0,1
2515989,1528,1,46,0,1
2565321,1528,1,47,0,1
2614653,1528,1,48,0,1
2663985,1528,1,49,0,1
2713317,1528,1,50,0,1
2762649,1528,1,51,0,1
2811981,1528,1,52,0,1
2861313,1528,1,53,0,1
2910645,1528,1,54,0,1
2959977,1528,1,55,0,1
3009309,1528,1,56,0,1
3058641,1528,1,57,0,1
3107973,1528,1,58,0,1
3157305,1528,1,59,0,1
3206637,1528,1,60,0,1
3255969,1528,1,61,0,1
3305301,1528,1,62,0,1
3354633,1528,1,63,0,1
3403965,1528,1,64,0,1
3453297,1528,1,65,0,1
3502629,1528,1,66,0,1
3551961,1528,1,67,0,1
3601293,1528,1,68,0,1
3650625,1528,1,69,0,1
3699957,1528,1,70,0,1
3749289,1528,1,71,0,1
3798621,1528,1,72,0,1
3847953,1528,1,73,0,1
3897285,1528,1,74,0,1
3946617,1528,1,75,0,1
3995949,1528,1,76,0,1
4045281,1528,1,77,0,1
4094613,1528,1,78,0,1
4143945,1528,1,79,0,1
4193277,1528,1,80,0,1
4242609,1528,1,81,0,1
4291941,1528,1,82,0,1
4341273,1528,1,83,0,1
4390605,1528,1,84,0,1
4439937,1528,1,85,0,1
4489269,1528,1,86,0,1
4538601,1528,1,87,0,1
4587933,1528,1,88,0,1
4637265,1528,1,89,0,1
4686597,1528,1,90,0,1
4735929,1528,1,91,0,1
4785261,1528,1,92,0,1
4834593,1528,1,93,0,1
4883925,1528,1,94,0,1
4933257,1528,1,95,0,1
4982589,1528,1,96,0,1
5031921,1528,1,97,0,1
5081253,1528,1,98,0,1
5130585,1528,1,99,0,1
5179917,1528,1,100,0,1
5229249,1528,1,101,0,1
5278581,1528,1,102,0,1
5327913,1528,1,103,0,1
5377245,1528,1,104,0,1
5426577,1528,1,105,0,1
5475909,1528,1,106,0,1
5525241,1528,1,107,0,1
5574573,1528,1,108,0,1
5623905,1528,1,109,0,1
5673237,1528,1,110,0,1
5722569,1528,1,111,0,1
5771901,1528,1,112,0,1
5821233,1528,1,113,0,1
5870565,1528,1,114,0,1
5919897,1528,1,115,0,1
5969229,1528,1,116,0,1
6018561,1528,1,117,0,1
6067893,1528,1,118,0,1
6117225,1528,1,119,0,1
6166557,1528,1,120,0,1
6215889,1528,1,121,0,1
6265221,1528,1,122,0,1
6314553,1528,1,123,0,1
6363885,1528,1,124,0,1
6413217,1528,1,125,0,1
6462545,1528,1,126,0,1
6511877,1528,1,127,0,1
6561209,1528,1,128,0,1
6610541,1528,1,129,0,1
6659873,1528,1,130,0,1
6709205,1528,1,131,0,1
6758537,1528,1,132,0,1
6807869,1528,1,133,0,1
6857197,1528,1,134,0,1
6906529,1528,1,135,0,1
6955861,1528,1,136,0,1
7005193,1528,1,137,0,1
7054525,1528,1,138,0,1
7103857,1528,1,139,0,1
7153189,1528,1,140,0,1
7202521,1528,1,141,0,1
7251849,1528,1,142,0,1
7301181,1528,1,143,0,1
7350513,1528,1,144,0,1
7399845,1528,1,145,0,1
7449177,1528,1,146,0,1
7498509,1528,1,147,0,1
7547841,1528,1,148,0,1
7597173,1528,1,149,0,1
7646505,1528,1,150,0,1
7695833,1528,1,151,0,1
7745165,1528,1,152,0,1
7794497,1528,1,153,0,1
7843829,1528,1,154,0,1
7893161,1528,1,155,0,1
7942493,1528,1,156,0,1
7991825,1528,1,157,0,1
8041157,1528,1,158,0,1
8090485,1528,1,159,0,1
8139817,1528,1,160,0,1
8189149,1528,1,161,0,1
8238481,1528,1,162,0,1
8287813,1528,1,163,0,1
8337145,1528,1,164,0,1
8386477,1528,1,165,0,1
8435809,1528,1,166,0,1
8485137,1528,1,167,0,1
8534469,1528,1,168,0,1
8583801,1528,1,169,0,1
8633133,1528,1,170,0,1
8682465,1528,1,171,0,1
8731797,1528,1,172,0,1
8781129,1528,1,173,0,1
8830461,1528,1,174,0,1
8879789,1528,1,175,0,1
8929121,1528,1,176,0,1
8978453,1528,1,177,0,1
9027785,1528,1,178,0,1
9077117,1528,1,179,0,1
9126449,1528,1,180,0,1
9175781,1528,1,181,0,1
9225113,1528,1,182,0,1
9274441,1528,1,183,0,1
9323773,1528,1,184,0,1
9373105,1528,1,185,0,1
9422437,1528,1,186,0,1
9471769,1528,1,187,0,1
9521101,1528,1,188,0,1
9570433,1528,1,189,0,1
9619765,1528,1,190,0,1
9669093,1528,1,191,0,1
9718425,1528,1,192,0,1
9767757,1528,1,193,0,1
9817089,1528,1,194,0,1
9866421,1528,1,195,0,1
9915753,1528,1,196,0,1
9965085,1528,1,197,0,1
10014417,1528,1,198,0,1
10063745,1528,1,199,0,1
10113077,1528,1,200,0,1
10162409,1528,1,201,0,1
10211741,1528,1,202,0,1
10261073,1528,1,203,0,1
10310405,1528,1,204,0,1
10359737,1528,1,205,0,1
10409069,1528,1,206,0,1
10458397,1528,1,207,0,1
10507729,1528,1,208,0,1
10557061,1528,1,209,0,1
10606393,1528,1,210,0,1
10655725,1528,1,211,0,1
10705057,1528,1,212,0,1
10754389,1528,1,213,0,1
10803721,1528,1,214,0,1
10853049,1528,1,215,0,1
10902381,1528,1,216,0,1
10951713,1528,1,217,0,1
11001045,1528,1,218,0,1
11050377,1528,1,219,0,1
11099709,1528,1,220,0,1
11149041,1528,1,221,0,1
11198373,1528,1,222,0,1
11247705,1528,1,223,0,1
11297033,1528,1,224,0,1
11346365,1528,1,225,0,1
11395697,1528,1,226,0,1
11445029,1528,1,227,0,1
11494361,1528,1,228,0,1
11543693,1528,1,229,0,1
11593025,1528,1,230,0,1
11642357,1528,1,231,0,1
11691685,1528,1,232,0,1
11741017,1528,1,233,0,1
11790349,1528,1,234,0,1
11839681,1528,1,235,0,1
11889013,1528,1,236,0,1
11938345,1528,1,237,0,1
11987677,1528,1,238,0,1
12037009,1528,1,239,0,1
12086337,1528,1,240,0,1
12135669,1528,1,241,0,1
12185001,1528,1,242,0,1
12234333,1528,1,243,0,1
12283665,1528,1,244,0,1
12332997,1528,1,245,0,1
12382329,1528,1,246,0,1
12431661,1528,1,247,0,1
12480989,1528,1,248,0,1
12530321,1528,1,249,0,1
12579653,1528,1,250,0,1
12628985,1528,1,251,0,1
12678317,1528,1,252,0,1
12727649,1528,1,253,0,1
12776981,1528,1,254,0,1
12826313,1528,1,255,0,1
12875641,1528,1,256,0,1
12924973,1528,1,257,0,1
12974305,1528,1,258,0,1
13023637,1528,1,259,0,1
13072969,1528,1,260,0,1
13122301,1528,1,261,0,1
13171633,1528,1,262,0,1
13220965,1528,1,263,0,1
13270293,1528,1,264,0,1
13319625,1528,1,265,0,1
13368957,1528,1,266,0,1
13418289,1528,1,267,0,1
13467621,1528,1,268,0,1
13516953,1528,1,269,0,1
13566285,1528,1,270,0,1
13615617,1528,1,271,0,1
13664945,1528,1,272,0,1
13714277,1528,1,273,0,1
13763609,1528,1,274,0,1
13812941,1528,1,275,0,1
13862273,1528,1,276,0,1
13911605,1528,1,277,0,1
13960937,1528,1,278,0,1
14010269,1528,1,279,0,1
14059597,1528,1,280,0,1
14108929,1528,1,281,0,1
14158261,1528,1,282,0,1
14207593,1528,1,283,0,1
14256925,1528,1,284,0,1
14306257,1528,1,285,0,1
14355589,1528,1,286,0,1
14404921,1528,1,287,0,1
14454249,1528,1,288,0,1
14503581,1528,1,289,0,1
14552913,1528,1,290,0,1
14602245,1528,1,291,0,1
14651577,1528,1,292,0,1
14700909,1528,1,293,0,1
14750241,1528,1,294,0,1
14799573,1528,1,295,0,1
14848905,1528,1,296,0,1
14898233,1528,1,297,0,1
14947565,1528,1,298,0,1
14996897,1528,1,299,0,1
15046229,1528,1,300,0,1
15095561,1528,1,301,0,1
15144893,1528,1,302,0,1
15194225,1528,1,303,0,1
15243557,1528,1,304,0,1
15292885,1528,1,305,0,1
15342217,1528,1,306,0,1
15391549,1528,1,307,0,1
15440881,1528,1,308,0,1
15490213,1528,1,309,0,1
15539545,1528,1,310,0,1
15588877,1528,1,311,0,1
15638209,1528,1,312,0,1
15687537,1528,1,313,0,1
15736869,1528,1,314,0,1
15786201,1528,1,315,0,1
15835533,1528,1,316,0,1
15884865,1528,1,317,0,1
15934197,1528,1,318,0,1
15983529,1528,1,319,0,1
16032861,1528,1,320,0,1
16082189,1528,1,321,0,1
16131521,1528,1,322,0,1
16180853,1528,1,323,0,1
16230185,1528,1,324,0,1
16279517,1528,1,325,0,1
16328849,1528,1,326,0,1
16378181,1528,1,327,0,1
16427513,1528,1,328,0,1
16476841,1528,1,329,0,1
16526173,1528,1,330,0,1
16575505,1528,1,331,0,1
16624837,1528,1,332,0,1
16674169,1528,1,333,0,1
16723501,1528,1,334,0,1
16772833,1528,1,335,0,1
16822165,1528,1,336,0,1
16871493,1528,1,337,0,1
16920825,1528,1,338,0,1
16970157,1528,1,339,0,1
17019489,1528,1,340,0,1
17068821,1528,1,341,0,1
17118153,1528,1,342,0,1
17167485,1528,1,343,0,1
17216817,1528,1,344,0,1
17266145,1528,1,345,0,1
17315477,1528,1,346,0,1
17364809,1528,1,347,0,1
17414141,1528,1,348,0,1
17463473,1528,1,349,0,1
17512805,1528,1,350,0,1
17562137,1528,1,351,0,1
17611469,1528,1,352,0,1
17660797,1528,1,353,0,1
17710129,1528,1,354,0,1
17759461,1528,1,355,0,1
17808793,1528,1,356,0,1
17858125,1528,1,357,0,1
17907457,1528,1,358,0,1
17956789,1528,1,359,0,1
18006121,1528,1,360,0,1
18055449,1528,1,361,0,1
18104781,1528,1,362,0,1
18154113,1528,1,363,0,1
18203445,1528,1,364,0,1
18252777,1528,1,365,0,1
18302109,1528,1,366,0,1
18351441,1528,1,367,0,1
18400773,1528,1,368,0,1
18450101,1528,1,369,0,1
18499433,1528,1,370,0,1
18548765,1528,1,371,0,1
18598097,1528,1,372,0,1
18647429,1528,1,373,0,1
18696761,1528,1,374,0,1
18746093,1528,1,375,0,1
18795425,1528,1,376,0,1
18844757,1528,1,377,0,1
18894085,1528,1,378,0,1
18943417,1528,1,379,0,1
18992749,1528,1,380,0,1
19042081,1528,1,381,0,1
19091413,1528,1,382,0,1
19140745,1528,1,383,0,1
19190077,1528,1,384,0,1
19239409,1528,1,385,0,1
19288737,1528,1,386,0,1
19338069,1528,1,387,0,1
19387401,1528,1,388,0,1
19436733,1528,1,389,0,1
19486065,1528,1,390,0,1
19535397,1528,1,391,0,1
19584729,1528,1,392,0,1
19634061,1528,1,393,0,1
19683389,1528,1,394,0,1
19732721,1528,1,395,0,1
19782053,1528,1,396,0,1
19831385,1528,1,397,0,1
19880717,1528,1,398,0,1
19930049,1528,1,399,0,1
19979381,1528,1,400,0,1
20028713,1528,1,401,0,1
20078041,1528,1,402,0,1
20127373,1528,1,403,0,1
20176705,1528,1,404,0,1
20226037,1528,1,405,0,1
20275369,1528,1,406,0,1
20324701,1528,1,407,0,1
20374033,1528,1,408,0,1
20423365,1528,1,409,0,1
20472693,1528,1,410,0,1
20522025,1528,1,411,0,1
20571357,1528,1,412,0,1
20620689,1528,1,413,0,1
20670021,1528,1,414,0,1
20719353,1528,1,415,0,1
20768685,1528,1,416,0,1
20818017,1528,1,417,0,1
20867345,1528,1,418,0,1
20916677,1528,1,419,0,1
20966009,1528,1,420,0,1
21015341,1528,1,421,0,1
21064673,1528,1,422,0,1
21114005,1528,1,423,0,1
21114096,1528,1,424,0,1
21114096,1528,1,425,0,1
