# n,sidx,vpops_in_interval,rtl_period,locked
0,197579,49324,0,0
1,345579,36998,16383,0
2,444247,24666,16383,0
3,542915,24666,16383,0
4,641583,24666,16383,0
5,740251,24666,16383,0
6,838919,24666,16383,0
7,937587,24666,16383,0
8,1036259,24667,16383,1
9,1085591,12332,16383,1
10,1134927,12333,12332,1
11,1184263,12333,12333,1
12,1233599,12333,12333,1
13,1282935,12333,12333,1
14,1332271,12333,12333,1
15,1381607,12333,12333,1
16,1430943,12333,12333,1
17,1480279,12333,12333,1
18,1529615,12333,12333,1
19,1578951,12333,12333,1
20,1628287,12333,12333,1
21,1677623,12333,12333,1
22,1726959,12333,12333,1
23,1776295,12333,12333,1
24,1825631,12333,12333,1
25,1874967,12334,12333,1
26,1924299,12332,12334,1
27,1973635,12334,12332,1
28,2022967,12332,12334,1
29,2072303,12334,12332,1
30,2121635,12332,12334,1
31,2170971,12334,12332,1
32,2220303,12332,12334,1
33,2269639,12334,12332,1
34,2318971,12332,12334,1
35,2368307,12334,12332,1
36,2417639,12332,12334,1
37,2466975,12334,12332,1
38,2516307,12332,12334,1
39,2565643,12334,12332,1
40,2614975,12332,12334,1
41,2664311,12334,12332,1
42,2713643,12332,12334,1
43,2762979,12334,12332,1
44,2812311,12332,12334,1
45,2861647,12334,12332,1
46,2910979,12332,12334,1
47,2960315,12334,12332,1
48,3009647,12332,12334,1
49,3058983,12334,12332,1
50,3108315,12332,12334,1
51,3157651,12334,12332,1
52,3206983,12332,12334,1
53,3256319,12334,12332,1
54,3305651,12332,12334,1
55,3354987,12334,12332,1
56,3404319,12332,12334,1
57,3453655,12334,12332,1
58,3502987,12332,12334,1
59,3552323,12334,12332,1
60,3601655,12332,12334,1
61,3650991,12334,12332,1
62,3700323,12332,12334,1
63,3749659,12334,12332,1
64,3798991,12333,12334,1
65,3848323,12332,12333,1
66,3897659,12334,12332,1
67,3946991,12332,12334,1
68,3996327,12334,12332,1
69,4045659,12332,12334,1
70,4094995,12334,12332,1
71,4144327,12332,12334,1
72,4193663,12334,12332,1
73,4242995,12332,12334,1
74,4292331,12334,12332,1
75,4341663,12332,12334,1
76,4390999,12334,12332,1
77,4440331,12332,12334,1
78,4489667,12334,12332,1
79,4538999,12332,12334,1
80,4588335,12334,12332,1
81,4637667,12332,12334,1
82,4687003,12334,12332,1
83,4736335,12332,12334,1
84,4785671,12334,12332,1
85,4835003,12332,12334,1
86,4884339,12334,12332,1
87,4933671,12332,12334,1
88,4983007,12334,12332,1
89,5032339,12332,12334,1
90,5081675,12334,12332,1
91,5131007,12332,12334,1
92,5180343,12334,12332,1
93,5229675,12332,12334,1
94,5279011,12334,12332,1
95,5328343,12332,12334,1
96,5377679,12334,12332,1
97,5427011,12332,12334,1
98,5476347,12334,12332,1
99,5525679,12332,12334,1
100,5575015,12334,12332,1
101,5624347,12332,12334,1
102,5673683,12334,12332,1
103,5723015,12332,12334,1
104,5772351,12334,12332,1
105,5821683,12332,12334,1
106,5871019,12334,12332,1
107,5920351,12332,12334,1
108,5969687,12334,12332,1
109,6019019,12332,12334,1
110,6068355,12334,12332,1
111,6117687,12332,12334,1
112,6167023,12334,12332,1
113,6216355,12332,12334,1
114,6265691,12334,12332,1
115,6315023,12332,12334,1
116,6364359,12334,12332,1
117,6413691,12332,12334,1
118,6463027,12334,12332,1
119,6512359,12332,12334,1
120,6561695,12334,12332,1
121,6611027,12332,12334,1
122,6660363,12334,12332,1
123,6709695,12332,12334,1
124,6759031,12334,12332,1
125,6836619,19396,12334,1
126,6907031,17603,16383,1
127,6956363,12332,16383,1
128,7005699,12333,12332,1
129,7055035,12334,12333,1
130,7104367,12332,12334,1
131,7153703,12334,12332,1
132,7203035,12332,12334,1
133,7252371,12334,12332,1
134,7301703,12332,12334,1
135,7351039,12334,12332,1
136,7400371,12332,12334,1
137,7449707,12334,12332,1
138,7499039,12333,12334,1
139,7548371,12332,12333,1
140,7597707,12334,12332,1
141,7647039,12332,12334,1
142,7696375,12334,12332,1
143,7745707,12332,12334,1
144,7795043,12334,12332,1
145,7844375,12332,12334,1
146,7893711,12334,12332,1
147,7943043,12332,12334,1
148,7992379,12334,12332,1
149,8041711,12332,12334,1
150,8091047,12334,12332,1
151,8140379,12332,12334,1
152,8189715,12334,12332,1
153,8239047,12332,12334,1
154,8288383,12334,12332,1
155,8337715,12332,12334,1
156,8387051,12334,12332,1
157,8436383,12332,12334,1
158,8485719,12334,12332,1
159,8535051,12332,12334,1
160,8584387,12334,12332,1
161,8633719,12332,12334,1
162,8683055,12334,12332,1
163,8732387,12332,12334,1
164,8781723,12334,12332,1
165,8831055,12332,12334,1
166,8880391,12334,12332,1
167,8929723,12332,12334,1
168,8979059,12334,12332,1
169,9028391,12332,12334,1
170,9077727,12334,12332,1
171,9127059,12332,12334,1
172,9176395,12334,12332,1
173,9225727,12332,12334,1
174,9275063,12334,12332,1
175,9324395,12332,12334,1
176,9373731,12334,12332,1
177,9423063,12332,12334,1
178,9472399,12334,12332,1
179,9521731,12332,12334,1
180,9571067,12334,12332,1
181,9620399,12332,12334,1
182,9669735,12334,12332,1
183,9719067,12332,12334,1
184,9768403,12334,12332,1
185,9817735,12332,12334,1
186,9867071,12334,12332,1
187,9916403,12332,12334,1
188,9965739,12334,12332,1
189,10015071,12332,12334,1
190,10064407,12334,12332,1
191,10113739,12332,12334,1
192,10163075,12334,12332,1
193,10212407,12332,12334,1
194,10261743,12334,12332,1
195,10311075,12332,12334,1
196,10360411,12334,12332,1
197,10409743,12332,12334,1
198,10459079,12334,12332,1
199,10508411,12332,12334,1
200,10557747,12334,12332,1
201,10607079,12332,12334,1
202,10656415,12334,12332,1
203,10705747,12332,12334,1
204,10755083,12334,12332,1
205,10804415,12332,12334,1
206,10853751,12334,12332,1
207,10903083,12332,12334,1
208,10952419,12334,12332,1
209,11001751,12332,12334,1
210,11051087,12334,12332,1
211,11100419,12332,12334,1
212,11149755,12334,12332,1
213,11199087,12332,12334,1
214,11248423,12334,12332,1
215,11297755,12333,12334,1
216,11347087,12332,12333,1
217,11396423,12334,12332,1
218,11445755,12332,12334,1
219,11495091,12334,12332,1
220,11544423,12332,12334,1
221,11593759,12334,12332,1
222,11643091,12332,12334,1
223,11692427,12334,12332,1
224,11741759,12332,12334,1
225,11791095,12334,12332,1
226,11840427,12332,12334,1
227,11889763,12334,12332,1
228,11939095,12332,12334,1
229,11988431,12334,12332,1
230,12037763,12332,12334,1
231,12087099,12334,12332,1
232,12136431,12332,12334,1
233,12185767,12334,12332,1
234,12235099,12332,12334,1
235,12284435,12334,12332,1
236,12333767,12332,12334,1
237,12383103,12334,12332,1
238,12432435,12332,12334,1
239,12481771,12334,12332,1
240,12531103,12332,12334,1
241,12580439,12334,12332,1
242,12629771,12332,12334,1
243,12679107,12334,12332,1
244,12728439,12332,12334,1
245,12777775,12334,12332,1
246,12827107,12332,12334,1
247,12876443,12334,12332,1
248,12925775,12332,12334,1
249,12975111,12334,12332,1
250,13024443,12332,12334,1
251,13073779,12334,12332,1
252,13123111,12332,12334,1
253,13172447,12334,12332,1
254,13221779,12332,12334,1
255,13271115,12334,12332,1
256,13320447,12332,12334,1
257,13369783,12334,12332,1
258,13419115,12332,12334,1
259,13468451,12334,12332,1
260,13517783,12332,12334,1
261,13567119,12334,12332,1
262,13616451,12332,12334,1
263,13665787,12334,12332,1
264,13715119,12332,12334,1
265,13764455,12334,12332,1
266,13813787,12332,12334,1
267,13863123,12334,12332,1
268,13912455,12332,12334,1
269,13961791,12334,12332,1
270,14011123,12332,12334,1
271,14060459,12334,12332,1
272,14109791,12332,12334,1
273,14159127,12334,12332,1
274,14208459,12332,12334,1
275,14257795,12334,12332,1
276,14307127,12332,12334,1
277,14356463,12334,12332,1
278,14405795,12332,12334,1
279,14455131,12334,12332,1
280,14504463,12332,12334,1
281,14553799,12334,12332,1
282,14603131,12332,12334,1
283,14652467,12334,12332,1
284,14701799,12332,12334,1
285,14751135,12334,12332,1
286,14800467,12332,12334,1
287,14849803,12334,12332,1
288,14899135,12333,12334,1
289,14948467,12332,12333,1
290,14997803,12334,12332,1
291,15047135,12332,12334,1
292,15096471,12334,12332,1
293,15145803,12332,12334,1
294,15195139,12334,12332,1
295,15244471,12332,12334,1
296,15293807,12334,12332,1
297,15343139,12332,12334,1
298,15392475,12334,12332,1
299,15441807,12332,12334,1
300,15491143,12334,12332,1
301,15540475,12332,12334,1
302,15589811,12334,12332,1
303,15639143,12332,12334,1
304,15688479,12334,12332,1
305,15737811,12332,12334,1
306,15787147,12334,12332,1
307,15836479,12332,12334,1
308,15885815,12334,12332,1
309,15935147,12332,12334,1
310,15984483,12334,12332,1
311,16033815,12332,12334,1
312,16083151,12334,12332,1
313,16132483,12332,12334,1
314,16181819,12334,12332,1
315,16231151,12332,12334,1
316,16280487,12334,12332,1
317,16329819,12332,12334,1
318,16379155,12334,12332,1
319,16428487,12332,12334,1
320,16477823,12334,12332,1
321,16527155,12332,12334,1
322,16576491,12334,12332,1
323,16625823,12332,12334,1
324,16675159,12334,12332,1
325,16724491,12332,12334,1
326,16773827,12334,12332,1
327,16823159,12332,12334,1
328,16872495,12334,12332,1
329,16921827,12332,12334,1
330,16971163,12334,12332,1
331,17020495,12332,12334,1
332,17069831,12334,12332,1
333,17119163,12332,12334,1
334,17168499,12334,12332,1
335,17217831,12332,12334,1
336,17267167,12334,12332,1
337,17316499,12332,12334,1
338,17365835,12334,12332,1
339,17415167,12332,12334,1
340,17464503,12334,12332,1
341,17513835,12332,12334,1
342,17563171,12334,12332,1
343,17612503,12332,12334,1
344,17661839,12334,12332,1
345,17711171,12332,12334,1
346,17760507,12334,12332,1
347,17809839,12332,12334,1
348,17859175,12334,12332,1
349,17908507,12332,12334,1
350,17957843,12334,12332,1
351,18007175,12332,12334,1
352,18056511,12334,12332,1
353,18105843,12332,12334,1
354,18155179,12334,12332,1
355,18204511,12332,12334,1
356,18253847,12334,12332,1
357,18303179,12332,12334,1
358,18352515,12334,12332,1
359,18401847,12332,12334,1
360,18451183,12334,12332,1
361,18500515,12332,12334,1
362,18549851,12334,12332,1
363,18599183,12332,12334,1
364,18648519,12334,12332,1
365,18697851,12333,12334,1
366,18747183,12332,12333,1
367,18796519,12334,12332,1
368,18845851,12332,12334,1
369,18895187,12334,12332,1
370,18944519,12332,12334,1
371,18993855,12334,12332,1
372,19043187,12332,12334,1
373,19092523,12334,12332,1
374,19141855,12332,12334,1
375,19191191,12334,12332,1
376,19240523,12332,12334,1
377,19289859,12334,12332,1
378,19339191,12332,12334,1
379,19388527,12334,12332,1
380,19437859,12332,12334,1
381,19487195,12334,12332,1
382,19536527,12332,12334,1
383,19585863,12334,12332,1
384,19635195,12332,12334,1
385,19684531,12334,12332,1
386,19733863,12332,12334,1
387,19783199,12334,12332,1
388,19832531,12332,12334,1
389,19881867,12334,12332,1
390,19931199,12332,12334,1
391,19980535,12334,12332,1
392,20029867,12332,12334,1
393,20079203,12334,12332,1
394,20128535,12332,12334,1
395,20177871,12334,12332,1
396,20227203,12332,12334,1
397,20276539,12334,12332,1
398,20325871,12332,12334,1
399,20375207,12334,12332,1
400,20424539,12332,12334,1
401,20473875,12334,12332,1
402,20523207,12332,12334,1
403,20572543,12334,12332,1
404,20621875,12332,12334,1
405,20671211,12334,12332,1
406,20720543,12332,12334,1
407,20769879,12334,12332,1
408,20819211,12332,12334,1
409,20868547,12334,12332,1
410,20917879,12332,12334,1
411,20967215,12334,12332,1
412,21016547,12332,12334,1
413,21065883,12334,12332,1
414,21114096,12332,12334,1
415,21114096,12334,12332,1
