# n,sidx,vpops_in_interval,rtl_period,locked
0,148259,37056,0,0
1,197591,12333,16383,0
2,246923,12333,12333,0
3,296255,12333,12333,0
4,345587,12333,12333,0
5,394919,12333,12333,0
6,444251,12333,12333,0
7,493583,12333,12333,0
8,542915,12332,12333,1
9,592251,12333,12332,1
10,641587,12333,12333,1
11,690923,12333,12333,1
12,740259,12334,12333,1
13,789591,12333,12334,1
14,838923,12333,12333,1
15,888255,12332,12333,1
16,937591,12334,12332,1
17,986923,12333,12334,1
18,1036255,12333,12333,1
19,1085587,12333,12333,1
20,1134919,12333,12333,1
21,1184251,12333,12333,1
22,1233583,12333,12333,1
23,1282915,12333,12333,1
24,1332247,12333,12333,1
25,1381579,12333,12333,1
26,1430911,12333,12333,1
27,1480243,12333,12333,1
28,1529575,12333,12333,1
29,1578907,12333,12333,1
30,1628239,12333,12333,1
31,1677571,12333,12333,1
32,1726903,12333,12333,1
33,1776235,12333,12333,1
34,1825567,12333,12333,1
35,1874899,12333,12333,1
36,1924231,12333,12333,1
37,1973563,12333,12333,1
38,2022895,12333,12333,1
39,2072227,12333,12333,1
40,2121559,12333,12333,1
41,2170891,12333,12333,1
42,2220223,12333,12333,1
43,2269555,12333,12333,1
44,2318887,12333,12333,1
45,2368219,12333,12333,1
46,2417551,12333,12333,1
47,2466883,12332,12333,1
48,2516219,12334,12332,1
49,2565551,12333,12334,1
50,2614883,12333,12333,1
51,2664215,12333,12333,1
52,2713547,12333,12333,1
53,2762879,12333,12333,1
54,2812211,12333,12333,1
55,2861543,12333,12333,1
56,2910875,12333,12333,1
57,2960207,12333,12333,1
58,3009539,12333,12333,1
59,3058871,12333,12333,1
60,3108203,12333,12333,1
61,3157535,12333,12333,1
62,3206867,12333,12333,1
63,3256199,12333,12333,1
64,3305531,12333,12333,1
65,3354863,12333,12333,1
66,3404195,12333,12333,1
67,3453527,12333,12333,1
68,3502859,12333,12333,1
69,3552191,12333,12333,1
70,3601523,12333,12333,1
71,3650855,12333,12333,1
72,3700187,12333,12333,1
73,3749519,12333,12333,1
74,3798851,12333,12333,1
75,3848183,12333,12333,1
76,3897515,12333,12333,1
77,3946847,12333,12333,1
78,3996179,12333,12333,1
79,4045511,12332,12333,1
80,4094847,12334,12332,1
81,4144179,12333,12334,1
82,4193511,12333,12333,1
83,4242843,12333,12333,1
84,4292175,12333,12333,1
85,4341507,12333,12333,1
86,4390839,12333,12333,1
87,4440171,12333,12333,1
88,4489503,12333,12333,1
89,4538835,12333,12333,1
90,4588167,12333,12333,1
91,4637499,12333,12333,1
92,4686831,12333,12333,1
93,4736163,12333,12333,1
94,4785495,12333,12333,1
95,4834827,12333,12333,1
96,4884159,12333,12333,1
97,4933491,12333,12333,1
98,4982823,12333,12333,1
99,5032155,12333,12333,1
100,5081487,12333,12333,1
101,5130819,12333,12333,1
102,5180151,12333,12333,1
103,5229483,12333,12333,1
104,5278815,12333,12333,1
105,5328147,12333,12333,1
106,5377479,12333,12333,1
107,5426811,12333,12333,1
108,5476143,12333,12333,1
109,5525475,12333,12333,1
110,5574807,12333,12333,1
111,5624139,12333,12333,1
112,5673471,12332,12333,1
113,5722807,12334,12332,1
114,5772139,12333,12334,1
115,5821471,12333,12333,1
116,5870803,12333,12333,1
117,5920135,12333,12333,1
118,5969467,12333,12333,1
119,6018799,12333,12333,1
120,6068131,12333,12333,1
121,6117463,12333,12333,1
122,6166795,12333,12333,1
123,6216127,12333,12333,1
124,6265459,12333,12333,1
125,6314791,12333,12333,1
126,6364123,12333,12333,1
127,6413455,12333,12333,1
128,6462787,12333,12333,1
129,6512119,12333,12333,1
130,6561451,12333,12333,1
131,6610783,12333,12333,1
132,6660115,12333,12333,1
133,6709447,12333,12333,1
134,6758779,12333,12333,1
135,6808111,12333,12333,1
136,6857443,12333,12333,1
137,6906775,12333,12333,1
138,6956107,12333,12333,1
139,7005439,12333,12333,1
140,7054771,12333,12333,1
141,7104103,12333,12333,1
142,7153435,12333,12333,1
143,7202767,12333,12333,1
144,7252099,12332,12333,1
145,7301435,12334,12332,1
146,7350767,12333,12334,1
147,7400099,12333,12333,1
148,7449431,12333,12333,1
149,7498763,12333,12333,1
150,7548095,12333,12333,1
151,7597427,12333,12333,1
152,7646759,12333,12333,1
153,7696091,12333,12333,1
154,7745423,12333,12333,1
155,7794755,12333,12333,1
156,7844087,12333,12333,1
157,7893419,12333,12333,1
158,7942751,12333,12333,1
159,7992083,12333,12333,1
160,8041415,12333,12333,1
161,8090747,12333,12333,1
162,8140079,12333,12333,1
163,8189411,12333,12333,1
164,8238743,12333,12333,1
165,8288075,12333,12333,1
166,8337407,12333,12333,1
167,8386739,12333,12333,1
168,8436071,12333,12333,1
169,8485403,12333,12333,1
170,8534735,12333,12333,1
171,8584067,12333,12333,1
172,8633399,12333,12333,1
173,8682731,12333,12333,1
174,8732063,12333,12333,1
175,8781395,12333,12333,1
176,8830727,12333,12333,1
177,8880059,12332,12333,1
178,8929395,12334,12332,1
179,8978727,12333,12334,1
180,9028059,12333,12333,1
181,9077391,12333,12333,1
182,9126723,12333,12333,1
183,9176055,12333,12333,1
184,9225387,12333,12333,1
185,9274719,12333,12333,1
186,9324051,12333,12333,1
187,9373383,12333,12333,1
188,9422715,12333,12333,1
189,9472047,12333,12333,1
190,9521379,12333,12333,1
191,9570711,12333,12333,1
192,9620043,12333,12333,1
193,9669375,12333,12333,1
194,9718707,12333,12333,1
195,9768039,12333,12333,1
196,9817371,12333,12333,1
197,9866703,12333,12333,1
198,9916035,12333,12333,1
199,10012027,23998,12333,1
200,10061359,12333,16383,1
201,10110691,12333,12333,1
202,10160023,12333,12333,1
203,10209355,12333,12333,1
204,10258687,12332,12333,1
205,10308023,12334,12332,1
206,10357355,12333,12334,1
207,10406687,12333,12333,1
208,10456019,12333,12333,1
209,10505351,12333,12333,1
210,10554683,12333,12333,1
211,10604015,12333,12333,1
212,10653347,12333,12333,1
213,10702679,12333,12333,1
214,10752011,12333,12333,1
215,10801343,12333,12333,1
216,10850675,12333,12333,1
217,10900007,12333,12333,1
218,10949339,12333,12333,1
219,10998671,12333,12333,1
220,11048003,12333,12333,1
221,11097335,12333,12333,1
222,11146667,12333,12333,1
223,11195999,12333,12333,1
224,11245331,12333,12333,1
225,11294663,12333,12333,1
226,11343995,12333,12333,1
227,11393327,12333,12333,1
228,11442659,12333,12333,1
229,11491991,12333,12333,1
230,11541323,12333,12333,1
231,11590655,12333,12333,1
232,11639987,12333,12333,1
233,11689319,12333,12333,1
234,11738651,12333,12333,1
235,11787983,12333,12333,1
236,11837315,12333,12333,1
237,11886647,12332,12333,1
238,11935983,12334,12332,1
239,11985315,12333,12334,1
240,12034647,12333,12333,1
241,12083979,12333,12333,1
242,12133311,12333,12333,1
243,12182643,12333,12333,1
244,12231975,12333,12333,1
245,12281307,12333,12333,1
246,12330639,12333,12333,1
247,12379971,12333,12333,1
248,12429303,12333,12333,1
249,12478635,12333,12333,1
250,12527967,12333,12333,1
251,12577299,12333,12333,1
252,12626631,12333,12333,1
253,12675963,12333,12333,1
254,12725295,12333,12333,1
255,12774627,12333,12333,1
256,12823959,12333,12333,1
257,12873291,12333,12333,1
258,12922623,12333,12333,1
259,12971955,12333,12333,1
260,13021287,12333,12333,1
261,13070619,12333,12333,1
262,13119951,12333,12333,1
263,13169283,12333,12333,1
264,13218615,12333,12333,1
265,13267947,12333,12333,1
266,13317279,12333,12333,1
267,13366611,12333,12333,1
268,13415943,12333,12333,1
269,13465275,12332,12333,1
270,13514611,12334,12332,1
271,13563943,12333,12334,1
272,13613275,12333,12333,1
273,13662607,12333,12333,1
274,13711939,12333,12333,1
275,13761271,12333,12333,1
276,13810603,12333,12333,1
277,13859935,12333,12333,1
278,13909267,12333,12333,1
279,13958599,12333,12333,1
280,14007931,12333,12333,1
281,14057263,12333,12333,1
282,14106595,12333,12333,1
283,14155927,12333,12333,1
284,14205259,12333,12333,1
285,14254591,12333,12333,1
286,14303923,12333,12333,1
287,14353255,12333,12333,1
288,14402587,12333,12333,1
289,14451919,12333,12333,1
290,14501251,12333,12333,1
291,14550583,12333,12333,1
292,14599915,12333,12333,1
293,14649247,12333,12333,1
294,14698579,12333,12333,1
295,14747911,12333,12333,1
296,14797243,12333,12333,1
297,14846575,12333,12333,1
298,14895907,12333,12333,1
299,14945239,12333,12333,1
300,14994571,12333,12333,1
301,15043903,12332,12333,1
302,15093239,12334,12332,1
303,15142571,12333,12334,1
304,15191903,12333,12333,1
305,15241235,12333,12333,1
306,15290567,12333,12333,1
307,15339899,12333,12333,1
308,15389231,12333,12333,1
309,15438563,12333,12333,1
310,15487895,12333,12333,1
311,15537227,12333,12333,1
312,15586559,12333,12333,1
313,15635891,12333,12333,1
314,15685223,12333,12333,1
315,15734555,12333,12333,1
316,15783887,12333,12333,1
317,15833219,12333,12333,1
318,15882551,12333,12333,1
319,15931883,12333,12333,1
320,15981215,12333,12333,1
321,16030547,12333,12333,1
322,16079879,12333,12333,1
323,16129211,12333,12333,1
324,16178543,12333,12333,1
325,16227875,12333,12333,1
326,16277207,12333,12333,1
327,16326539,12333,12333,1
328,16375871,12333,12333,1
329,16425203,12333,12333,1
330,16474535,12333,12333,1
331,16523867,12333,12333,1
332,16573199,12333,12333,1
333,16622531,12333,12333,1
334,16671863,12332,12333,1
335,16721199,12334,12332,1
336,16770531,12333,12334,1
337,16819863,12333,12333,1
338,16869195,12333,12333,1
339,16918527,12333,12333,1
340,16967859,12333,12333,1
341,17017191,12333,12333,1
342,17066523,12333,12333,1
343,17115855,12333,12333,1
344,17165187,12333,12333,1
345,17214519,12333,12333,1
346,17263851,12333,12333,1
347,17313183,12333,12333,1
348,17362515,12333,12333,1
349,17411847,12333,12333,1
350,17461179,12333,12333,1
351,17510511,12333,12333,1
352,17559843,12333,12333,1
353,17609175,12333,12333,1
354,17658507,12333,12333,1
355,17707839,12333,12333,1
356,17757171,12333,12333,1
357,17806503,12333,12333,1
358,17855835,12333,12333,1
359,17905167,12333,12333,1
360,17954499,12333,12333,1
361,18003831,12333,12333,1
362,18053163,12333,12333,1
363,18102495,12333,12333,1
364,18151827,12333,12333,1
365,18201159,12333,12333,1
366,18250491,12332,12333,1
367,18299827,12334,12332,1
368,18349159,12333,12334,1
369,18398491,12333,12333,1
370,18447823,12333,12333,1
371,18497155,12333,12333,1
372,18546487,12333,12333,1
373,18595819,12333,12333,1
374,18645151,12333,12333,1
375,18694483,12333,12333,1
376,18743815,12333,12333,1
377,18793147,12333,12333,1
378,18842479,12333,12333,1
379,18891811,12333,12333,1
380,18941143,12333,12333,1
381,18990475,12333,12333,1
382,19039807,12333,12333,1
383,19089139,12333,12333,1
384,19138471,12333,12333,1
385,19187803,12333,12333,1
386,19237135,12333,12333,1
387,19286467,12333,12333,1
388,19335799,12333,12333,1
389,19385131,12333,12333,1
390,19434463,12333,12333,1
391,19483795,12333,12333,1
392,19533127,12333,12333,1
393,19582459,12333,12333,1
394,19631791,12333,12333,1
395,19681123,12333,12333,1
396,19730455,12333,12333,1
397,19779787,12333,12333,1
398,19829119,12333,12333,1
399,19878451,12332,12333,1
400,19927787,12334,12332,1
401,19977119,12333,12334,1
402,20026451,12333,12333,1
403,20075783,12333,12333,1
404,20125115,12333,12333,1
405,20174447,12333,12333,1
406,20223779,12333,12333,1
407,20273111,12333,12333,1
408,20322443,12333,12333,1
409,20371775,12333,12333,1
410,20421107,12333,12333,1
411,20470439,12333,12333,1
412,20519440,12333,12333,1
413,20519440,12333,12333,1
