# n,sidx,vpops_in_interval,rtl_period,locked
0,296239,74017,0,0
1,345571,12333,16383,0
2,394903,12333,12333,0
3,444235,12333,12333,0
4,493567,12333,12333,0
5,542899,12333,12333,0
6,592231,12333,12333,0
7,641563,12333,12333,0
8,690895,12332,12333,1
9,740231,12333,12332,1
10,789567,12333,12333,1
11,838903,12333,12333,1
12,888239,12333,12333,1
13,937575,12333,12333,1
14,986911,12333,12333,1
15,1036247,12333,12333,1
16,1085583,12334,12333,1
17,1134915,12333,12334,1
18,1184247,12333,12333,1
19,1233579,12333,12333,1
20,1282911,12333,12333,1
21,1332243,12333,12333,1
22,1381575,12333,12333,1
23,1430907,12333,12333,1
24,1480239,12333,12333,1
25,1529571,12333,12333,1
26,1578903,12333,12333,1
27,1628235,12333,12333,1
28,1677567,12333,12333,1
29,1726899,12333,12333,1
30,1776231,12333,12333,1
31,1825563,12333,12333,1
32,1874895,12333,12333,1
33,1924227,12333,12333,1
34,1973559,12333,12333,1
35,2022891,12333,12333,1
36,2072223,12333,12333,1
37,2121555,12333,12333,1
38,2170887,12333,12333,1
39,2220219,12333,12333,1
40,2269551,12333,12333,1
41,2318883,12333,12333,1
42,2368215,12333,12333,1
43,2417547,12333,12333,1
44,2466879,12333,12333,1
45,2516211,12333,12333,1
46,2565543,12333,12333,1
47,2614875,12333,12333,1
48,2664207,12333,12333,1
49,2713539,12333,12333,1
50,2762871,12333,12333,1
51,2812203,12333,12333,1
52,2861535,12333,12333,1
53,2910867,12333,12333,1
54,2960199,12333,12333,1
55,3009531,12333,12333,1
56,3058863,12333,12333,1
57,3108195,12333,12333,1
58,3157527,12333,12333,1
59,3206859,12333,12333,1
60,3256191,12333,12333,1
61,3305523,12333,12333,1
62,3354855,12333,12333,1
63,3404187,12333,12333,1
64,3453519,12333,12333,1
65,3502851,12333,12333,1
66,3552183,12333,12333,1
67,3601515,12333,12333,1
68,3650847,12333,12333,1
69,3700179,12333,12333,1
70,3749511,12333,12333,1
71,3798843,12333,12333,1
72,3848175,12333,12333,1
73,3897507,12333,12333,1
74,3946839,12333,12333,1
75,3996171,12333,12333,1
76,4045503,12333,12333,1
77,4094835,12333,12333,1
78,4144167,12333,12333,1
79,4193499,12333,12333,1
80,4242831,12333,12333,1
81,4292163,12333,12333,1
82,4341495,12333,12333,1
83,4390827,12333,12333,1
84,4440159,12333,12333,1
85,4489491,12333,12333,1
86,4538823,12333,12333,1
87,4588155,12333,12333,1
88,4637487,12333,12333,1
89,4686819,12333,12333,1
90,4736151,12333,12333,1
91,4785483,12333,12333,1
92,4834815,12333,12333,1
93,4884147,12333,12333,1
94,4933479,12333,12333,1
95,4982811,12333,12333,1
96,5032143,12333,12333,1
97,5081475,12333,12333,1
98,5130807,12333,12333,1
99,5180139,12333,12333,1
100,5229471,12333,12333,1
101,5278803,12333,12333,1
102,5328135,12333,12333,1
103,5377467,12333,12333,1
104,5426799,12333,12333,1
105,5476131,12333,12333,1
106,5525463,12333,12333,1
107,5574795,12333,12333,1
108,5624127,12333,12333,1
109,5673459,12333,12333,1
110,5722791,12333,12333,1
111,5772123,12333,12333,1
112,5821455,12333,12333,1
113,5870787,12333,12333,1
114,5920119,12333,12333,1
115,5969451,12333,12333,1
116,6018783,12333,12333,1
117,6068115,12333,12333,1
118,6117447,12333,12333,1
119,6166779,12333,12333,1
120,6216111,12333,12333,1
121,6265443,12333,12333,1
122,6314775,12333,12333,1
123,6364107,12333,12333,1
124,6413439,12333,12333,1
125,6462771,12333,12333,1
126,6512103,12333,12333,1
127,6561435,12333,12333,1
128,6610767,12333,12333,1
129,6660099,12333,12333,1
130,6709431,12333,12333,1
131,6758763,12333,12333,1
132,6808095,12333,12333,1
133,6857427,12333,12333,1
134,6906759,12333,12333,1
135,6956091,12333,12333,1
136,7005423,12333,12333,1
137,7054755,12333,12333,1
138,7104087,12333,12333,1
139,7153419,12333,12333,1
140,7202751,12333,12333,1
141,7252083,12333,12333,1
142,7301415,12333,12333,1
143,7350747,12333,12333,1
144,7400079,12333,12333,1
145,7449411,12333,12333,1
146,7498743,12333,12333,1
147,7548075,12333,12333,1
148,7597407,12333,12333,1
149,7646739,12333,12333,1
150,7696071,12333,12333,1
151,7745403,12333,12333,1
152,7794735,12333,12333,1
153,7844067,12333,12333,1
154,7893399,12333,12333,1
155,7942731,12333,12333,1
156,7992063,12333,12333,1
157,8041395,12333,12333,1
158,8090727,12333,12333,1
159,8140059,12333,12333,1
160,8189391,12333,12333,1
161,8238723,12333,12333,1
162,8288055,12333,12333,1
163,8337387,12333,12333,1
164,8386719,12333,12333,1
165,8436051,12333,12333,1
166,8485383,12333,12333,1
167,8534715,12333,12333,1
168,8584047,12333,12333,1
169,8633379,12333,12333,1
170,8682711,12333,12333,1
171,8732043,12333,12333,1
172,8781375,12333,12333,1
173,8830707,12333,12333,1
174,8880039,12333,12333,1
175,8929371,12333,12333,1
176,8978703,12333,12333,1
177,9028035,12333,12333,1
178,9077367,12333,12333,1
179,9126699,12333,12333,1
180,9176031,12333,12333,1
181,9225363,12333,12333,1
182,9274695,12333,12333,1
183,9324027,12333,12333,1
184,9373359,12333,12333,1
185,9422691,12333,12333,1
186,9472023,12333,12333,1
187,9521355,12333,12333,1
188,9570687,12333,12333,1
189,9620019,12333,12333,1
190,9669351,12333,12333,1
191,9718683,12333,12333,1
192,9768015,12333,12333,1
193,9817347,12333,12333,1
194,9866679,12333,12333,1
195,9916011,12333,12333,1
196,9965343,12333,12333,1
197,10014675,12333,12333,1
198,10064007,12333,12333,1
199,10113339,12333,12333,1
200,10162671,12333,12333,1
201,10212003,12333,12333,1
202,10261335,12333,12333,1
203,10310667,12333,12333,1
204,10359999,12333,12333,1
205,10409331,12333,12333,1
206,10458663,12333,12333,1
207,10507995,12333,12333,1
208,10557327,12333,12333,1
209,10606659,12333,12333,1
210,10655991,12333,12333,1
211,10705323,12333,12333,1
212,10754655,12333,12333,1
213,10803987,12333,12333,1
214,10853319,12333,12333,1
215,10902651,12333,12333,1
216,10951983,12333,12333,1
217,11001315,12333,12333,1
218,11050647,12333,12333,1
219,11099979,12333,12333,1
220,11149311,12333,12333,1
221,11198643,12333,12333,1
222,11247975,12333,12333,1
223,11297307,12333,12333,1
224,11346639,12333,12333,1
225,11395971,12333,12333,1
226,11445303,12333,12333,1
227,11494635,12333,12333,1
228,11543967,12333,12333,1
229,11593299,12333,12333,1
230,11642631,12333,12333,1
231,11691963,12333,12333,1
232,11741295,12333,12333,1
233,11790627,12333,12333,1
234,11839959,12333,12333,1
235,11889291,12333,12333,1
236,11938623,12333,12333,1
237,11987955,12333,12333,1
238,12037287,12333,12333,1
239,12086619,12333,12333,1
240,12135951,12333,12333,1
241,12185283,12333,12333,1
242,12234615,12333,12333,1
243,12283947,12333,12333,1
244,12333279,12333,12333,1
245,12382611,12333,12333,1
246,12431943,12333,12333,1
247,12481275,12333,12333,1
248,12530607,12333,12333,1
249,12579939,12333,12333,1
250,12629271,12333,12333,1
251,12678603,12333,12333,1
252,12727935,12333,12333,1
253,12777267,12333,12333,1
254,12826599,12333,12333,1
255,12875931,12333,12333,1
256,12925263,12333,12333,1
257,12974595,12333,12333,1
258,13023927,12333,12333,1
259,13073259,12333,12333,1
260,13122591,12333,12333,1
261,13171923,12333,12333,1
262,13221255,12333,12333,1
263,13270587,12333,12333,1
264,13319919,12333,12333,1
265,13369251,12333,12333,1
266,13418583,12333,12333,1
267,13467915,12333,12333,1
268,13517247,12333,12333,1
269,13566579,12333,12333,1
270,13615911,12333,12333,1
271,13665243,12333,12333,1
272,13714575,12333,12333,1
273,13763907,12333,12333,1
274,13813239,12333,12333,1
275,13862571,12333,12333,1
276,13911903,12333,12333,1
277,13961235,12333,12333,1
278,14010567,12333,12333,1
279,14059899,12333,12333,1
280,14109231,12333,12333,1
281,14158563,12333,12333,1
282,14207895,12333,12333,1
283,14257227,12333,12333,1
284,14306559,12333,12333,1
285,14355891,12333,12333,1
286,14405223,12333,12333,1
287,14454555,12333,12333,1
288,14503887,12333,12333,1
289,14553219,12333,12333,1
290,14602551,12333,12333,1
291,14651883,12333,12333,1
292,14701215,12333,12333,1
293,14750547,12333,12333,1
294,14799879,12333,12333,1
295,14849211,12333,12333,1
296,14898543,12333,12333,1
297,14947875,12333,12333,1
298,14997207,12333,12333,1
299,15046539,12333,12333,1
300,15095871,12333,12333,1
301,15145203,12333,12333,1
302,15194535,12333,12333,1
303,15243867,12333,12333,1
304,15293199,12333,12333,1
305,15342531,12333,12333,1
306,15391863,12333,12333,1
307,15441195,12333,12333,1
308,15490527,12333,12333,1
309,15539859,12333,12333,1
310,15589191,12333,12333,1
311,15638523,12333,12333,1
312,15687855,12333,12333,1
313,15737187,12333,12333,1
314,15786519,12333,12333,1
315,15835851,12333,12333,1
316,15885183,12333,12333,1
317,15934515,12333,12333,1
318,15983847,12333,12333,1
319,16033179,12333,12333,1
320,16082511,12333,12333,1
321,16131843,12333,12333,1
322,16181175,12333,12333,1
323,16230507,12333,12333,1
324,16279839,12333,12333,1
325,16329171,12333,12333,1
326,16378503,12333,12333,1
327,16427835,12333,12333,1
328,16477167,12333,12333,1
329,16526499,12333,12333,1
330,16575831,12333,12333,1
331,16625163,12333,12333,1
332,16674495,12333,12333,1
333,16723827,12333,12333,1
334,16773159,12333,12333,1
335,16822491,12333,12333,1
336,16871823,12333,12333,1
337,16921155,12333,12333,1
338,16970487,12333,12333,1
339,17019819,12333,12333,1
340,17069151,12333,12333,1
341,17118483,12333,12333,1
342,17167815,12333,12333,1
343,17217147,12333,12333,1
344,17266479,12333,12333,1
345,17315811,12333,12333,1
346,17365143,12333,12333,1
347,17414475,12333,12333,1
348,17463807,12333,12333,1
349,17513139,12333,12333,1
350,17562471,12333,12333,1
351,17611803,12333,12333,1
352,17661135,12333,12333,1
353,17710467,12333,12333,1
354,17759799,12333,12333,1
355,17809131,12333,12333,1
356,17858463,12333,12333,1
357,17907795,12333,12333,1
358,17957127,12333,12333,1
359,18006459,12333,12333,1
360,18055791,12333,12333,1
361,18105123,12333,12333,1
362,18154455,12333,12333,1
363,18203787,12333,12333,1
364,18253119,12333,12333,1
365,18302451,12333,12333,1
366,18351783,12333,12333,1
367,18401115,12333,12333,1
368,18450447,12333,12333,1
369,18499779,12333,12333,1
370,18549111,12333,12333,1
371,18598443,12333,12333,1
372,18647775,12333,12333,1
373,18697107,12333,12333,1
374,18746439,12333,12333,1
375,18795771,12333,12333,1
376,18845103,12333,12333,1
377,18894435,12333,12333,1
378,18943767,12333,12333,1
379,18993099,12333,12333,1
380,19042431,12333,12333,1
381,19091763,12333,12333,1
382,19141095,12333,12333,1
383,19190427,12333,12333,1
384,19239759,12333,12333,1
385,19289091,12333,12333,1
386,19338423,12333,12333,1
387,19387755,12333,12333,1
388,19437087,12333,12333,1
389,19486419,12333,12333,1
390,19535751,12333,12333,1
391,19585083,12333,12333,1
392,19634415,12333,12333,1
393,19683747,12333,12333,1
394,19733079,12333,12333,1
395,19782411,12333,12333,1
396,19831743,12333,12333,1
397,19881075,12333,12333,1
398,19930407,12333,12333,1
399,19979739,12333,12333,1
400,20029071,12333,12333,1
401,20078403,12333,12333,1
402,20127735,12333,12333,1
403,20177067,12333,12333,1
404,20226399,12333,12333,1
405,20275731,12333,12333,1
406,20325063,12333,12333,1
407,20374395,12333,12333,1
408,20423727,12333,12333,1
409,20473059,12333,12333,1
410,20522391,12333,12333,1
411,20571723,12333,12333,1
412,20621055,12333,12333,1
413,20670387,12333,12333,1
414,20719719,12333,12333,1
415,20769051,12333,12333,1
416,20818383,12333,12333,1
417,20867715,12333,12333,1
418,20917047,12333,12333,1
419,20966379,12333,12333,1
420,21015711,12333,12333,1
421,21065043,12333,12333,1
422,21114096,12333,12333,1
423,21114096,12333,12333,1
