# n,sidx,vpops_in_interval,rtl_period,locked
0,296235,73872,0,0
1,345567,12333,16383,0
2,394899,12333,12333,0
3,444231,12333,12333,0
4,493563,12333,12333,0
5,542895,12333,12333,0
6,592227,12333,12333,0
7,641559,12333,12333,0
8,690891,12332,12333,1
9,740227,12333,12332,1
10,789563,12333,12333,1
11,838899,12333,12333,1
12,888235,12333,12333,1
13,937571,12333,12333,1
14,986907,12333,12333,1
15,1036243,12334,12333,1
16,1085575,12333,12334,1
17,1134907,12333,12333,1
18,1184239,12333,12333,1
19,1233571,12333,12333,1
20,1282903,12333,12333,1
21,1332235,12333,12333,1
22,1381567,12333,12333,1
23,1430899,12333,12333,1
24,1480231,12333,12333,1
25,1529563,12333,12333,1
26,1578895,12333,12333,1
27,1628227,12333,12333,1
28,1677559,12333,12333,1
29,1726891,12333,12333,1
30,1776223,12333,12333,1
31,1825555,12333,12333,1
32,1874887,12333,12333,1
33,1924219,12333,12333,1
34,1973551,12333,12333,1
35,2022883,12333,12333,1
36,2072215,12333,12333,1
37,2121547,12333,12333,1
38,2170879,12333,12333,1
39,2220211,12333,12333,1
40,2269543,12333,12333,1
41,2318875,12333,12333,1
42,2368207,12333,12333,1
43,2417539,12333,12333,1
44,2466871,12333,12333,1
45,2516203,12333,12333,1
46,2565535,12333,12333,1
47,2614867,12333,12333,1
48,2664199,12333,12333,1
49,2713531,12333,12333,1
50,2762863,12333,12333,1
51,2812195,12333,12333,1
52,2861527,12333,12333,1
53,2910859,12333,12333,1
54,2960191,12333,12333,1
55,3009523,12333,12333,1
56,3058855,12333,12333,1
57,3108187,12333,12333,1
58,3157519,12333,12333,1
59,3206851,12333,12333,1
60,3256183,12333,12333,1
61,3305515,12333,12333,1
62,3354847,12333,12333,1
63,3404179,12333,12333,1
64,3453511,12333,12333,1
65,3502843,12333,12333,1
66,3552175,12333,12333,1
67,3601507,12333,12333,1
68,3650839,12333,12333,1
69,3700171,12333,12333,1
70,3749503,12333,12333,1
71,3798835,12333,12333,1
72,3848167,12333,12333,1
73,3897499,12333,12333,1
74,3946831,12333,12333,1
75,3996163,12333,12333,1
76,4045495,12333,12333,1
77,4094827,12333,12333,1
78,4144159,12333,12333,1
79,4193491,12333,12333,1
80,4242823,12333,12333,1
81,4292155,12333,12333,1
82,4341487,12333,12333,1
83,4390819,12333,12333,1
84,4440151,12333,12333,1
85,4489483,12333,12333,1
86,4538815,12333,12333,1
87,4588147,12333,12333,1
88,4637479,12333,12333,1
89,4686811,12333,12333,1
90,4736143,12333,12333,1
91,4785475,12333,12333,1
92,4834807,12333,12333,1
93,4884139,12333,12333,1
94,4933471,12333,12333,1
95,4982803,12333,12333,1
96,5032135,12333,12333,1
97,5081467,12333,12333,1
98,5130799,12333,12333,1
99,5180131,12333,12333,1
100,5229463,12333,12333,1
101,5278795,12333,12333,1
102,5328127,12333,12333,1
103,5377459,12333,12333,1
104,5426791,12333,12333,1
105,5476123,12333,12333,1
106,5525455,12333,12333,1
107,5574787,12333,12333,1
108,5624119,12333,12333,1
109,5673451,12333,12333,1
110,5722783,12333,12333,1
111,5772115,12333,12333,1
112,5821447,12333,12333,1
113,5870779,12333,12333,1
114,5920111,12333,12333,1
115,5969443,12333,12333,1
116,6018775,12333,12333,1
117,6068107,12333,12333,1
118,6117439,12333,12333,1
119,6166771,12333,12333,1
120,6216103,12333,12333,1
121,6265435,12333,12333,1
122,6314767,12333,12333,1
123,6364099,12333,12333,1
124,6413431,12333,12333,1
125,6462763,12333,12333,1
126,6512095,12333,12333,1
127,6561427,12333,12333,1
128,6610759,12333,12333,1
129,6660087,12332,12333,1
130,6709419,12333,12332,1
131,6758751,12333,12333,1
132,6808083,12333,12333,1
133,6857415,12333,12333,1
134,6906747,12333,12333,1
135,6956079,12333,12333,1
136,7005411,12333,12333,1
137,7054739,12332,12333,1
138,7104071,12333,12332,1
139,7153403,12333,12333,1
140,7202735,12333,12333,1
141,7252067,12333,12333,1
142,7301399,12333,12333,1
143,7350731,12333,12333,1
144,7400063,12333,12333,1
145,7449395,12333,12333,1
146,7498723,12332,12333,1
147,7548055,12333,12332,1
148,7597387,12333,12333,1
149,7646719,12333,12333,1
150,7696051,12333,12333,1
151,7745383,12333,12333,1
152,7794715,12333,12333,1
153,7844047,12333,12333,1
154,7893375,12332,12333,1
155,7942707,12333,12332,1
156,7992039,12333,12333,1
157,8041371,12333,12333,1
158,8090703,12333,12333,1
159,8140035,12333,12333,1
160,8189367,12333,12333,1
161,8238699,12333,12333,1
162,8288027,12332,12333,1
163,8337359,12333,12332,1
164,8386691,12333,12333,1
165,8436023,12333,12333,1
166,8485355,12333,12333,1
167,8534687,12333,12333,1
168,8584019,12333,12333,1
169,8633351,12333,12333,1
170,8682679,12332,12333,1
171,8732011,12333,12332,1
172,8781343,12333,12333,1
173,8830675,12333,12333,1
174,8880007,12333,12333,1
175,8929339,12333,12333,1
176,8978671,12333,12333,1
177,9028003,12333,12333,1
178,9077331,12332,12333,1
179,9126663,12333,12332,1
180,9175995,12333,12333,1
181,9225327,12333,12333,1
182,9274659,12333,12333,1
183,9323991,12333,12333,1
184,9373323,12333,12333,1
185,9422655,12333,12333,1
186,9471983,12332,12333,1
187,9521315,12333,12332,1
188,9570647,12333,12333,1
189,9619979,12333,12333,1
190,9669311,12333,12333,1
191,9718643,12333,12333,1
192,9767975,12333,12333,1
193,9817307,12333,12333,1
194,9866635,12332,12333,1
195,9915967,12333,12332,1
196,9965299,12333,12333,1
197,10014631,12333,12333,1
198,10063963,12333,12333,1
199,10113295,12333,12333,1
200,10162627,12333,12333,1
201,10211959,12333,12333,1
202,10261287,12332,12333,1
203,10310619,12333,12332,1
204,10359951,12333,12333,1
205,10409283,12333,12333,1
206,10458615,12333,12333,1
207,10507947,12333,12333,1
208,10557279,12333,12333,1
209,10606611,12333,12333,1
210,10655939,12332,12333,1
211,10705271,12333,12332,1
212,10754603,12333,12333,1
213,10803935,12333,12333,1
214,10853267,12333,12333,1
215,10902599,12333,12333,1
216,10951931,12333,12333,1
217,11001263,12333,12333,1
218,11050591,12332,12333,1
219,11099923,12333,12332,1
220,11149255,12333,12333,1
221,11198587,12333,12333,1
222,11247919,12333,12333,1
223,11297251,12333,12333,1
224,11346583,12333,12333,1
225,11395915,12333,12333,1
226,11445247,12333,12333,1
227,11494575,12332,12333,1
228,11543907,12333,12332,1
229,11593239,12333,12333,1
230,11642571,12333,12333,1
231,11691903,12333,12333,1
232,11741235,12333,12333,1
233,11790567,12333,12333,1
234,11839899,12333,12333,1
235,11889227,12332,12333,1
236,11938559,12333,12332,1
237,11987891,12333,12333,1
238,12037223,12333,12333,1
239,12086555,12333,12333,1
240,12135887,12333,12333,1
241,12185219,12333,12333,1
242,12234551,12333,12333,1
243,12283879,12332,12333,1
244,12333211,12333,12332,1
245,12382543,12333,12333,1
246,12431875,12333,12333,1
247,12481207,12333,12333,1
248,12530539,12333,12333,1
249,12579871,12333,12333,1
250,12629203,12333,12333,1
251,12678531,12332,12333,1
252,12727863,12333,12332,1
253,12777195,12333,12333,1
254,12826527,12333,12333,1
255,12875859,12333,12333,1
256,12925191,12333,12333,1
257,12974523,12333,12333,1
258,13023855,12333,12333,1
259,13073183,12332,12333,1
260,13122515,12333,12332,1
261,13171847,12333,12333,1
262,13221179,12333,12333,1
263,13270511,12333,12333,1
264,13319843,12333,12333,1
265,13369175,12333,12333,1
266,13418507,12333,12333,1
267,13467835,12332,12333,1
268,13517167,12333,12332,1
269,13566499,12333,12333,1
270,13615831,12333,12333,1
271,13665163,12333,12333,1
272,13714495,12333,12333,1
273,13763827,12333,12333,1
274,13813159,12333,12333,1
275,13862487,12332,12333,1
276,13911819,12333,12332,1
277,13961151,12333,12333,1
278,14010483,12333,12333,1
279,14059815,12333,12333,1
280,14109147,12333,12333,1
281,14158479,12333,12333,1
282,14207811,12333,12333,1
283,14257139,12332,12333,1
284,14306471,12333,12332,1
285,14355803,12333,12333,1
286,14405135,12333,12333,1
287,14454467,12333,12333,1
288,14503799,12333,12333,1
289,14553131,12333,12333,1
290,14602463,12333,12333,1
291,14651791,12332,12333,1
292,14701123,12333,12332,1
293,14750455,12333,12333,1
294,14799787,12333,12333,1
295,14849119,12333,12333,1
296,14898451,12333,12333,1
297,14947783,12333,12333,1
298,14997115,12333,12333,1
299,15046447,12333,12333,1
300,15095775,12332,12333,1
301,15145107,12333,12332,1
302,15194439,12333,12333,1
303,15243771,12333,12333,1
304,15293103,12333,12333,1
305,15342435,12333,12333,1
306,15391767,12333,12333,1
307,15441099,12333,12333,1
308,15490427,12332,12333,1
309,15539759,12333,12332,1
310,15589091,12333,12333,1
311,15638423,12333,12333,1
312,15687755,12333,12333,1
313,15737087,12333,12333,1
314,15786419,12333,12333,1
315,15835751,12333,12333,1
316,15885079,12332,12333,1
317,15934411,12333,12332,1
318,15983743,12333,12333,1
319,16033075,12333,12333,1
320,16082407,12333,12333,1
321,16131739,12333,12333,1
322,16181071,12333,12333,1
323,16230403,12333,12333,1
324,16279731,12332,12333,1
325,16329063,12333,12332,1
326,16378395,12333,12333,1
327,16427727,12333,12333,1
328,16477059,12333,12333,1
329,16526391,12333,12333,1
330,16575723,12333,12333,1
331,16625055,12333,12333,1
332,16674383,12332,12333,1
333,16723715,12333,12332,1
334,16773047,12333,12333,1
335,16822379,12333,12333,1
336,16871711,12333,12333,1
337,16921043,12333,12333,1
338,16970375,12333,12333,1
339,17019707,12333,12333,1
340,17069035,12332,12333,1
341,17118367,12333,12332,1
342,17167699,12333,12333,1
343,17217031,12333,12333,1
344,17266363,12333,12333,1
345,17315695,12333,12333,1
346,17365027,12333,12333,1
347,17414359,12333,12333,1
348,17463687,12332,12333,1
349,17513019,12333,12332,1
350,17562351,12333,12333,1
351,17611683,12333,12333,1
352,17661015,12333,12333,1
353,17710347,12333,12333,1
354,17759679,12333,12333,1
355,17809011,12333,12333,1
356,17858339,12332,12333,1
357,17907671,12333,12332,1
358,17957003,12333,12333,1
359,18006335,12333,12333,1
360,18055667,12333,12333,1
361,18104999,12333,12333,1
362,18154331,12333,12333,1
363,18203663,12333,12333,1
364,18252991,12332,12333,1
365,18302323,12333,12332,1
366,18351655,12333,12333,1
367,18400987,12333,12333,1
368,18450319,12333,12333,1
369,18499651,12333,12333,1
370,18548983,12333,12333,1
371,18598315,12333,12333,1
372,18647647,12333,12333,1
373,18696975,12332,12333,1
374,18746307,12333,12332,1
375,18795639,12333,12333,1
376,18844971,12333,12333,1
377,18894303,12333,12333,1
378,18943635,12333,12333,1
379,18992967,12333,12333,1
380,19042299,12333,12333,1
381,19091627,12332,12333,1
382,19140959,12333,12332,1
383,19190291,12333,12333,1
384,19239623,12333,12333,1
385,19288955,12333,12333,1
386,19338287,12333,12333,1
387,19387619,12333,12333,1
388,19436951,12333,12333,1
389,19486279,12332,12333,1
390,19535611,12333,12332,1
391,19584943,12333,12333,1
392,19634275,12333,12333,1
393,19683607,12333,12333,1
394,19732939,12333,12333,1
395,19782271,12333,12333,1
396,19831603,12333,12333,1
397,19880931,12332,12333,1
398,19930263,12333,12332,1
399,19979595,12333,12333,1
400,20028927,12333,12333,1
401,20078259,12333,12333,1
402,20127591,12333,12333,1
403,20176923,12333,12333,1
404,20226255,12333,12333,1
405,20275583,12332,12333,1
406,20324915,12333,12332,1
407,20374247,12333,12333,1
408,20423579,12333,12333,1
409,20472911,12333,12333,1
410,20522243,12333,12333,1
411,20571575,12333,12333,1
412,20620907,12333,12333,1
413,20670235,12332,12333,1
414,20719567,12333,12332,1
415,20768899,12333,12333,1
416,20818231,12333,12333,1
417,20867563,12333,12333,1
418,20916895,12333,12333,1
419,20966227,12333,12333,1
420,21015559,12333,12333,1
421,21064887,12332,12333,1
422,21114096,12333,12332,1
423,21114096,12333,12333,1
424,21114096,12333,12333,1
