# n,sidx,vpops_in_interval,rtl_period,locked
0,197575,49351,0,0
1,247031,12364,16383,0
2,296363,12333,12364,0
3,345695,12333,12333,0
4,395027,12333,12333,0
5,444359,12333,12333,0
6,493691,12333,12333,0
7,543023,12333,12333,0
8,592355,12333,12333,1
9,641687,12333,12333,1
10,691019,12333,12333,1
11,740347,12332,12333,1
12,789675,12332,12332,1
13,839003,12332,12332,1
14,888331,12332,12332,1
15,937659,12332,12332,1
16,986987,12332,12332,1
17,1036315,12332,12332,1
18,1085647,12333,12332,1
19,1134979,12333,12333,1
20,1184311,12333,12333,1
21,1233643,12333,12333,1
22,1282975,12333,12333,1
23,1332307,12333,12333,1
24,1381639,12333,12333,1
25,1430971,12333,12333,1
26,1480303,12333,12333,1
27,1529635,12333,12333,1
28,1578967,12333,12333,1
29,1628299,12333,12333,1
30,1677631,12333,12333,1
31,1726963,12333,12333,1
32,1776295,12333,12333,1
33,1825627,12333,12333,1
34,1874959,12333,12333,1
35,1924291,12333,12333,1
36,1973623,12333,12333,1
37,2022955,12333,12333,1
38,2072287,12333,12333,1
39,2121619,12333,12333,1
40,2170951,12333,12333,1
41,2220283,12333,12333,1
42,2269615,12333,12333,1
43,2318947,12333,12333,1
44,2368279,12333,12333,1
45,2417611,12333,12333,1
46,2466943,12333,12333,1
47,2516275,12333,12333,1
48,2565607,12333,12333,1
49,2614939,12333,12333,1
50,2664271,12333,12333,1
51,2713603,12333,12333,1
52,2762935,12333,12333,1
53,2812267,12333,12333,1
54,2861599,12333,12333,1
55,2910931,12333,12333,1
56,2960263,12333,12333,1
57,3009595,12333,12333,1
58,3058927,12333,12333,1
59,3108259,12333,12333,1
60,3157591,12333,12333,1
61,3206923,12333,12333,1
62,3256255,12333,12333,1
63,3305587,12333,12333,1
64,3354919,12333,12333,1
65,3404251,12333,12333,1
66,3453583,12333,12333,1
67,3502915,12333,12333,1
68,3552247,12333,12333,1
69,3601579,12333,12333,1
70,3650911,12333,12333,1
71,3700243,12333,12333,1
72,3749575,12333,12333,1
73,3798907,12333,12333,1
74,3848239,12333,12333,1
75,3897571,12333,12333,1
76,3946903,12333,12333,1
77,3996235,12333,12333,1
78,4045567,12333,12333,1
79,4094899,12333,12333,1
80,4144231,12333,12333,1
81,4193563,12333,12333,1
82,4242895,12333,12333,1
83,4292227,12333,12333,1
84,4341559,12333,12333,1
85,4390891,12333,12333,1
86,4440223,12333,12333,1
87,4489555,12333,12333,1
88,4538887,12333,12333,1
89,4588219,12333,12333,1
90,4637551,12333,12333,1
91,4686883,12333,12333,1
92,4736215,12333,12333,1
93,4785547,12333,12333,1
94,4834879,12333,12333,1
95,4884211,12333,12333,1
96,4933543,12333,12333,1
97,4982875,12333,12333,1
98,5032207,12333,12333,1
99,5081539,12333,12333,1
100,5130871,12333,12333,1
101,5180203,12333,12333,1
102,5229535,12333,12333,1
103,5278867,12333,12333,1
104,5328199,12333,12333,1
105,5377531,12333,12333,1
106,5426863,12333,12333,1
107,5476195,12333,12333,1
108,5525527,12333,12333,1
109,5574859,12333,12333,1
110,5624191,12333,12333,1
111,5673523,12333,12333,1
112,5722855,12333,12333,1
113,5772187,12333,12333,1
114,5821519,12333,12333,1
115,5870851,12333,12333,1
116,5920183,12333,12333,1
117,5969515,12333,12333,1
118,6018847,12333,12333,1
119,6068179,12333,12333,1
120,6117511,12333,12333,1
121,6166843,12333,12333,1
122,6216175,12333,12333,1
123,6265507,12333,12333,1
124,6314839,12333,12333,1
125,6364171,12333,12333,1
126,6413503,12333,12333,1
127,6462835,12333,12333,1
128,6512167,12333,12333,1
129,6561499,12333,12333,1
130,6610831,12333,12333,1
131,6660163,12332,12333,1
132,6709499,12334,12332,1
133,6758831,12333,12334,1
134,6857495,24666,12333,1
135,6906827,12333,16383,1
136,6956159,12333,12333,1
137,7005491,12333,12333,1
138,7054823,12332,12333,1
139,7104159,12334,12332,1
140,7153491,12333,12334,1
141,7202823,12333,12333,1
142,7252155,12333,12333,1
143,7301487,12333,12333,1
144,7350819,12333,12333,1
145,7400151,12333,12333,1
146,7449483,12333,12333,1
147,7498815,12332,12333,1
148,7548151,12334,12332,1
149,7597483,12333,12334,1
150,7646815,12333,12333,1
151,7696147,12333,12333,1
152,7745479,12333,12333,1
153,7794811,12333,12333,1
154,7844143,12333,12333,1
155,7893475,12332,12333,1
156,7942811,12334,12332,1
157,7992143,12333,12334,1
158,8041475,12333,12333,1
159,8090807,12333,12333,1
160,8140139,12333,12333,1
161,8189471,12333,12333,1
162,8238803,12333,12333,1
163,8288135,12332,12333,1
164,8337471,12334,12332,1
165,8386803,12333,12334,1
166,8436135,12333,12333,1
167,8485467,12333,12333,1
168,8534799,12333,12333,1
169,8584131,12333,12333,1
170,8633463,12333,12333,1
171,8682795,12332,12333,1
172,8732131,12334,12332,1
173,8781463,12333,12334,1
174,8830795,12333,12333,1
175,8880127,12333,12333,1
176,8929459,12333,12333,1
177,8978791,12333,12333,1
178,9028123,12333,12333,1
179,9077455,12332,12333,1
180,9126791,12334,12332,1
181,9176123,12333,12334,1
182,9225455,12333,12333,1
183,9274787,12333,12333,1
184,9324119,12333,12333,1
185,9373451,12333,12333,1
186,9422783,12333,12333,1
187,9472115,12332,12333,1
188,9521451,12334,12332,1
189,9570783,12333,12334,1
190,9620115,12333,12333,1
191,9669447,12333,12333,1
192,9718779,12333,12333,1
193,9768111,12333,12333,1
194,9817443,12333,12333,1
195,9866775,12332,12333,1
196,9916111,12334,12332,1
197,9965443,12333,12334,1
198,10014775,12333,12333,1
199,10064107,12333,12333,1
200,10113439,12333,12333,1
201,10162771,12333,12333,1
202,10212103,12333,12333,1
203,10261435,12332,12333,1
204,10310771,12334,12332,1
205,10360103,12333,12334,1
206,10409435,12333,12333,1
207,10458767,12333,12333,1
208,10508099,12333,12333,1
209,10557431,12333,12333,1
210,10606763,12333,12333,1
211,10656095,12332,12333,1
212,10705431,12334,12332,1
213,10754763,12333,12334,1
214,10804095,12333,12333,1
215,10853427,12333,12333,1
216,10902759,12333,12333,1
217,10952091,12333,12333,1
218,11001423,12333,12333,1
219,11050755,12333,12333,1
220,11100087,12332,12333,1
221,11149423,12334,12332,1
222,11198755,12333,12334,1
223,11248087,12333,12333,1
224,11297419,12333,12333,1
225,11346751,12333,12333,1
226,11396083,12333,12333,1
227,11445415,12333,12333,1
228,11494747,12332,12333,1
229,11544083,12334,12332,1
230,11593415,12333,12334,1
231,11642747,12333,12333,1
232,11692079,12333,12333,1
233,11741411,12333,12333,1
234,11790743,12333,12333,1
235,11840075,12333,12333,1
236,11889407,12332,12333,1
237,11938743,12334,12332,1
238,11988075,12333,12334,1
239,12037407,12333,12333,1
240,12086739,12333,12333,1
241,12136071,12333,12333,1
242,12185403,12333,12333,1
243,12234735,12333,12333,1
244,12284067,12332,12333,1
245,12333403,12334,12332,1
246,12382735,12333,12334,1
247,12432067,12333,12333,1
248,12481399,12333,12333,1
249,12530731,12333,12333,1
250,12580063,12333,12333,1
251,12629395,12333,12333,1
252,12678727,12332,12333,1
253,12728063,12334,12332,1
254,12777395,12333,12334,1
255,12826727,12333,12333,1
256,12876059,12333,12333,1
257,12925391,12333,12333,1
258,12974723,12333,12333,1
259,13024055,12333,12333,1
260,13073387,12332,12333,1
261,13122723,12334,12332,1
262,13172055,12333,12334,1
263,13221387,12333,12333,1
264,13270719,12333,12333,1
265,13320051,12333,12333,1
266,13369383,12333,12333,1
267,13418715,12333,12333,1
268,13468047,12332,12333,1
269,13517383,12334,12332,1
270,13566715,12333,12334,1
271,13616047,12333,12333,1
272,13665379,12333,12333,1
273,13714711,12333,12333,1
274,13764043,12333,12333,1
275,13813375,12333,12333,1
276,13862707,12332,12333,1
277,13912043,12334,12332,1
278,13961375,12333,12334,1
279,14010707,12333,12333,1
280,14060039,12333,12333,1
281,14109371,12333,12333,1
282,14158703,12333,12333,1
283,14208035,12333,12333,1
284,14257367,12332,12333,1
285,14306703,12334,12332,1
286,14356035,12333,12334,1
287,14405367,12333,12333,1
288,14454699,12333,12333,1
289,14504031,12333,12333,1
290,14553363,12333,12333,1
291,14602695,12333,12333,1
292,14652027,12332,12333,1
293,14701363,12334,12332,1
294,14750695,12333,12334,1
295,14800027,12333,12333,1
296,14849359,12333,12333,1
297,14898691,12333,12333,1
298,14948023,12333,12333,1
299,14997355,12333,12333,1
300,15046687,12333,12333,1
301,15096019,12332,12333,1
302,15145355,12334,12332,1
303,15194687,12333,12334,1
304,15244019,12333,12333,1
305,15293351,12333,12333,1
306,15342683,12333,12333,1
307,15392015,12333,12333,1
308,15441347,12333,12333,1
309,15490679,12332,12333,1
310,15540015,12334,12332,1
311,15589347,12333,12334,1
312,15638679,12333,12333,1
313,15688011,12333,12333,1
314,15737343,12333,12333,1
315,15786675,12333,12333,1
316,15836007,12333,12333,1
317,15885339,12332,12333,1
318,15934675,12334,12332,1
319,15984007,12333,12334,1
320,16033339,12333,12333,1
321,16082671,12333,12333,1
322,16132003,12333,12333,1
323,16181335,12333,12333,1
324,16230667,12333,12333,1
325,16279999,12332,12333,1
326,16329335,12334,12332,1
327,16378667,12333,12334,1
328,16427999,12333,12333,1
329,16477331,12333,12333,1
330,16526663,12333,12333,1
331,16575995,12333,12333,1
332,16625327,12333,12333,1
333,16674659,12332,12333,1
334,16723995,12334,12332,1
335,16773327,12333,12334,1
336,16822659,12333,12333,1
337,16871991,12333,12333,1
338,16921323,12333,12333,1
339,16970655,12333,12333,1
340,17019987,12333,12333,1
341,17069319,12332,12333,1
342,17118655,12334,12332,1
343,17167987,12333,12334,1
344,17217319,12333,12333,1
345,17266651,12333,12333,1
346,17315983,12333,12333,1
347,17365315,12333,12333,1
348,17414647,12333,12333,1
349,17463979,12332,12333,1
350,17513315,12334,12332,1
351,17562647,12333,12334,1
352,17611979,12333,12333,1
353,17661311,12333,12333,1
354,17710643,12333,12333,1
355,17759975,12333,12333,1
356,17809307,12333,12333,1
357,17858639,12332,12333,1
358,17907975,12334,12332,1
359,17957307,12333,12334,1
360,18006639,12333,12333,1
361,18055971,12333,12333,1
362,18105303,12333,12333,1
363,18154635,12333,12333,1
364,18203967,12333,12333,1
365,18253299,12332,12333,1
366,18302635,12334,12332,1
367,18351967,12333,12334,1
368,18401299,12333,12333,1
369,18450631,12333,12333,1
370,18499963,12333,12333,1
371,18549295,12333,12333,1
372,18598627,12333,12333,1
373,18647959,12333,12333,1
374,18697291,12332,12333,1
375,18746627,12334,12332,1
376,18795959,12333,12334,1
377,18845291,12333,12333,1
378,18894623,12333,12333,1
379,18943955,12333,12333,1
380,18993287,12333,12333,1
381,19042619,12333,12333,1
382,19091951,12332,12333,1
383,19141287,12334,12332,1
384,19190619,12333,12334,1
385,19239951,12333,12333,1
386,19289283,12333,12333,1
387,19338615,12333,12333,1
388,19387947,12333,12333,1
389,19437279,12333,12333,1
390,19486611,12332,12333,1
391,19535947,12334,12332,1
392,19585279,12333,12334,1
393,19634611,12333,12333,1
394,19683943,12333,12333,1
395,19733275,12333,12333,1
396,19782607,12333,12333,1
397,19831939,12333,12333,1
398,19881271,12332,12333,1
399,19930607,12334,12332,1
400,19979939,12333,12334,1
401,20029271,12333,12333,1
402,20078603,12333,12333,1
403,20127935,12333,12333,1
404,20177267,12333,12333,1
405,20226599,12333,12333,1
406,20275931,12332,12333,1
407,20325267,12334,12332,1
408,20374599,12333,12334,1
409,20423931,12333,12333,1
410,20473263,12333,12333,1
411,20522595,12333,12333,1
412,20571927,12333,12333,1
413,20621259,12333,12333,1
414,20670591,12332,12333,1
415,20719927,12334,12332,1
416,20769259,12333,12334,1
417,20818591,12333,12333,1
418,20867923,12333,12333,1
419,20917255,12333,12333,1
420,20966587,12333,12333,1
421,21015919,12333,12333,1
422,21065251,12332,12333,1
423,21114096,12334,12332,1
424,21114096,12333,12334,1
