# ev,win,rel,sidx,beat,occ,vpush,vpop,popEmpty,pushFull,rhPhase,rhOutI,rhOutQ,rhValidOut,cfcI,cfcQ,cfcV,cfcEst,csI,csQ,csV,pdI,pdQ,pdV,corrV,corrD,corrThr,psRunmax,psTref,psTrefRaw,psToff,psNewpk,toffVal,taRef,taAcc,taArmed,taSync,pcI,pcQ,pcV,pcStart,pcEnd,sdcAct,r3sSkips,r3sArmed,guard
# win=1 the event window; win=0 the SAME intra-frame phase one air frame (49332 enb beats) earlier, i.e. a matched no-event reference
0,0,-96,6462601,6462600,23,1,0,0,0,3,11904,-12068,0,0,0,0,2097142,-11883,-11840,1,11793,-11599,0,0,0,191501818,0,12137,12137,12180,0,0,12148,12180,1,0,-11659,-11658,0,0,0,1,7,0,0
0,0,-95,6462602,6462601,24,0,1,0,0,0,11904,-12068,1,-16498,-1421,1,2097142,0,0,0,11793,-11599,0,0,0,191501818,0,12137,12137,12180,0,0,12149,12180,1,0,-11659,-11658,1,0,0,1,7,0,0
0,0,-94,6462603,6462602,23,0,0,0,0,1,11904,-12068,0,0,0,0,2097142,0,0,0,11793,-11599,1,0,0,191501818,0,12137,12137,12180,0,0,12149,12180,1,0,-11659,-11658,0,0,0,1,7,0,0
0,0,-93,6462604,6462603,23,0,0,0,0,2,-11740,12064,0,0,0,0,2097142,0,0,0,11793,-11599,0,1,11984464,206464626,0,12137,12137,12180,0,0,12149,12180,1,0,11749,-11597,0,0,0,1,7,0,0
0,0,-92,6462605,6462604,23,1,0,0,0,3,-11740,12064,0,0,0,0,2097142,12108,11870,1,11591,11783,0,0,0,190740332,0,12138,12138,12180,0,0,12149,12180,1,0,11749,-11597,0,0,0,1,7,0,0
0,0,-91,6462606,6462605,24,0,1,0,0,0,-11740,12064,1,2008,-16981,1,2097142,0,0,0,11591,11783,0,0,0,190740332,0,12138,12138,12180,0,0,12150,12180,1,0,11749,-11597,1,0,0,1,7,0,0
0,0,-90,6462607,6462606,23,0,0,0,0,1,-11740,12064,0,0,0,0,2097142,0,0,0,11591,11783,1,0,0,190740332,0,12138,12138,12180,0,0,12150,12180,1,0,11749,-11597,0,0,0,1,7,0,0
0,0,-89,6462608,6462607,23,0,0,0,0,2,-11584,-11784,0,0,0,0,2097142,0,0,0,11591,11783,0,1,3888809,206205982,0,12138,12138,12180,0,0,12150,12180,1,0,-11741,11635,0,0,0,1,7,0,0
0,0,-88,6462609,6462608,23,1,0,0,0,3,-11584,-11784,0,0,0,0,2097142,-11946,11487,1,11712,11560,0,0,0,190020883,0,12139,12139,12180,0,0,12150,12180,1,0,-11741,11635,0,0,0,1,7,0,0
0,0,-87,6462610,6462609,24,0,1,0,0,0,-11584,-11784,1,-1917,17086,1,2097142,0,0,0,11712,11560,0,0,0,190020883,0,12139,12139,12180,0,0,12151,12180,1,0,-11741,11635,1,0,0,1,7,0,0
0,0,-86,6462611,6462610,23,0,0,0,0,1,-11584,-11784,0,0,0,0,2097142,0,0,0,11712,11560,1,0,0,190020883,0,12139,12139,12180,0,0,12151,12180,1,0,-11741,11635,0,0,0,1,7,0,0
0,0,-85,6462612,6462611,23,0,0,0,0,2,-11604,-11496,0,0,0,0,2097142,0,0,0,11712,11560,0,1,5474389,206075960,0,12139,12139,12180,0,0,12151,12180,1,0,-11450,11571,0,0,0,1,7,0,0
0,0,-84,6462613,6462612,23,1,0,0,0,3,-11604,-11496,0,0,0,0,2097142,-11437,11975,1,-11764,-11677,0,0,0,190064638,0,12140,12140,12180,0,0,12151,12180,1,0,-11450,11571,0,0,0,1,7,0,0
0,0,-83,6462614,6462613,24,0,1,0,0,0,-11604,-11496,1,1962,-17142,1,2097142,0,0,0,-11764,-11677,0,0,0,190064638,0,12140,12140,12180,0,0,12152,12180,1,0,-11450,11571,1,0,0,1,7,0,0
0,0,-82,6462615,6462614,23,0,0,0,0,1,-11604,-11496,0,0,0,0,2097142,0,0,0,-11764,-11677,1,0,0,190064638,0,12140,12140,12180,0,0,12152,12180,1,0,-11450,11571,0,0,0,1,7,0,0
0,0,-81,6462616,6462615,23,0,0,0,0,2,-11628,-11688,0,0,0,0,2097142,0,0,0,-11764,-11677,0,1,2070562,205926113,0,12140,12140,12180,0,0,12152,12180,1,0,-11593,11557,0,0,0,1,7,0,0
0,0,-80,6462617,6462616,23,1,0,0,0,3,-11628,-11688,0,0,0,0,2097142,-11985,-12197,1,-11579,-11634,0,0,0,190085186,0,12141,12141,12180,0,0,12152,12180,1,0,-11593,11557,0,0,0,1,7,0,0
0,0,-79,6462618,6462617,24,0,1,0,0,0,-11628,-11688,1,-2055,16928,1,2097142,0,0,0,-11579,-11634,0,0,0,190085186,0,12141,12141,12180,0,0,12153,12180,1,0,-11593,11557,1,0,0,1,7,0,0
0,0,-78,6462619,6462618,23,0,0,0,0,1,-11628,-11688,0,0,0,0,2097142,0,0,0,-11579,-11634,1,0,0,190085186,0,12141,12141,12180,0,0,12153,12180,1,0,-11593,11557,0,0,0,1,7,0,0
0,0,-77,6462620,6462619,23,0,0,0,0,2,-11572,-11556,0,0,0,0,2097142,0,0,0,-11579,-11634,0,1,383165,206499418,0,12141,12141,12180,0,0,12153,12180,1,0,11704,11546,0,0,0,1,7,0,0
0,0,-76,6462621,6462620,23,1,0,0,0,3,-11572,-11556,0,0,0,0,2097142,12128,12186,1,-11663,11724,0,0,0,190303615,0,12142,12142,12180,0,0,12153,12180,1,0,11704,11546,0,0,0,1,7,0,0
0,0,-75,6462622,6462621,24,0,1,0,0,0,-11572,-11556,1,16648,1377,1,2097142,0,0,0,-11663,11724,0,0,0,190303615,0,12142,12142,12180,0,0,12154,12180,1,0,11704,11546,1,0,0,1,7,0,0
0,0,-74,6462623,6462622,23,0,0,0,0,1,-11572,-11556,0,0,0,0,2097142,0,0,0,-11663,11724,1,0,0,190303615,0,12142,12142,12180,0,0,12154,12180,1,0,11704,11546,0,0,0,1,7,0,0
0,0,-73,6462624,6462623,23,0,0,0,0,2,-11804,-11804,0,0,0,0,2097142,0,0,0,-11663,11724,0,1,6887898,206509281,0,12142,12142,12180,0,0,12154,12180,1,0,-11653,-11696,0,0,0,1,7,0,0
0,0,-72,6462625,6462624,23,1,0,0,0,3,-11804,-11804,0,0,0,0,2097142,-12176,-12225,1,-11564,-11723,0,0,0,190840132,0,12143,12143,12180,0,0,12154,12180,1,0,-11653,-11696,0,0,0,1,7,0,0
0,0,-71,6462626,6462625,24,0,1,0,0,0,-11804,-11804,1,-1908,16503,1,2097142,0,0,0,-11564,-11723,0,0,0,190840132,0,12143,12143,12180,0,0,12155,12180,1,0,-11653,-11696,1,0,0,1,7,0,0
0,0,-70,6462627,6462626,23,0,0,0,0,1,-11804,-11804,0,0,0,0,2097142,0,0,0,-11564,-11723,1,0,0,190840132,0,12143,12143,12180,0,0,12155,12180,1,0,-11653,-11696,0,0,0,1,7,0,0
0,0,-69,6462628,6462627,23,0,0,0,0,2,11784,11784,0,0,0,0,2097142,0,0,0,-11564,-11723,0,1,2049290,207386408,0,12143,12143,12180,0,0,12155,12180,1,0,-11527,-11493,0,0,0,1,7,0,0
0,0,-68,6462629,6462628,23,1,0,0,0,3,11784,11784,0,0,0,0,2097142,11904,12209,1,-11658,-11613,0,0,0,191156259,0,12144,12144,12180,0,0,12155,12180,1,0,-11527,-11493,0,0,0,1,7,0,0
0,0,-67,6462630,6462629,24,0,1,0,0,0,11784,11784,1,-2025,16403,1,2097142,0,0,0,-11658,-11613,0,0,0,191156259,0,12144,12144,12180,0,0,12156,12180,1,0,-11527,-11493,1,0,0,1,7,0,0
0,0,-66,6462631,6462630,23,0,0,0,0,1,11784,11784,0,0,0,0,2097142,0,0,0,-11658,-11613,1,0,0,191156259,0,12144,12144,12180,0,0,12156,12180,1,0,-11527,-11493,0,0,0,1,7,0,0
0,0,-65,6462632,6462631,23,0,0,0,0,2,11804,11804,0,0,0,0,2097142,0,0,0,-11658,-11613,0,1,454450,207554856,0,12144,12144,12180,0,0,12156,12180,1,0,11622,-11682,0,0,0,1,7,0,0
0,0,-64,6462633,6462632,23,1,0,0,0,3,11804,11804,0,0,0,0,2097142,11459,-12155,1,11811,11743,0,0,0,190972335,0,12145,12145,12180,0,0,12156,12180,1,0,11622,-11682,0,0,0,1,7,0,0
0,0,-63,6462634,6462633,24,0,1,0,0,0,11804,11804,1,16862,1733,1,2097142,0,0,0,11811,11743,0,0,0,190972335,0,12145,12145,12180,0,0,12157,12180,1,0,11622,-11682,1,0,0,1,7,0,0
0,0,-62,6462635,6462634,23,0,0,0,0,1,11804,11804,0,0,0,0,2097142,0,0,0,11811,11743,1,0,0,190972335,0,12145,12145,12180,0,0,12157,12180,1,0,11622,-11682,0,0,0,1,7,0,0
0,0,-61,6462636,6462635,23,0,0,0,0,2,-11716,-11716,0,0,0,0,2097142,0,0,0,11811,11743,0,1,10400725,207414427,0,12145,12145,12180,0,0,12157,12180,1,0,-11732,11687,0,0,0,1,7,0,0
0,0,-60,6462637,6462636,23,1,0,0,0,3,-11716,-11716,0,0,0,0,2097142,11683,11811,1,-11848,11535,0,0,0,191572637,0,12146,12146,12180,0,0,12157,12180,1,0,-11732,11687,0,0,0,1,7,0,0
0,0,-59,6462638,6462637,24,0,1,0,0,0,-11716,-11716,1,-16757,-1610,1,2097142,0,0,0,-11848,11535,0,0,0,191572637,0,12146,12146,12180,0,0,12158,12180,1,0,-11732,11687,1,0,0,1,7,0,0
0,0,-58,6462639,6462638,23,0,0,0,0,1,-11716,-11716,0,0,0,0,2097142,0,0,0,-11848,11535,1,0,0,191572637,0,12146,12146,12180,0,0,12158,12180,1,0,-11732,11687,0,0,0,1,7,0,0
0,0,-57,6462640,6462639,23,0,0,0,0,2,-11912,-11908,0,0,0,0,2097142,0,0,0,-11848,11535,0,1,2001658,207746443,0,12146,12146,12180,0,0,12158,12180,1,0,-11512,11519,0,0,0,1,7,0,0
0,0,-56,6462641,6462640,23,1,0,0,0,3,-11912,-11908,0,0,0,0,2097142,11532,11839,1,-11535,11680,0,0,0,191930752,0,12147,12147,12180,0,0,12158,12180,1,0,-11512,11519,0,0,0,1,7,0,0
0,0,-55,6462642,6462641,24,0,1,0,0,0,-11912,-11908,1,1943,-16410,1,2097142,0,0,0,-11535,11680,0,0,0,191930752,0,12147,12147,12180,0,0,12159,12180,1,0,-11512,11519,1,0,0,1,7,0,0
0,0,-54,6462643,6462642,23,0,0,0,0,1,-11912,-11908,0,0,0,0,2097142,0,0,0,-11535,11680,1,0,0,191930752,0,12147,12147,12180,0,0,12159,12180,1,0,-11512,11519,0,0,0,1,7,0,0
0,0,-53,6462644,6462643,23,0,0,0,0,2,12128,12136,0,0,0,0,2097142,0,0,0,-11535,11680,0,1,393613,208980494,0,12147,12147,12180,0,0,12159,12180,1,0,11609,11553,0,0,0,1,7,0,0
0,0,-52,6462645,6462644,23,1,0,0,0,3,12128,12136,0,0,0,0,2097142,11894,-12078,1,-11752,-11809,0,0,0,192114976,0,12148,12148,12180,0,0,12159,12180,1,0,11609,11553,0,0,0,1,7,0,0
0,0,-51,6462646,6462645,24,0,1,0,0,0,12128,12136,1,1707,-16246,1,2097142,0,0,0,-11752,-11809,0,0,0,192114976,0,12148,12148,12180,0,0,12160,12180,1,0,11609,11553,1,0,0,1,7,0,0
0,0,-50,6462647,6462646,23,0,0,0,0,1,12128,12136,0,0,0,0,2097142,0,0,0,-11752,-11809,1,0,0,192114976,0,12148,12148,12180,0,0,12160,12180,1,0,11609,11553,0,0,0,1,7,0,0
0,0,-49,6462648,6462647,23,0,0,0,0,2,-12136,-12196,0,0,0,0,2097142,0,0,0,-11752,-11809,0,1,2089909,210193553,0,12148,12148,12180,0,0,12160,12180,1,0,11507,11499,0,0,0,1,7,0,0
0,0,-48,6462649,6462648,23,1,0,0,0,3,-12136,-12196,0,0,0,0,2097142,-11733,12072,1,11798,11844,0,0,0,193144622,0,12149,12149,12180,0,0,12160,12180,1,0,11507,11499,0,0,0,1,7,0,0
0,0,-47,6462650,6462649,24,0,1,0,0,0,-12136,-12196,1,1840,-16385,1,2097142,0,0,0,11798,11844,0,0,0,193144622,0,12149,12149,12180,0,0,12161,12180,1,0,11507,11499,1,0,0,1,7,0,0
0,0,-46,6462651,6462650,23,0,0,0,0,1,-12136,-12196,0,0,0,0,2097142,0,0,0,11798,11844,1,0,0,193144622,0,12149,12149,12180,0,0,12161,12180,1,0,11507,11499,0,0,0,1,7,0,0
0,0,-45,6462652,6462651,23,0,0,0,0,2,12176,12192,0,0,0,0,2097142,0,0,0,11798,11844,0,1,2117029,211182323,0,12149,12149,12180,0,0,12161,12180,1,0,11507,11519,0,0,0,1,7,0,0
0,0,-44,6462653,6462652,23,1,0,0,0,3,12176,12192,0,0,0,0,2097142,-11611,-11758,1,-11800,-11879,0,0,0,194011194,0,12150,12150,12180,0,0,12161,12180,1,0,11507,11519,0,0,0,1,7,0,0
0,0,-43,6462654,6462653,24,0,1,0,0,0,12176,12192,1,1774,-16258,1,2097142,0,0,0,-11800,-11879,0,0,0,194011194,0,12150,12150,12180,0,0,12162,12180,1,0,11507,11519,1,0,0,1,7,0,0
0,0,-42,6462655,6462654,23,0,0,0,0,1,12176,12192,0,0,0,0,2097142,0,0,0,-11800,-11879,1,0,0,194011194,0,12150,12150,12180,0,0,12162,12180,1,0,11507,11519,0,0,0,1,7,0,0
0,0,-41,6462656,6462655,23,0,0,0,0,2,-11952,-12208,0,0,0,0,2097142,0,0,0,-11800,-11879,0,1,2081977,212228831,0,12150,12150,12180,0,0,12162,12180,1,0,11569,11548,0,0,0,1,7,0,0
0,0,-40,6462657,6462656,23,1,0,0,0,3,-11952,-12208,0,0,0,0,2097142,-11587,-11516,1,11771,11842,0,0,0,195458029,0,12151,12151,12180,0,0,12162,12180,1,0,11569,11548,0,0,0,1,7,0,0
0,0,-39,6462658,6462657,24,0,1,0,0,0,-11952,-12208,1,1821,-16595,1,2097142,0,0,0,11771,11842,0,0,0,195458029,0,12151,12151,12180,0,0,12163,12180,1,0,11569,11548,1,0,0,1,7,0,0
0,0,-38,6462659,6462658,23,0,0,0,0,1,-11952,-12208,0,0,0,0,2097142,0,0,0,11771,11842,1,0,0,195458029,0,12151,12151,12180,0,0,12163,12180,1,0,11569,11548,0,0,0,1,7,0,0
0,0,-37,6462660,6462659,23,0,0,0,0,2,-11552,11952,0,0,0,0,2097142,0,0,0,11771,11842,0,1,3565568,212138996,0,12151,12151,12180,0,0,12163,12180,1,0,11509,11464,0,0,0,1,7,0,0
0,0,-36,6462661,6462660,23,1,0,0,0,3,-11552,11952,0,0,0,0,2097142,-11612,-11707,1,11494,-11819,0,0,0,196043732,0,12152,12152,12180,0,0,12163,12180,1,0,11509,11464,0,0,0,1,7,0,0
0,0,-35,6462662,6462661,24,0,1,0,0,0,-11552,11952,1,-1818,16564,1,2097142,0,0,0,11494,-11819,0,0,0,196043732,0,12152,12152,12180,0,0,12164,12180,1,0,11509,11464,1,0,0,1,7,0,0
0,0,-34,6462663,6462662,23,0,0,0,0,1,-11552,11952,0,0,0,0,2097142,0,0,0,11494,-11819,1,0,0,196043732,0,12152,12152,12180,0,0,12164,12180,1,0,11509,11464,0,0,0,1,7,0,0
0,0,-33,6462664,6462663,23,0,0,0,0,2,-11556,11480,0,0,0,0,2097142,0,0,0,11494,-11819,0,1,6897040,212046414,0,12152,12152,12180,0,0,12164,12180,1,0,11594,11507,0,0,0,1,7,0,0
0,0,-32,6462665,6462664,23,1,0,0,0,3,-11556,11480,0,0,0,0,2097142,-11554,-11576,1,11655,11766,0,0,0,196127674,0,12153,12153,12180,0,0,12164,12180,1,0,11594,11507,0,0,0,1,7,0,0
0,0,-31,6462666,6462665,24,0,1,0,0,0,-11556,11480,1,-1827,16593,1,2097142,0,0,0,11655,11766,0,0,0,196127674,0,12153,12153,12180,0,0,12165,12180,1,0,11594,11507,1,0,0,1,7,0,0
0,0,-30,6462667,6462666,23,0,0,0,0,1,-11556,11480,0,0,0,0,2097142,0,0,0,11655,11766,1,0,0,196127674,0,12153,12153,12180,0,0,12165,12180,1,0,11594,11507,0,0,0,1,7,0,0
0,0,-29,6462668,6462667,23,0,0,0,0,2,-11900,11612,0,0,0,0,2097142,0,0,0,11655,11766,0,1,3640864,211960232,0,12153,12153,12180,0,0,12165,12180,1,0,-11675,-11721,0,0,0,1,7,0,0
0,0,-28,6462669,6462668,23,1,0,0,0,3,-11900,11612,0,0,0,0,2097142,-11778,-11833,1,11530,11629,0,0,0,196205487,0,12154,12154,12180,0,0,12165,12180,1,0,-11675,-11721,0,0,0,1,7,0,0
0,0,-27,6462670,6462669,24,0,1,0,0,0,-11900,11612,1,1813,-16471,1,2097142,0,0,0,11530,11629,0,0,0,196205487,0,12154,12154,12180,0,0,12166,12180,1,0,-11675,-11721,1,0,0,1,7,0,0
0,0,-26,6462671,6462670,23,0,0,0,0,1,-11900,11612,0,0,0,0,2097142,0,0,0,11530,11629,1,0,0,196205487,0,12154,12154,12180,0,0,12166,12180,1,0,-11675,-11721,0,0,0,1,7,0,0
0,0,-25,6462672,6462671,23,0,0,0,0,2,12172,11628,0,0,0,0,2097142,0,0,0,11530,11629,0,1,421730,212337996,0,12154,12154,12180,0,0,12166,12180,1,0,-11540,-11538,0,0,0,1,7,0,0
0,0,-24,6462673,6462672,23,1,0,0,0,3,12172,11628,0,0,0,0,2097142,11809,11755,1,11681,-11779,0,0,0,195764429,0,12155,12155,12180,0,0,12166,12180,1,0,-11540,-11538,0,0,0,1,7,0,0
0,0,-23,6462674,6462673,24,0,1,0,0,0,12172,11628,1,1841,-16744,1,2097142,0,0,0,11681,-11779,0,0,0,195764429,0,12155,12155,12180,0,0,12167,12180,1,0,-11540,-11538,1,0,0,1,7,0,0
0,0,-22,6462675,6462674,23,0,0,0,0,1,12172,11628,0,0,0,0,2097142,0,0,0,11681,-11779,1,0,0,195764429,0,12155,12155,12180,0,0,12167,12180,1,0,-11540,-11538,0,0,0,1,7,0,0
0,0,-21,6462676,6462675,23,0,0,0,0,2,-12132,11456,0,0,0,0,2097142,0,0,0,11681,-11779,0,1,5280349,213014651,0,12155,12155,12180,0,0,12167,12180,1,0,-11560,-11620,0,0,0,1,7,0,0
0,0,-20,6462677,6462676,23,1,0,0,0,3,-12132,11456,0,0,0,0,2097142,11818,11790,1,-11708,11767,0,0,0,196668847,0,12156,12156,12180,0,0,12167,12180,1,0,-11560,-11620,0,0,0,1,7,0,0
0,0,-19,6462678,6462677,24,0,1,0,0,0,-12132,11456,1,-1884,17053,1,2097142,0,0,0,-11708,11767,0,0,0,196668847,0,12156,12156,12180,0,0,12168,12180,1,0,-11560,-11620,1,0,0,1,7,0,0
0,0,-18,6462679,6462678,23,0,0,0,0,1,-12132,11456,0,0,0,0,2097142,0,0,0,-11708,11767,1,0,0,196668847,0,12156,12156,12180,0,0,12168,12180,1,0,-11560,-11620,0,0,0,1,7,0,0
0,0,-17,6462680,6462679,23,0,0,0,0,2,12148,12024,0,0,0,0,2097142,0,0,0,-11708,11767,0,1,21443825,212534456,0,12156,12156,12180,0,0,12168,12180,1,0,-11589,-11516,0,0,0,1,7,0,0
0,0,-16,6462681,6462680,23,1,0,0,0,3,12148,12024,0,0,0,0,2097142,-11700,-11735,1,-11597,-11705,0,0,0,196784502,0,12157,12157,12180,0,0,12168,12180,1,0,-11589,-11516,0,0,0,1,7,0,0
0,0,-15,6462682,6462681,24,0,1,0,0,0,12148,12024,1,1926,-17099,1,2097142,0,0,0,-11597,-11705,0,0,0,196784502,0,12157,12157,12180,0,0,12169,12180,1,0,-11589,-11516,1,0,0,1,7,0,0
0,0,-14,6462683,6462682,23,0,0,0,0,1,12148,12024,0,0,0,0,2097142,0,0,0,-11597,-11705,1,0,0,196784502,0,12157,12157,12180,0,0,12169,12180,1,0,-11589,-11516,0,0,0,1,7,0,0
0,0,-13,6462684,6462683,23,0,0,0,0,2,-11916,-12132,0,0,0,0,2097142,0,0,0,-11597,-11705,0,1,7050784,211344915,0,12157,12157,12180,0,0,12169,12180,1,0,11715,-11550,0,0,0,1,7,0,0
0,0,-12,6462685,6462684,23,1,0,0,0,3,-11916,-12132,0,0,0,0,2097142,-11941,-11882,1,-11642,-11523,0,0,0,195951935,0,12158,12158,12180,0,0,12169,12180,1,0,11715,-11550,0,0,0,1,7,0,0
0,0,-11,6462686,6462685,24,0,1,0,0,0,-11916,-12132,1,-1898,17125,1,2097142,0,0,0,-11642,-11523,0,0,0,195951935,0,12158,12158,12180,0,0,12170,12180,1,0,11715,-11550,1,0,0,1,7,0,0
0,0,-10,6462687,6462686,23,0,0,0,0,1,-11916,-12132,0,0,0,0,2097142,0,0,0,-11642,-11523,1,0,0,195951935,0,12158,12158,12180,0,0,12170,12180,1,0,11715,-11550,0,0,0,1,7,0,0
0,0,-9,6462688,6462687,23,0,0,0,0,2,-11420,12124,0,0,0,0,2097142,0,0,0,-11642,-11523,0,1,3952145,211185394,0,12158,12158,12180,0,0,12170,12180,1,0,11540,11704,0,0,0,1,7,0,0
0,0,-8,6462689,6462688,23,1,0,0,0,3,-11420,12124,0,0,0,0,2097142,12150,12112,1,-11660,-11646,0,0,0,195503125,0,12159,12159,12180,0,0,12170,12180,1,0,11540,11704,0,0,0,1,7,0,0
0,0,-7,6462690,6462689,24,0,1,0,0,0,-11420,12124,1,2050,-16962,1,2097142,0,0,0,-11660,-11646,0,0,0,195503125,0,12159,12159,12180,0,0,12171,12180,1,0,11540,11704,1,0,0,1,7,0,0
0,0,-6,6462691,6462690,23,0,0,0,0,1,-11420,12124,0,0,0,0,2097142,0,0,0,-11660,-11646,1,0,0,195503125,0,12159,12159,12180,0,0,12171,12180,1,0,11540,11704,0,0,0,1,7,0,0
0,0,-5,6462692,6462691,23,0,0,0,0,2,-11928,-11896,0,0,0,0,2097142,0,0,0,-11660,-11646,0,1,5537578,210798552,0,12159,12159,12180,0,0,12171,12180,1,0,11661,11482,0,0,0,1,7,0,0
0,0,-4,6462693,6462692,23,1,0,0,0,3,-11928,-11896,0,0,0,0,2097142,-12152,-12184,1,-11627,-11563,0,0,0,195369703,0,12160,12160,12180,0,0,12171,12180,1,0,11661,11482,0,0,0,1,7,0,0
0,0,-3,6462694,6462693,24,0,1,0,0,0,-11928,-11896,1,-16551,-1539,1,2097142,0,0,0,-11627,-11563,0,0,0,195369703,0,12160,12160,12180,0,0,12172,12180,1,0,11661,11482,1,0,0,1,7,0,0
0,0,-2,6462695,6462694,23,0,0,0,0,1,-11928,-11896,0,0,0,0,2097142,0,0,0,-11627,-11563,1,0,0,195369703,0,12160,12160,12180,0,0,12172,12180,1,0,11661,11482,0,0,0,1,7,0,0
0,0,-1,6462696,6462695,23,0,0,0,0,2,12056,-11552,0,0,0,0,2097142,0,0,0,-11627,-11563,0,1,5551400,210010329,0,12160,12160,12180,0,0,12172,12180,1,0,-11713,-11603,0,0,0,1,7,0,0
0,0,0,6462697,6462696,23,1,0,0,0,3,12056,-11552,0,0,0,0,2097142,12197,12168,1,-11594,-11656,0,0,0,193933034,0,12161,12161,12180,0,0,12172,12180,1,0,-11713,-11603,0,0,0,1,7,0,0
0,0,1,6462698,6462697,24,0,1,0,0,0,12056,-11552,1,-16186,-1837,1,2097142,0,0,0,-11594,-11656,0,0,0,193933034,0,12161,12161,12180,0,0,12173,12180,1,0,-11713,-11603,1,0,0,1,7,0,0
0,0,2,6462699,6462698,23,0,0,0,0,1,12056,-11552,0,0,0,0,2097142,0,0,0,-11594,-11656,1,0,0,193933034,0,12161,12161,12180,0,0,12173,12180,1,0,-11713,-11603,0,0,0,1,7,0,0
0,0,3,6462700,6462699,23,0,0,0,0,2,-11724,-11540,0,0,0,0,2097142,0,0,0,-11594,-11656,0,1,416925,208974747,0,12161,12161,12180,0,0,12173,12180,1,0,-11529,-11559,0,0,0,1,7,0,0
0,0,4,6462701,6462700,23,1,0,0,0,3,-11724,-11540,0,0,0,0,2097142,-11976,-12186,1,11699,11771,0,0,0,192961398,0,12162,12162,12180,0,0,12173,12180,1,0,-11529,-11559,0,0,0,1,7,0,0
0,0,5,6462702,6462701,24,0,1,0,0,0,-11724,-11540,1,-16504,-2023,1,2097142,0,0,0,11699,11771,0,0,0,192961398,0,12162,12162,12180,0,0,12174,12180,1,0,-11529,-11559,1,0,0,1,7,0,0
0,0,6,6462703,6462702,23,0,0,0,0,1,-11724,-11540,0,0,0,0,2097142,0,0,0,11699,11771,1,0,0,192961398,0,12162,12162,12180,0,0,12174,12180,1,0,-11529,-11559,0,0,0,1,7,0,0
0,0,7,6462704,6462703,23,0,0,0,0,2,-11872,-11976,0,0,0,0,2097142,0,0,0,11699,11771,0,1,5603954,207876763,0,12162,12162,12180,0,0,12174,12180,1,0,-11587,11672,0,0,0,1,7,0,0
0,0,8,6462705,6462704,23,1,0,0,0,3,-11872,-11976,0,0,0,0,2097142,-11562,11942,1,11642,11677,0,0,0,191803618,0,12163,12163,12180,0,0,12174,12180,1,0,-11587,11672,0,0,0,1,7,0,0
0,0,9,6462706,6462705,24,0,1,0,0,0,-11872,-11976,1,-1460,16770,1,2097142,0,0,0,11642,11677,0,0,0,191803618,0,12163,12163,12180,0,0,12175,12180,1,0,-11587,11672,1,0,0,1,7,0,0
0,0,10,6462707,6462706,23,0,0,0,0,1,-11872,-11976,0,0,0,0,2097142,0,0,0,11642,11677,1,0,0,191803618,0,12163,12163,12180,0,0,12175,12180,1,0,-11587,11672,0,0,0,1,7,0,0
0,0,11,6462708,6462707,23,0,0,0,0,2,12036,12172,0,0,0,0,2097142,0,0,0,11642,11677,0,1,34000961,206944413,0,12163,12163,12180,0,0,12175,12180,1,0,-11514,-11648,0,0,0,1,7,0,0
0,0,12,6462709,6462708,23,1,0,0,0,3,12036,12172,0,0,0,0,2097142,-11593,11444,1,-11654,-11708,0,0,0,191105961,0,12164,12164,12180,0,0,12175,12180,1,0,-11514,-11648,0,0,0,1,7,0,0
0,0,13,6462710,6462709,24,0,1,0,0,0,12036,12172,1,-16527,-2302,1,2097142,0,0,0,-11654,-11708,0,0,0,191105961,0,12164,12164,12180,0,0,12176,12180,1,0,-11514,-11648,1,0,0,1,7,0,0
0,0,14,6462711,6462710,23,0,0,0,0,1,12036,12172,0,0,0,0,2097142,0,0,0,-11654,-11708,1,0,0,191105961,0,12164,12164,12180,0,0,12176,12180,1,0,-11514,-11648,0,0,0,1,7,0,0
0,0,15,6462712,6462711,23,0,0,0,0,2,-11772,-12128,0,0,0,0,2097142,0,0,0,-11654,-11708,0,1,522729,207216463,0,12164,12164,12180,0,0,12176,12180,1,0,-11608,-11539,0,0,0,1,7,0,0
0,0,16,6462713,6462712,23,1,0,0,0,3,-11772,-12128,0,0,0,0,2097142,-11898,11616,1,-11681,-11690,0,0,0,190849149,0,12165,12165,12180,0,0,12176,12180,1,0,-11608,-11539,0,0,0,1,7,0,0
0,0,17,6462714,6462713,24,0,1,0,0,0,-11772,-12128,1,-1784,16998,1,2097142,0,0,0,-11681,-11690,0,0,0,190849149,0,12165,12165,12180,0,0,12177,12180,1,0,-11608,-11539,1,0,0,1,7,0,0
0,0,18,6462715,6462714,23,0,0,0,0,1,-11772,-12128,0,0,0,0,2097142,0,0,0,-11681,-11690,1,0,0,190849149,0,12165,12165,12180,0,0,12177,12180,1,0,-11608,-11539,0,0,0,1,7,0,0
0,0,19,6462716,6462715,23,0,0,0,0,2,-11584,12096,0,0,0,0,2097142,0,0,0,-11681,-11690,0,1,446305,208273753,0,12165,12165,12180,0,0,12177,12180,1,0,11759,11665,0,0,0,1,7,0,0
0,0,20,6462717,6462716,23,1,0,0,0,3,-11584,12096,0,0,0,0,2097142,12158,11641,1,11762,11796,0,0,0,191297723,0,12166,12166,12180,0,0,12177,12180,1,0,11759,11665,0,0,0,1,7,0,0
0,0,21,6462718,6462717,24,0,1,0,0,0,-11584,12096,1,2020,-16886,1,2097142,0,0,0,11762,11796,0,0,0,191297723,0,12166,12166,12180,0,0,12178,12180,1,0,11759,11665,1,0,0,1,7,0,0
0,0,22,6462719,6462718,23,0,0,0,0,1,-11584,12096,0,0,0,0,2097142,0,0,0,11762,11796,1,0,0,191297723,0,12166,12166,12180,0,0,12178,12180,1,0,11759,11665,0,0,0,1,7,0,0
0,0,23,6462720,6462719,23,0,0,0,0,2,-11552,-11884,0,0,0,0,2097142,0,0,0,11762,11796,0,1,1961973,209598738,0,12166,12166,12180,0,0,12178,12180,1,0,-11771,11483,0,0,0,1,7,0,0
0,0,24,6462721,6462720,23,1,0,0,0,3,-11552,-11884,0,0,0,0,2097142,-12107,11483,1,-11750,-11840,0,0,0,192519008,0,12167,12167,12180,0,0,12178,12180,1,0,-11771,11483,0,0,0,1,7,0,0
0,0,25,6462722,6462721,24,0,1,0,0,0,-11552,-11884,1,-16602,-1335,1,2097142,0,0,0,-11750,-11840,0,0,0,192519008,0,12167,12167,12180,0,0,12179,12180,1,0,-11771,11483,1,0,0,1,7,0,0
0,0,26,6462723,6462722,23,0,0,0,0,1,-11552,-11884,0,0,0,0,2097142,0,0,0,-11750,-11840,1,0,0,192519008,0,12167,12167,12180,0,0,12179,12180,1,0,-11771,11483,0,0,0,1,7,0,0
0,0,27,6462724,6462723,23,0,0,0,0,2,-11968,-11828,0,0,0,0,2097142,0,0,0,-11750,-11840,0,1,3740360,210145626,0,12167,12167,12180,0,0,12179,12180,1,0,-11460,11627,0,0,0,1,7,0,0
0,0,28,6462725,6462724,23,1,0,0,0,3,-11968,-11828,0,0,0,0,2097142,12169,12000,1,11841,11846,0,0,0,193025171,0,12168,12168,12180,0,0,12179,12180,1,0,-11460,11627,0,0,0,1,7,0,0
0,0,29,6462726,6462725,24,0,1,0,0,0,-11968,-11828,1,1828,-16749,1,2097142,0,0,0,11841,11846,0,0,0,193025171,0,12168,12168,12180,0,0,12180,12180,1,0,-11460,11627,1,0,0,1,7,0,0
0,0,30,6462727,6462726,23,0,0,0,0,1,-11968,-11828,0,0,0,0,2097142,0,0,0,11841,11846,1,0,0,193025171,0,12168,12168,12180,0,0,12180,12180,1,0,-11460,11627,0,0,0,1,7,0,0
0,0,31,6462728,6462727,23,0,0,0,0,2,12112,11752,0,0,0,0,2097142,0,0,0,11841,11846,0,1,481637,210637431,0,12168,12168,12180,0,0,12180,12180,1,0,-11702,-11733,0,0,0,1,7,0,0
0,0,32,6462729,6462728,23,1,0,0,0,3,12112,11752,0,0,0,0,2097142,-11927,-12125,1,-11850,-11888,0,0,0,193799822,0,12169,12169,12180,0,0,12180,12180,1,0,-11702,-11733,0,0,0,1,7,0,0
0,0,33,6462730,6462729,24,0,1,0,0,0,12112,11752,1,16554,2186,1,2097142,0,0,0,-11850,-11888,0,0,0,193799822,0,12169,12169,12180,0,0,12181,12180,1,1,-11702,-11733,1,0,0,1,7,0,0
0,0,34,6462731,6462730,23,0,0,0,0,1,12112,11752,0,0,0,0,2097142,0,0,0,-11850,-11888,1,0,0,193799822,0,12169,12169,12180,0,0,12181,12180,0,0,-11702,-11733,0,0,0,1,7,0,0
0,0,35,6462732,6462731,23,0,0,0,0,2,-12140,11548,0,0,0,0,2097142,0,0,0,-11850,-11888,0,1,10368404,210823462,0,12169,12169,12180,0,0,12181,12180,0,0,11747,11766,0,0,0,1,7,0,0
0,0,36,6462733,6462732,23,1,0,0,0,3,-12140,11548,0,0,0,0,2097142,-11454,12092,1,-11566,11814,0,0,0,194887477,0,12170,12170,12180,0,0,12181,12180,0,0,11747,11766,0,0,0,1,7,0,0
0,0,37,6462734,6462733,24,0,1,0,0,0,-12140,11548,1,1678,-16366,1,2097142,0,0,0,-11566,11814,0,0,0,194887477,0,12170,12170,12180,0,0,12182,12180,0,0,11747,11766,1,0,0,1,7,0,0
0,0,38,6462735,6462734,23,0,0,0,0,1,-12140,11548,0,0,0,0,2097142,0,0,0,-11566,11814,1,0,0,194887477,0,12170,12170,12180,0,0,12182,12180,0,0,11747,11766,0,0,0,1,7,0,0
0,0,39,6462736,6462735,23,0,0,0,0,2,11868,11676,0,0,0,0,2097142,0,0,0,-11566,11814,0,1,396082,210736135,0,12170,12170,12180,0,0,12182,12180,0,0,-11749,-11803,0,0,0,1,7,0,0
0,0,40,6462737,6462736,23,1,0,0,0,3,11868,11676,0,0,0,0,2097142,-11903,-11925,1,-11647,11493,0,0,0,195430482,0,12171,12171,12180,0,0,12182,12180,0,0,-11749,-11803,0,0,0,1,7,0,0
0,0,41,6462738,6462737,24,0,1,0,0,0,11868,11676,1,1925,-16755,1,2097142,0,0,0,-11647,11493,0,0,0,195430482,0,12171,12171,12180,0,0,12183,12180,0,0,-11749,-11803,1,0,0,1,7,0,0
0,0,42,6462739,6462738,23,0,0,0,0,1,11868,11676,0,0,0,0,2097142,0,0,0,-11647,11493,1,0,0,195430482,0,12171,12171,12180,0,0,12183,12180,0,0,-11749,-11803,0,0,0,1,7,0,0
0,0,43,6462740,6462739,23,0,0,0,0,2,11416,11464,0,0,0,0,2097142,0,0,0,-11647,11493,0,1,2059570,211001540,0,12171,12171,12180,0,0,12183,12180,0,0,11720,11763,0,0,0,1,7,0,0
0,0,44,6462741,6462740,23,1,0,0,0,3,11416,11464,0,0,0,0,2097142,12041,-11568,1,11712,11647,0,0,0,195053866,0,12172,12172,12180,0,0,12183,12180,0,0,11720,11763,0,0,0,1,7,0,0
0,0,45,6462742,6462741,24,0,1,0,0,0,11416,11464,1,-1976,17003,1,2097142,0,0,0,11712,11647,0,0,0,195053866,0,12172,12172,12180,0,0,12184,12180,0,0,11720,11763,1,0,0,1,7,0,0
0,0,46,6462743,6462742,23,0,0,0,0,1,11416,11464,0,0,0,0,2097142,0,0,0,11712,11647,1,0,0,195053866,0,12172,12172,12180,0,0,12184,12180,0,0,11720,11763,0,0,0,1,7,0,0
0,0,47,6462744,6462743,23,0,0,0,0,2,11960,11896,0,0,0,0,2097142,0,0,0,11712,11647,0,1,425108,211914652,0,12172,12172,12180,0,0,12184,12180,0,0,11419,-11769,0,0,0,1,7,0,0
0,0,48,6462745,6462744,23,1,0,0,0,3,11960,11896,0,0,0,0,2097142,-11689,-11578,1,11745,11626,0,0,0,195572691,0,12173,12173,12180,0,0,12184,12180,0,0,11419,-11769,0,0,0,1,7,0,0
0,0,49,6462746,6462745,24,0,1,0,0,0,11960,11896,1,2107,-16772,1,2097142,0,0,0,11745,11626,0,0,0,195572691,0,12173,12173,12180,0,0,12185,12180,0,0,11419,-11769,1,0,0,1,7,0,0
0,0,50,6462747,6462746,23,0,0,0,0,1,11960,11896,0,0,0,0,2097142,0,0,0,11745,11626,1,0,0,195572691,0,12173,12173,12180,0,0,12185,12180,0,0,11419,-11769,0,0,0,1,7,0,0
0,0,51,6462748,6462747,23,0,0,0,0,2,-12140,-12052,0,0,0,0,2097142,0,0,0,11745,11626,0,1,1989748,211897208,0,12173,12173,12180,0,0,12185,12180,0,0,11604,11687,0,0,0,1,7,0,0
0,0,52,6462749,6462748,23,1,0,0,0,3,-12140,-12052,0,0,0,0,2097142,-11842,-12009,1,-11812,11503,0,0,0,195837357,0,12174,12174,12180,0,0,12185,12180,0,0,11604,11687,0,0,0,1,7,0,0
0,0,53,6462750,6462749,24,0,1,0,0,0,-12140,-12052,1,-16684,-1480,1,2097142,0,0,0,-11812,11503,0,0,0,195837357,0,12174,12174,12180,0,0,12186,12180,0,0,11604,11687,1,0,0,1,7,0,0
0,0,54,6462751,6462750,23,0,0,0,0,1,-12140,-12052,0,0,0,0,2097142,0,0,0,-11812,11503,1,0,0,195837357,0,12174,12174,12180,0,0,12186,12180,0,0,11604,11687,0,0,0,1,7,0,0
0,0,55,6462752,6462751,23,0,0,0,0,2,11912,11796,0,0,0,0,2097142,0,0,0,-11812,11503,0,1,5263805,212730777,0,12174,12174,12180,0,0,12186,12180,0,0,11480,11551,0,0,0,1,7,0,0
0,0,56,6462753,6462752,23,1,0,0,0,3,11912,11796,0,0,0,0,2097142,12016,12190,1,11652,11818,0,0,0,195883859,0,12175,12175,12180,0,0,12186,12180,0,0,11480,11551,0,0,0,1,7,0,0
0,0,57,6462754,6462753,24,0,1,0,0,0,11912,11796,1,2053,-16447,1,2097142,0,0,0,11652,11818,0,0,0,195883859,0,12175,12175,12180,0,0,12187,12180,0,0,11480,11551,1,0,0,1,7,0,0
0,0,58,6462755,6462754,23,0,0,0,0,1,11912,11796,0,0,0,0,2097142,0,0,0,11652,11818,1,0,0,195883859,0,12175,12175,12180,0,0,12187,12180,0,0,11480,11551,0,0,0,1,7,0,0
0,0,59,6462756,6462755,23,0,0,0,0,2,11492,11900,0,0,0,0,2097142,0,0,0,11652,11818,0,1,2004721,213342151,0,12175,12175,12180,0,0,12187,12180,0,0,11604,-11730,0,0,0,1,7,0,0
0,0,60,6462757,6462756,23,1,0,0,0,3,11492,11900,0,0,0,0,2097142,-11746,-12157,1,11554,-11835,0,0,0,196657632,0,12176,12176,12180,0,0,12187,12180,0,0,11604,-11730,0,0,0,1,7,0,0
0,0,61,6462758,6462757,24,0,1,0,0,0,11492,11900,1,1749,-16737,1,2097142,0,0,0,11554,-11835,0,0,0,196657632,0,12176,12176,12180,0,0,12188,12180,0,0,11604,-11730,1,0,0,1,7,0,0
0,0,62,6462759,6462758,23,0,0,0,0,1,11492,11900,0,0,0,0,2097142,0,0,0,11554,-11835,1,0,0,196657632,0,12176,12176,12180,0,0,12188,12180,0,0,11604,-11730,0,0,0,1,7,0,0
0,0,63,6462760,6462759,23,0,0,0,0,2,11948,-12116,0,0,0,0,2097142,0,0,0,11554,-11835,0,1,391912,213504248,0,12176,12176,12180,0,0,12188,12180,0,0,-11632,11714,0,0,0,1,7,0,0
0,0,64,6462761,6462760,23,1,0,0,0,3,11948,-12116,0,0,0,0,2097142,-11595,12087,1,11690,11731,0,0,0,197503699,0,12177,12177,12180,0,0,12188,12180,0,0,-11632,11714,0,0,0,1,7,0,0
0,0,65,6462762,6462761,24,0,1,0,0,0,11948,-12116,1,-1600,16800,1,2097142,0,0,0,11690,11731,0,0,0,197503699,0,12177,12177,12180,0,0,12189,12180,0,0,-11632,11714,1,0,0,1,7,0,0
0,0,66,6462763,6462762,23,0,0,0,0,1,11948,-12116,0,0,0,0,2097142,0,0,0,11690,11731,1,0,0,197503699,0,12177,12177,12180,0,0,12189,12180,0,0,-11632,11714,0,0,1,0,7,0,1
0,0,67,6462764,6462763,23,0,0,0,0,2,-11924,12132,0,0,0,0,2097142,0,0,0,11690,11731,0,1,444889,213511033,0,12177,12177,12180,0,0,12189,12180,0,0,0,0,0,0,0,0,7,0,0
0,0,68,6462765,6462764,23,1,0,0,0,3,-11924,12132,0,0,0,0,2097142,-11540,-11898,1,-11849,-11822,0,0,0,197136934,0,12178,12178,12180,0,0,12189,12180,0,0,0,0,0,0,0,0,7,0,0
0,0,69,6462766,6462765,24,0,1,0,0,0,-11924,12132,1,-16603,-2257,1,2097142,0,0,0,-11849,-11822,0,0,0,197136934,0,12178,12178,12180,0,0,12190,12180,0,0,0,0,0,0,0,0,7,0,0
0,0,70,6462767,6462766,23,0,0,0,0,1,-11924,12132,0,0,0,0,2097142,0,0,0,-11849,-11822,1,0,0,197136934,0,12178,12178,12180,0,0,12190,12180,0,0,0,0,0,0,0,0,7,0,0
0,0,71,6462768,6462767,23,0,0,0,0,2,-11484,-12184,0,0,0,0,2097142,0,0,0,-11849,-11822,0,1,451620,212615939,0,12178,12178,12180,0,0,12190,12180,0,0,0,0,0,0,0,0,7,0,0
0,0,72,6462769,6462768,23,1,0,0,0,3,-11484,-12184,0,0,0,0,2097142,-11980,-11820,1,-11571,-11576,0,0,0,196535003,0,12179,12179,12180,0,0,12190,12180,0,0,0,0,0,0,0,0,7,0,0
0,0,73,6462770,6462769,24,0,1,0,0,0,-11484,-12184,1,-1700,16562,1,2097142,0,0,0,-11571,-11576,0,0,0,196535003,0,12179,12179,12180,0,0,12191,12180,0,0,0,0,0,0,0,0,7,0,0
0,0,74,6462771,6462770,23,0,0,0,0,1,-11484,-12184,0,0,0,0,2097142,0,0,0,-11571,-11576,1,0,0,196535003,0,12179,12179,12180,0,0,12191,12180,0,0,0,0,0,0,0,0,7,0,0
0,0,75,6462772,6462771,23,0,0,0,0,2,-11980,11904,0,0,0,0,2097142,0,0,0,-11571,-11576,0,1,425522,211148712,0,12179,12179,12180,0,0,12191,12180,0,0,0,0,0,0,0,0,7,0,0
0,0,76,6462773,6462772,23,1,0,0,0,3,-11980,11904,0,0,0,0,2097142,12089,11774,1,11745,11628,0,0,0,195536209,0,12180,12180,12180,0,0,12191,12180,0,0,0,0,0,0,0,0,7,0,0
0,0,77,6462774,6462773,24,0,1,0,0,0,-11980,11904,1,-1817,16076,1,2097142,0,0,0,11745,11628,0,0,0,195536209,0,12180,12180,12180,0,0,12192,12180,0,0,0,0,0,0,0,0,7,0,0
0,0,78,6462775,6462774,23,0,0,0,0,1,-11980,11904,0,0,0,0,2097142,0,0,0,11745,11628,1,0,0,195536209,0,12180,12180,12180,0,0,12192,12180,0,0,0,0,0,0,0,0,7,0,0
0,0,79,6462776,6462775,23,0,0,0,0,2,12120,11556,0,0,0,0,2097142,0,0,0,11745,11628,0,1,70207705,210434772,0,12180,12180,12180,1,0,12192,12180,0,0,0,0,0,0,0,0,7,0,0
0,0,80,6462777,6462776,23,1,0,0,0,3,12120,11556,0,0,0,0,2097142,-12159,11529,1,11640,11738,0,0,0,194028257,70207705,12181,12181,12180,0,0,12192,12180,0,0,0,0,0,0,0,0,7,0,0
0,0,81,6462778,6462777,24,0,1,0,0,0,12120,11556,1,-1814,16770,1,2097142,0,0,0,11640,11738,0,0,0,194028257,70207705,12181,12181,12180,0,0,12193,12180,0,0,0,0,0,0,0,0,7,0,0
0,0,82,6462779,6462778,23,0,0,0,0,1,12120,11556,0,0,0,0,2097142,0,0,0,11640,11738,1,0,0,194028257,70207705,12181,12181,12180,0,0,12193,12180,0,0,0,0,0,0,0,0,7,0,0
0,0,83,6462780,6462779,23,0,0,0,0,2,-12080,11624,0,0,0,0,2097142,0,0,0,11640,11738,0,1,426185,210495749,70207705,12181,12181,12180,0,0,12193,12180,0,0,0,0,0,0,0,0,7,0,0
0,0,84,6462781,6462780,23,1,0,0,0,3,-12080,11624,0,0,0,0,2097142,11841,11703,1,-11728,-11763,0,0,0,193597163,70207705,12182,12182,12180,0,0,12193,12180,0,0,0,0,0,0,0,0,7,0,0
0,0,85,6462782,6462781,24,0,1,0,0,0,-12080,11624,1,1823,-17011,1,2097142,0,0,0,-11728,-11763,0,0,0,193597163,70207705,12182,12182,12180,0,0,12194,12180,0,0,0,0,0,0,0,0,7,0,0
0,0,86,6462783,6462782,23,0,0,0,0,1,-12080,11624,0,0,0,0,2097142,0,0,0,-11728,-11763,1,0,0,193597163,70207705,12182,12182,12180,0,0,12194,12180,0,0,0,0,0,0,0,0,7,0,0
0,0,87,6462784,6462783,23,0,0,0,0,2,11868,11772,0,0,0,0,2097142,0,0,0,-11728,-11763,0,1,453658,211041960,70207705,12182,12182,12180,0,0,12194,12180,0,0,0,0,0,0,0,0,7,0,0
0,0,88,6462785,6462784,23,1,0,0,0,3,11868,11772,0,0,0,0,2097142,11433,11446,1,-11733,11777,0,0,0,194559764,70207705,12183,12183,12180,0,0,12194,12180,0,0,0,0,0,0,0,0,7,0,0
0,0,89,6462786,6462785,24,0,1,0,0,0,11868,11772,1,-1766,16671,1,2097142,0,0,0,-11733,11777,0,0,0,194559764,70207705,12183,12183,12180,0,0,12195,12180,0,0,0,0,0,0,0,0,7,0,0
0,0,90,6462787,6462786,23,0,0,0,0,1,11868,11772,0,0,0,0,2097142,0,0,0,-11733,11777,1,0,0,194559764,70207705,12183,12183,12180,0,0,12195,12180,0,0,0,0,0,0,0,0,7,0,0
0,0,91,6462788,6462787,23,0,0,0,0,2,11812,-11792,0,0,0,0,2097142,0,0,0,-11733,11777,0,1,424585,211917332,70207705,12183,12183,12180,0,0,12195,12180,0,0,0,0,0,0,0,0,7,0,0
0,0,92,6462789,6462788,23,1,0,0,0,3,11812,-11792,0,0,0,0,2097142,11982,11872,1,11728,-11758,0,0,0,195736307,70207705,12184,12184,12180,0,0,12195,12180,0,0,0,0,0,0,0,0,7,0,0
0,0,93,6462790,6462789,24,0,1,0,0,0,11812,-11792,1,-2110,16408,1,2097142,0,0,0,11728,-11758,0,0,0,195736307,70207705,12184,12184,12180,0,0,12196,12180,0,0,0,0,0,0,0,0,7,0,0
0,0,94,6462791,6462790,23,0,0,0,0,1,11812,-11792,0,0,0,0,2097142,0,0,0,11728,-11758,1,0,0,195736307,70207705,12184,12184,12180,0,0,12196,12180,0,0,0,0,0,0,0,0,7,0,0
0,0,95,6462792,6462791,23,0,0,0,0,2,-11996,-11888,0,0,0,0,2097142,0,0,0,11728,-11758,0,1,452945,211815827,70207705,12184,12184,12180,0,0,12196,12180,0,0,0,0,0,0,0,0,7,0,0
0,0,96,6462793,6462792,23,1,0,0,0,3,-11996,-11888,0,0,0,0,2097142,-12151,-12044,1,11567,-11559,0,0,0,195969658,70207705,12185,12185,12180,0,0,12196,12180,0,0,0,0,0,0,0,0,7,0,0
0,1,-96,6511933,6511932,24,0,0,0,0,3,11652,-11728,0,0,0,0,2097141,-11580,-11610,1,11876,-11812,0,0,0,188263686,0,12137,12137,12180,0,0,12148,12180,1,0,12118,-11563,0,0,0,1,7,0,0
0,1,-95,6511934,6511933,24,0,1,0,0,0,11652,-11728,1,-14254,-8064,1,2097141,0,0,0,11876,-11812,0,0,0,188263686,0,12137,12137,12180,0,0,12149,12180,1,0,12118,-11563,1,0,0,1,7,0,0
0,1,-94,6511935,6511934,23,0,0,0,0,1,11652,-11728,0,0,0,0,2097141,0,0,0,11876,-11812,1,0,0,188263686,0,12137,12137,12180,0,0,12149,12180,1,0,12118,-11563,0,0,0,1,7,0,0
0,1,-93,6511936,6511935,23,1,0,0,0,2,-11696,11784,0,0,0,0,2097141,0,0,0,11876,-11812,0,1,10114996,203949562,0,12137,12137,12180,0,0,12149,12180,1,0,-11751,-11892,0,0,0,1,7,0,0
0,1,-92,6511937,6511936,24,0,0,0,0,3,-11696,11784,0,0,0,0,2097141,11770,11747,1,11506,11842,0,0,0,188225128,0,12138,12138,12180,0,0,12149,12180,1,0,-11751,-11892,0,0,0,1,7,0,0
0,1,-91,6511938,6511937,24,0,1,0,0,0,-11696,11784,1,8318,-14354,1,2097141,0,0,0,11506,11842,0,0,0,188225128,0,12138,12138,12180,0,0,12150,12180,1,0,-11751,-11892,1,0,0,1,7,0,0
0,1,-90,6511939,6511938,23,0,0,0,0,1,-11696,11784,0,0,0,0,2097141,0,0,0,11506,11842,1,0,0,188225128,0,12138,12138,12180,0,0,12150,12180,1,0,-11751,-11892,0,0,0,1,7,0,0
0,1,-89,6511940,6511939,23,1,0,0,0,2,-11588,-11712,0,0,0,0,2097141,0,0,0,11506,11842,0,1,10100125,203551746,0,12138,12138,12180,0,0,12150,12180,1,0,-11842,11823,0,0,0,1,7,0,0
0,1,-88,6511941,6511940,24,0,0,0,0,3,-11588,-11712,0,0,0,0,2097141,-11854,11525,1,11878,11812,0,0,0,188060744,0,12139,12139,12180,0,0,12150,12180,1,0,-11842,11823,0,0,0,1,7,0,0
0,1,-87,6511942,6511941,24,0,1,0,0,0,-11588,-11712,1,-8298,14458,1,2097141,0,0,0,11878,11812,0,0,0,188060744,0,12139,12139,12180,0,0,12151,12180,1,0,-11842,11823,1,0,0,1,7,0,0
0,1,-86,6511943,6511942,23,0,0,0,0,1,-11588,-11712,0,0,0,0,2097141,0,0,0,11878,11812,1,0,0,188060744,0,12139,12139,12180,0,0,12151,12180,1,0,-11842,11823,0,0,0,1,7,0,0
0,1,-85,6511944,6511943,23,1,0,0,0,2,-11616,-11516,0,0,0,0,2097141,0,0,0,11878,11812,0,1,3717200,203685512,0,12139,12139,12180,0,0,12151,12180,1,0,11995,11479,0,0,0,1,7,0,0
0,1,-84,6511945,6511944,24,0,0,0,0,3,-11616,-11516,0,0,0,0,2097141,-11534,11626,1,-11863,-11699,0,0,0,187810577,0,12140,12140,12180,0,0,12151,12180,1,0,11995,11479,0,0,0,1,7,0,0
0,1,-83,6511946,6511945,24,0,1,0,0,0,-11616,-11516,1,8325,-14480,1,2097141,0,0,0,-11863,-11699,0,0,0,187810577,0,12140,12140,12180,0,0,12152,12180,1,0,11995,11479,1,0,0,1,7,0,0
0,1,-82,6511947,6511946,23,0,0,0,0,1,-11616,-11516,0,0,0,0,2097141,0,0,0,-11863,-11699,1,0,0,187810577,0,12140,12140,12180,0,0,12152,12180,1,0,11995,11479,0,0,0,1,7,0,0
0,1,-81,6511948,6511947,23,1,0,0,0,2,-11628,-11672,0,0,0,0,2097141,0,0,0,-11863,-11699,0,1,381988,203350037,0,12140,12140,12180,0,0,12152,12180,1,0,-11881,11897,0,0,0,1,7,0,0
0,1,-80,6511949,6511948,24,0,0,0,0,3,-11628,-11672,0,0,0,0,2097141,-11630,-11833,1,-11570,-11865,0,0,0,187879475,0,12141,12141,12180,0,0,12152,12180,1,0,-11881,11897,0,0,0,1,7,0,0
0,1,-79,6511950,6511949,24,0,1,0,0,0,-11628,-11672,1,-8250,14478,1,2097141,0,0,0,-11570,-11865,0,0,0,187879475,0,12141,12141,12180,0,0,12153,12180,1,0,-11881,11897,1,0,0,1,7,0,0
0,1,-78,6511951,6511950,23,0,0,0,0,1,-11628,-11672,0,0,0,0,2097141,0,0,0,-11570,-11865,1,0,0,187879475,0,12141,12141,12180,0,0,12153,12180,1,0,-11881,11897,0,0,0,1,7,0,0
0,1,-77,6511952,6511951,23,1,0,0,0,2,-11604,-11592,0,0,0,0,2097141,0,0,0,-11570,-11865,0,1,2018717,203504397,0,12141,12141,12180,0,0,12153,12180,1,0,-11435,-12081,0,0,0,1,7,0,0
0,1,-76,6511953,6511952,24,0,0,0,0,3,-11604,-11592,0,0,0,0,2097141,11730,11844,1,-11697,11999,0,0,0,187765725,0,12142,12142,12180,0,0,12153,12180,1,0,-11435,-12081,0,0,0,1,7,0,0
0,1,-75,6511954,6511953,24,0,1,0,0,0,-11604,-11592,1,14400,8005,1,2097141,0,0,0,-11697,11999,0,0,0,187765725,0,12142,12142,12180,0,0,12154,12180,1,0,-11435,-12081,1,0,0,1,7,0,0
0,1,-74,6511955,6511954,23,0,0,0,0,1,-11604,-11592,0,0,0,0,2097141,0,0,0,-11697,11999,1,0,0,187765725,0,12142,12142,12180,0,0,12154,12180,1,0,-11435,-12081,0,0,0,1,7,0,0
0,1,-73,6511956,6511955,23,1,0,0,0,2,-11564,-11564,0,0,0,0,2097141,0,0,0,-11697,11999,0,1,6926426,203570530,0,12142,12142,12180,0,0,12154,12180,1,0,-12037,11817,0,0,0,1,7,0,0
0,1,-72,6511957,6511956,24,0,0,0,0,3,-11564,-11564,0,0,0,0,2097141,-11750,-11873,1,-11485,-11822,0,0,0,187861367,0,12143,12143,12180,0,0,12154,12180,1,0,-12037,11817,0,0,0,1,7,0,0
0,1,-71,6511958,6511957,24,0,1,0,0,0,-11564,-11564,1,-8298,14334,1,2097141,0,0,0,-11485,-11822,0,0,0,187861367,0,12143,12143,12180,0,0,12155,12180,1,0,-12037,11817,1,0,0,1,7,0,0
0,1,-70,6511959,6511958,23,0,0,0,0,1,-11564,-11564,0,0,0,0,2097141,0,0,0,-11485,-11822,1,0,0,187861367,0,12143,12143,12180,0,0,12155,12180,1,0,-12037,11817,0,0,0,1,7,0,0
0,1,-69,6511960,6511959,23,1,0,0,0,2,11736,11736,0,0,0,0,2097141,0,0,0,-11485,-11822,0,1,6749924,203616884,0,12143,12143,12180,0,0,12155,12180,1,0,12146,11406,0,0,0,1,7,0,0
0,1,-68,6511961,6511960,24,0,0,0,0,3,11736,11736,0,0,0,0,2097141,11825,11740,1,-11883,-11840,0,0,0,188107874,0,12144,12144,12180,0,0,12155,12180,1,0,12146,11406,0,0,0,1,7,0,0
0,1,-67,6511962,6511961,24,0,1,0,0,0,11736,11736,1,-8102,14186,1,2097141,0,0,0,-11883,-11840,0,0,0,188107874,0,12144,12144,12180,0,0,12156,12180,1,0,12146,11406,1,0,0,1,7,0,0
0,1,-66,6511963,6511962,23,0,0,0,0,1,11736,11736,0,0,0,0,2097141,0,0,0,-11883,-11840,1,0,0,188107874,0,12144,12144,12180,0,0,12156,12180,1,0,12146,11406,0,0,0,1,7,0,0
0,1,-65,6511964,6511963,23,1,0,0,0,2,11600,11600,0,0,0,0,2097141,0,0,0,-11883,-11840,0,1,395837,203924610,0,12144,12144,12180,0,0,12156,12180,1,0,-12112,11981,0,0,0,1,7,0,0
0,1,-64,6511965,6511964,24,0,0,0,0,3,11600,11600,0,0,0,0,2097141,11487,-11810,1,12108,11870,0,0,0,187975145,0,12145,12145,12180,0,0,12156,12180,1,0,-12112,11981,0,0,0,1,7,0,0
0,1,-63,6511966,6511965,24,0,1,0,0,0,11600,11600,1,14379,8156,1,2097141,0,0,0,12108,11870,0,0,0,187975145,0,12145,12145,12180,0,0,12157,12180,1,0,-12112,11981,1,0,0,1,7,0,0
0,1,-62,6511967,6511966,23,0,0,0,0,1,11600,11600,0,0,0,0,2097141,0,0,0,12108,11870,1,0,0,187975145,0,12145,12145,12180,0,0,12157,12180,1,0,-12112,11981,0,0,0,1,7,0,0
0,1,-61,6511968,6511967,23,1,0,0,0,2,-11700,-11700,0,0,0,0,2097141,0,0,0,12108,11870,0,1,3663396,203723416,0,12145,12145,12180,0,0,12157,12180,1,0,12095,-12091,0,0,0,1,7,0,0
0,1,-60,6511969,6511968,24,0,0,0,0,3,-11700,-11700,0,0,0,0,2097141,11615,11807,1,-11946,11487,0,0,0,187957481,0,12146,12146,12180,0,0,12157,12180,1,0,12095,-12091,0,0,0,1,7,0,0
0,1,-59,6511970,6511969,24,0,1,0,0,0,-11700,-11700,1,-14445,-8186,1,2097141,0,0,0,-11946,11487,0,0,0,187957481,0,12146,12146,12180,0,0,12158,12180,1,0,12095,-12091,1,0,0,1,7,0,0
0,1,-58,6511971,6511970,23,0,0,0,0,1,-11700,-11700,0,0,0,0,2097141,0,0,0,-11946,11487,1,0,0,187957481,0,12146,12146,12180,0,0,12158,12180,1,0,12095,-12091,0,0,0,1,7,0,0
0,1,-57,6511972,6511971,23,1,0,0,0,2,-11624,-11624,0,0,0,0,2097141,0,0,0,-11946,11487,0,1,421210,203662118,0,12146,12146,12180,0,0,12158,12180,1,0,-11760,12062,0,0,0,1,7,0,0
0,1,-56,6511973,6511972,24,0,0,0,0,3,-11624,-11624,0,0,0,0,2097141,11564,11538,1,-11437,11975,0,0,0,188192990,0,12147,12147,12180,0,0,12158,12180,1,0,-11760,12062,0,0,0,1,7,0,0
0,1,-55,6511974,6511973,24,0,1,0,0,0,-11624,-11624,1,8257,-14258,1,2097141,0,0,0,-11437,11975,0,0,0,188192990,0,12147,12147,12180,0,0,12159,12180,1,0,-11760,12062,1,0,0,1,7,0,0
0,1,-54,6511975,6511974,23,0,0,0,0,1,-11624,-11624,0,0,0,0,2097141,0,0,0,-11437,11975,1,0,0,188192990,0,12147,12147,12180,0,0,12159,12180,1,0,-11760,12062,0,0,0,1,7,0,0
0,1,-53,6511976,6511975,23,1,0,0,0,2,11716,11732,0,0,0,0,2097141,0,0,0,-11437,11975,0,1,3636698,203872372,0,12147,12147,12180,0,0,12159,12180,1,0,-11793,-11815,0,0,0,1,7,0,0
0,1,-52,6511977,6511976,24,0,0,0,0,3,11716,11732,0,0,0,0,2097141,11682,-11697,1,-11985,-12197,0,0,0,187994897,0,12148,12148,12180,0,0,12159,12180,1,0,-11793,-11815,0,0,0,1,7,0,0
0,1,-51,6511978,6511977,24,0,1,0,0,0,11716,11732,1,8061,-14234,1,2097141,0,0,0,-11985,-12197,0,0,0,187994897,0,12148,12148,12180,0,0,12160,12180,1,0,-11793,-11815,1,0,0,1,7,0,0
0,1,-50,6511979,6511978,23,0,0,0,0,1,11716,11732,0,0,0,0,2097141,0,0,0,-11985,-12197,1,0,0,187994897,0,12148,12148,12180,0,0,12160,12180,1,0,-11793,-11815,0,0,0,1,7,0,0
0,1,-49,6511980,6511979,23,1,0,0,0,2,-11744,-11772,0,0,0,0,2097141,0,0,0,-11985,-12197,0,1,3579745,204347632,0,12148,12148,12180,0,0,12160,12180,1,0,11662,-11835,0,0,0,1,7,0,0
0,1,-48,6511981,6511980,24,0,0,0,0,3,-11744,-11772,0,0,0,0,2097141,-11706,11774,1,12128,12186,0,0,0,188320398,0,12149,12149,12180,0,0,12160,12180,1,0,11662,-11835,0,0,0,1,7,0,0
0,1,-47,6511982,6511981,24,0,1,0,0,0,-11744,-11772,1,8209,-14286,1,2097141,0,0,0,12128,12186,0,0,0,188320398,0,12149,12149,12180,0,0,12161,12180,1,0,11662,-11835,1,0,0,1,7,0,0
0,1,-46,6511983,6511982,23,0,0,0,0,1,-11744,-11772,0,0,0,0,2097141,0,0,0,12128,12186,1,0,0,188320398,0,12149,12149,12180,0,0,12161,12180,1,0,11662,-11835,0,0,0,1,7,0,0
0,1,-45,6511984,6511983,23,1,0,0,0,2,11820,11776,0,0,0,0,2097141,0,0,0,12128,12186,0,1,2021305,204701005,0,12149,12149,12180,0,0,12161,12180,1,0,11533,11688,0,0,0,1,7,0,0
0,1,-44,6511985,6511984,24,0,0,0,0,3,11820,11776,0,0,0,0,2097141,-11567,-11734,1,-12176,-12225,0,0,0,188607015,0,12150,12150,12180,0,0,12161,12180,1,0,11533,11688,0,0,0,1,7,0,0
0,1,-43,6511986,6511985,24,0,1,0,0,0,11820,11776,1,8138,-14242,1,2097141,0,0,0,-12176,-12225,0,0,0,188607015,0,12150,12150,12180,0,0,12162,12180,1,0,11533,11688,1,0,0,1,7,0,0
0,1,-42,6511987,6511986,23,0,0,0,0,1,11820,11776,0,0,0,0,2097141,0,0,0,-12176,-12225,1,0,0,188607015,0,12150,12150,12180,0,0,12162,12180,1,0,11533,11688,0,0,0,1,7,0,0
0,1,-41,6511988,6511987,23,1,0,0,0,2,-11832,-11848,0,0,0,0,2097141,0,0,0,-12176,-12225,0,1,1999652,204991403,0,12150,12150,12180,0,0,12162,12180,1,0,11672,11577,0,0,0,1,7,0,0
0,1,-40,6511989,6511988,24,0,0,0,0,3,-11832,-11848,0,0,0,0,2097141,-11608,-11525,1,11904,12209,0,0,0,188976571,0,12151,12151,12180,0,0,12162,12180,1,0,11672,11577,0,0,0,1,7,0,0
0,1,-39,6511990,6511989,24,0,1,0,0,0,-11832,-11848,1,8121,-14197,1,2097141,0,0,0,11904,12209,0,0,0,188976571,0,12151,12151,12180,0,0,12163,12180,1,0,11672,11577,1,0,0,1,7,0,0
0,1,-38,6511991,6511990,23,0,0,0,0,1,-11832,-11848,0,0,0,0,2097141,0,0,0,11904,12209,1,0,0,188976571,0,12151,12151,12180,0,0,12163,12180,1,0,11672,11577,0,0,0,1,7,0,0
0,1,-37,6511992,6511991,23,1,0,0,0,2,-11580,11816,0,0,0,0,2097141,0,0,0,11904,12209,0,1,3602629,205155843,0,12151,12151,12180,0,0,12163,12180,1,0,11488,11530,0,0,0,1,7,0,0
0,1,-36,6511993,6511992,24,0,0,0,0,3,-11580,11816,0,0,0,0,2097141,-11611,-11691,1,11459,-12155,0,0,0,189500401,0,12152,12152,12180,0,0,12163,12180,1,0,11488,11530,0,0,0,1,7,0,0
0,1,-35,6511994,6511993,24,0,1,0,0,0,-11580,11816,1,-8242,14406,1,2097141,0,0,0,11459,-12155,0,0,0,189500401,0,12152,12152,12180,0,0,12164,12180,1,0,11488,11530,1,0,0,1,7,0,0
0,1,-34,6511995,6511994,23,0,0,0,0,1,-11580,11816,0,0,0,0,2097141,0,0,0,11459,-12155,1,0,0,189500401,0,12152,12152,12180,0,0,12164,12180,1,0,11488,11530,0,0,0,1,7,0,0
0,1,-33,6511996,6511995,23,1,0,0,0,2,-11608,11496,0,0,0,0,2097141,0,0,0,11459,-12155,0,1,6811730,205102821,0,12152,12152,12180,0,0,12164,12180,1,0,11884,11917,0,0,0,1,7,0,0
0,1,-32,6511997,6511996,24,0,0,0,0,3,-11608,11496,0,0,0,0,2097141,-11601,-11598,1,11683,11811,0,0,0,189280908,0,12153,12153,12180,0,0,12164,12180,1,0,11884,11917,0,0,0,1,7,0,0
0,1,-31,6511998,6511997,24,0,1,0,0,0,-11608,11496,1,-8146,14238,1,2097141,0,0,0,11683,11811,0,0,0,189280908,0,12153,12153,12180,0,0,12165,12180,1,0,11884,11917,1,0,0,1,7,0,0
0,1,-30,6511999,6511998,23,0,0,0,0,1,-11608,11496,0,0,0,0,2097141,0,0,0,11683,11811,1,0,0,189280908,0,12153,12153,12180,0,0,12165,12180,1,0,11884,11917,0,0,0,1,7,0,0
0,1,-29,6512000,6511999,23,1,0,0,0,2,-11600,11604,0,0,0,0,2097141,0,0,0,11683,11811,0,1,3576322,205023781,0,12153,12153,12180,0,0,12165,12180,1,0,-11717,-11775,0,0,0,1,7,0,0
0,1,-28,6512001,6512000,24,0,0,0,0,3,-11600,11604,0,0,0,0,2097141,-11583,-11547,1,11532,11839,0,0,0,189632259,0,12154,12154,12180,0,0,12165,12180,1,0,-11717,-11775,0,0,0,1,7,0,0
0,1,-27,6512002,6512001,24,0,1,0,0,0,-11600,11604,1,8217,-14363,1,2097141,0,0,0,11532,11839,0,0,0,189632259,0,12154,12154,12180,0,0,12166,12180,1,0,-11717,-11775,1,0,0,1,7,0,0
0,1,-26,6512003,6512002,23,0,0,0,0,1,-11600,11604,0,0,0,0,2097141,0,0,0,11532,11839,1,0,0,189632259,0,12154,12154,12180,0,0,12166,12180,1,0,-11717,-11775,0,0,0,1,7,0,0
0,1,-25,6512004,6512003,23,1,0,0,0,2,11824,11620,0,0,0,0,2097141,0,0,0,11532,11839,0,1,393138,205047928,0,12154,12154,12180,0,0,12166,12180,1,0,-11601,-11520,0,0,0,1,7,0,0
0,1,-24,6512005,6512004,24,0,0,0,0,3,11824,11620,0,0,0,0,2097141,11766,11704,1,11894,-12078,0,0,0,189285109,0,12155,12155,12180,0,0,12166,12180,1,0,-11601,-11520,0,0,0,1,7,0,0
0,1,-23,6512006,6512005,24,0,1,0,0,0,11824,11620,1,8164,-14270,1,2097141,0,0,0,11894,-12078,0,0,0,189285109,0,12155,12155,12180,0,0,12167,12180,1,0,-11601,-11520,1,0,0,1,7,0,0
0,1,-22,6512007,6512006,23,0,0,0,0,1,11824,11620,0,0,0,0,2097141,0,0,0,11894,-12078,1,0,0,189285109,0,12155,12155,12180,0,0,12167,12180,1,0,-11601,-11520,0,0,0,1,7,0,0
0,1,-21,6512008,6512007,23,1,0,0,0,2,-11792,11504,0,0,0,0,2097141,0,0,0,11894,-12078,0,1,5301800,205238200,0,12155,12155,12180,0,0,12167,12180,1,0,-11561,-11670,0,0,0,1,7,0,0
0,1,-20,6512009,6512008,24,0,0,0,0,3,-11792,11504,0,0,0,0,2097141,11589,11607,1,-11733,12072,0,0,0,189338765,0,12156,12156,12180,0,0,12167,12180,1,0,-11561,-11670,0,0,0,1,7,0,0
0,1,-19,6512010,6512009,24,0,1,0,0,0,-11792,11504,1,-8243,14385,1,2097141,0,0,0,-11733,12072,0,0,0,189338765,0,12156,12156,12180,0,0,12168,12180,1,0,-11561,-11670,1,0,0,1,7,0,0
0,1,-18,6512011,6512010,23,0,0,0,0,1,-11792,11504,0,0,0,0,2097141,0,0,0,-11733,12072,1,0,0,189338765,0,12156,12156,12180,0,0,12168,12180,1,0,-11561,-11670,0,0,0,1,7,0,0
0,1,-17,6512012,6512011,23,1,0,0,0,2,11824,11700,0,0,0,0,2097141,0,0,0,-11733,12072,0,1,21250708,205387803,0,12156,12156,12180,0,0,12168,12180,1,0,-11861,-11521,0,0,0,1,7,0,0
0,1,-16,6512013,6512012,24,0,0,0,0,3,11824,11700,0,0,0,0,2097141,-11732,-11670,1,-11611,-11758,0,0,0,189729190,0,12157,12157,12180,0,0,12168,12180,1,0,-11861,-11521,0,0,0,1,7,0,0
0,1,-15,6512014,6512013,24,0,1,0,0,0,11824,11700,1,8274,-14424,1,2097141,0,0,0,-11611,-11758,0,0,0,189729190,0,12157,12157,12180,0,0,12169,12180,1,0,-11861,-11521,1,0,0,1,7,0,0
0,1,-14,6512015,6512014,23,0,0,0,0,1,11824,11700,0,0,0,0,2097141,0,0,0,-11611,-11758,1,0,0,189729190,0,12157,12157,12180,0,0,12169,12180,1,0,-11861,-11521,0,0,0,1,7,0,0
0,1,-13,6512016,6512015,23,1,0,0,0,2,-11820,-11768,0,0,0,0,2097141,0,0,0,-11611,-11758,0,1,6796826,204871374,0,12157,12157,12180,0,0,12169,12180,1,0,11836,-11801,0,0,0,1,7,0,0
0,1,-12,6512017,6512016,24,0,0,0,0,3,-11820,-11768,0,0,0,0,2097141,-11621,-11630,1,-11587,-11516,0,0,0,189438338,0,12158,12158,12180,0,0,12169,12180,1,0,11836,-11801,0,0,0,1,7,0,0
0,1,-11,6512018,6512017,24,0,1,0,0,0,-11820,-11768,1,-8258,14497,1,2097141,0,0,0,-11587,-11516,0,0,0,189438338,0,12158,12158,12180,0,0,12170,12180,1,0,11836,-11801,1,0,0,1,7,0,0
0,1,-10,6512019,6512018,23,0,0,0,0,1,-11820,-11768,0,0,0,0,2097141,0,0,0,-11587,-11516,1,0,0,189438338,0,12158,12158,12180,0,0,12170,12180,1,0,11836,-11801,0,0,0,1,7,0,0
0,1,-9,6512020,6512019,23,1,0,0,0,2,-11544,11792,0,0,0,0,2097141,0,0,0,-11587,-11516,0,1,3678920,204764776,0,12158,12158,12180,0,0,12170,12180,1,0,11493,11801,0,0,0,1,7,0,0
0,1,-8,6512021,6512020,24,0,0,0,0,3,-11544,11792,0,0,0,0,2097141,11701,11744,1,-11612,-11707,0,0,0,189105439,0,12159,12159,12180,0,0,12170,12180,1,0,11493,11801,0,0,0,1,7,0,0
0,1,-7,6512022,6512021,24,0,1,0,0,0,-11544,11792,1,8329,-14526,1,2097141,0,0,0,-11612,-11707,0,0,0,189105439,0,12159,12159,12180,0,0,12171,12180,1,0,11493,11801,1,0,0,1,7,0,0
0,1,-6,6512023,6512022,23,0,0,0,0,1,-11544,11792,0,0,0,0,2097141,0,0,0,-11612,-11707,1,0,0,189105439,0,12159,12159,12180,0,0,12171,12180,1,0,11493,11801,0,0,0,1,7,0,0
0,1,-5,6512024,6512023,23,1,0,0,0,2,-11676,11488,0,0,0,0,2097141,0,0,0,-11612,-11707,0,1,5327368,204816673,0,12159,12159,12180,0,0,12171,12180,1,0,11864,11771,0,0,0,1,7,0,0
0,1,-4,6512025,6512024,24,0,0,0,0,3,-11676,11488,0,0,0,0,2097141,-11736,-11781,1,-11554,-11576,0,0,0,189295648,0,12160,12160,12180,0,0,12171,12180,1,0,11864,11771,0,0,0,1,7,0,0
0,1,-3,6512026,6512025,24,0,1,0,0,0,-11676,11488,1,-14440,-8077,1,2097141,0,0,0,-11554,-11576,0,0,0,189295648,0,12160,12160,12180,0,0,12172,12180,1,0,11864,11771,1,0,0,1,7,0,0
0,1,-2,6512027,6512026,23,0,0,0,0,1,-11676,11488,0,0,0,0,2097141,0,0,0,-11554,-11576,1,0,0,189295648,0,12160,12160,12180,0,0,12172,12180,1,0,11864,11771,0,0,0,1,7,0,0
0,1,-1,6512028,6512027,23,0,0,0,0,2,11800,-11696,0,0,0,0,2097141,0,0,0,-11554,-11576,0,1,5351013,204368070,0,12160,12160,12180,0,0,12172,12180,1,0,-11850,-11661,0,0,0,1,7,0,0
0,1,0,6512029,6512028,23,0,0,0,0,3,11800,-11696,0,0,0,0,2097141,11797,11798,1,-11778,-11833,0,0,0,188939198,0,12161,12161,12180,0,0,12172,12180,1,0,-11850,-11661,0,0,0,1,7,1,0
0,1,1,6512030,6512029,23,0,1,0,0,0,11800,-11696,1,-14138,-8187,1,2097141,0,0,0,-11778,-11833,0,0,0,188939198,0,12161,12161,12180,0,0,12173,12180,1,0,-11850,-11661,1,0,0,1,7,1,0
0,1,2,6512031,6512030,22,0,0,0,0,1,11800,-11696,0,0,0,0,2097141,0,0,0,-11778,-11833,1,0,0,188939198,0,12161,12161,12180,0,0,12173,12180,1,0,-11850,-11661,0,0,0,1,7,1,0
0,1,3,6512032,6512031,22,1,0,0,0,2,11560,-11708,0,0,0,0,2097141,0,0,0,-11778,-11833,0,1,405520,204226708,0,12161,12161,12180,0,0,12173,12180,1,0,-11557,-11827,0,0,0,1,7,1,0
0,1,4,6512033,6512032,23,0,0,0,0,3,11560,-11708,0,0,0,0,2097141,-11811,-11870,1,11809,11755,0,0,0,188340836,0,12162,12162,12180,0,0,12173,12180,1,0,-11557,-11827,0,0,0,1,7,1,0
0,1,5,6512034,6512033,23,0,1,0,0,0,11560,-11708,1,-14240,-8151,1,2097141,0,0,0,11809,11755,0,0,0,188340836,0,12162,12162,12180,0,0,12174,12180,1,0,-11557,-11827,1,0,0,1,7,1,0
0,1,6,6512035,6512034,22,0,0,0,0,1,11560,-11708,0,0,0,0,2097141,0,0,0,11809,11755,1,0,0,188340836,0,12162,12162,12180,0,0,12174,12180,1,0,-11557,-11827,0,0,0,1,7,1,0
0,1,7,6512036,6512035,22,1,0,0,0,2,11680,11720,0,0,0,0,2097141,0,0,0,11809,11755,0,1,5221685,203649738,0,12162,12162,12180,0,0,12174,12180,1,0,-11658,11984,0,0,0,1,7,1,0
0,1,8,6512037,6512036,23,0,0,0,0,3,11680,11720,0,0,0,0,2097141,-11582,11815,1,11818,11790,0,0,0,188132718,0,12163,12163,12180,0,0,12174,12180,1,0,-11658,11984,0,0,0,1,7,1,0
0,1,9,6512038,6512037,23,0,1,0,0,0,11680,11720,1,-8111,14456,1,2097141,0,0,0,11818,11790,0,0,0,188132718,0,12163,12163,12180,0,0,12175,12180,1,0,-11658,11984,1,0,0,1,7,1,0
0,1,10,6512039,6512038,22,0,0,0,0,1,11680,11720,0,0,0,0,2097141,0,0,0,11818,11790,1,0,0,188132718,0,12163,12163,12180,0,0,12175,12180,1,0,-11658,11984,0,0,0,1,7,1,0
0,1,11,6512040,6512039,22,1,0,0,0,2,-11804,-11792,0,0,0,0,2097141,0,0,0,11818,11790,0,1,32879381,203428860,0,12163,12163,12180,0,0,12175,12180,1,0,-11472,-11785,0,0,0,1,7,1,0
0,1,12,6512041,6512040,23,0,0,0,0,3,-11804,-11792,0,0,0,0,2097141,-11631,11473,1,-11700,-11735,0,0,0,187634906,0,12164,12164,12180,0,0,12175,12180,1,0,-11472,-11785,0,0,0,1,7,1,0
0,1,13,6512042,6512041,23,0,1,0,0,0,-11804,-11792,1,-14193,-8362,1,2097141,0,0,0,-11700,-11735,0,0,0,187634906,0,12164,12164,12180,0,0,12176,12180,1,0,-11472,-11785,1,0,0,1,7,1,0
0,1,14,6512043,6512042,22,0,0,0,0,1,-11804,-11792,0,0,0,0,2097141,0,0,0,-11700,-11735,1,0,0,187634906,0,12164,12164,12180,0,0,12176,12180,1,0,-11472,-11785,0,0,0,1,7,1,0
0,1,15,6512044,6512043,22,1,0,0,0,2,11732,11804,0,0,0,0,2097141,0,0,0,-11700,-11735,0,1,465160,203364103,0,12164,12164,12180,0,0,12176,12180,1,0,-11870,-11802,0,0,0,1,7,1,0
0,1,16,6512045,6512044,23,0,0,0,0,3,11732,11804,0,0,0,0,2097141,-11633,11572,1,-11941,-11882,0,0,0,187773418,0,12165,12165,12180,0,0,12176,12180,1,0,-11870,-11802,0,0,0,1,7,1,0
0,1,17,6512046,6512045,23,0,1,0,0,0,11732,11804,1,-8189,14477,1,2097141,0,0,0,-11941,-11882,0,0,0,187773418,0,12165,12165,12180,0,0,12177,12180,1,0,-11870,-11802,1,0,0,1,7,1,0
0,1,18,6512047,6512046,22,0,0,0,0,1,11732,11804,0,0,0,0,2097141,0,0,0,-11941,-11882,1,0,0,187773418,0,12165,12165,12180,0,0,12177,12180,1,0,-11870,-11802,0,0,0,1,7,1,0
0,1,19,6512048,6512047,22,1,0,0,0,2,11520,11536,0,0,0,0,2097141,0,0,0,-11941,-11882,0,1,435600,203394180,0,12165,12165,12180,0,0,12177,12180,1,0,12094,11829,0,0,0,1,7,1,0
0,1,20,6512049,6512048,23,0,0,0,0,3,11520,11536,0,0,0,0,2097141,11840,11600,1,12150,12112,0,0,0,187542190,0,12166,12166,12180,0,0,12177,12180,1,0,12094,11829,0,0,0,1,7,1,0
0,1,21,6512050,6512049,23,0,1,0,0,0,11520,11536,1,8255,-14493,1,2097141,0,0,0,12150,12112,0,0,0,187542190,0,12166,12166,12180,0,0,12178,12180,1,0,12094,11829,1,0,0,1,7,1,0
0,1,22,6512051,6512050,22,0,0,0,0,1,11520,11536,0,0,0,0,2097141,0,0,0,12150,12112,1,0,0,187542190,0,12166,12166,12180,0,0,12178,12180,1,0,12094,11829,0,0,0,1,7,1,0
0,1,23,6512052,6512051,22,1,0,0,0,2,11620,11636,0,0,0,0,2097141,0,0,0,12150,12112,0,1,1963210,203952166,0,12166,12166,12180,0,0,12178,12180,1,0,-11907,11473,0,0,0,1,7,1,0
0,1,24,6512053,6512052,23,0,0,0,0,3,11620,11636,0,0,0,0,2097141,-11801,11493,1,-12152,-12184,0,0,0,188002658,0,12167,12167,12180,0,0,12178,12180,1,0,-11907,11473,0,0,0,1,7,1,0
0,1,25,6512054,6512053,23,0,1,0,0,0,11620,11636,1,-14406,-8048,1,2097141,0,0,0,-12152,-12184,0,0,0,188002658,0,12167,12167,12180,0,0,12179,12180,1,0,-11907,11473,1,0,0,1,7,1,0
0,1,26,6512055,6512054,22,0,0,0,0,1,11620,11636,0,0,0,0,2097141,0,0,0,-12152,-12184,1,0,0,188002658,0,12167,12167,12180,0,0,12179,12180,1,0,-11907,11473,0,0,0,1,7,1,0
0,1,27,6512056,6512055,22,1,0,0,0,2,11560,-11776,0,0,0,0,2097141,0,0,0,-12152,-12184,0,1,3579728,204244773,0,12167,12167,12180,0,0,12179,12180,1,0,-11399,11959,0,0,0,1,7,1,0
0,1,28,6512057,6512056,23,0,0,0,0,3,11560,-11776,0,0,0,0,2097141,11796,11726,1,12197,12168,0,0,0,188189347,0,12168,12168,12180,0,0,12179,12180,1,0,-11399,11959,0,0,0,1,7,1,0
0,1,29,6512058,6512057,23,0,1,0,0,0,11560,-11776,1,-14148,-8255,1,2097141,0,0,0,12197,12168,0,0,0,188189347,0,12168,12168,12180,0,0,12180,12180,1,0,-11399,11959,1,0,0,1,7,1,0
0,1,30,6512059,6512058,22,0,0,0,0,1,11560,-11776,0,0,0,0,2097141,0,0,0,12197,12168,1,0,0,188189347,0,12168,12168,12180,0,0,12180,12180,1,0,-11399,11959,0,0,0,1,7,1,0
0,1,31,6512060,6512059,22,1,0,0,0,2,11572,-11620,0,0,0,0,2097141,0,0,0,12197,12168,0,1,407048,204518116,0,12168,12168,12180,0,0,12180,12180,1,0,-11971,-12158,0,0,0,1,7,1,0
0,1,32,6512061,6512060,23,0,0,0,0,3,11572,-11620,0,0,0,0,2097141,-11812,-11776,1,-11976,-12186,0,0,0,188345338,0,12169,12169,12180,0,0,12180,12180,1,0,-11971,-12158,0,0,0,1,7,1,0
0,1,33,6512062,6512061,23,0,1,0,0,0,11572,-11620,1,14381,8318,1,2097141,0,0,0,-11976,-12186,0,0,0,188345338,0,12169,12169,12180,0,0,12181,12180,1,1,-11971,-12158,1,0,0,1,7,1,0
0,1,34,6512063,6512062,22,0,0,0,0,1,11572,-11620,0,0,0,0,2097141,0,0,0,-11976,-12186,1,0,0,188345338,0,12169,12169,12180,0,0,12181,12180,0,0,-11971,-12158,0,0,0,1,7,1,0
0,1,35,6512064,6512063,22,1,0,0,0,2,11568,-11584,0,0,0,0,2097141,0,0,0,-11976,-12186,0,1,10125149,204648163,0,12169,12169,12180,0,0,12181,12180,0,0,12113,12145,0,0,0,1,7,1,0
0,1,36,6512065,6512064,23,0,0,0,0,3,11568,-11584,0,0,0,0,2097141,-11527,11808,1,-11562,11942,0,0,0,188859503,0,12170,12170,12180,0,0,12181,12180,0,0,12113,12145,0,0,0,1,7,1,0
0,1,37,6512066,6512065,23,0,1,0,0,0,11568,-11584,1,14327,8089,1,2097141,0,0,0,-11562,11942,0,0,0,188859503,0,12170,12170,12180,0,0,12182,12180,0,0,12113,12145,1,0,0,1,7,1,0
0,1,38,6512067,6512066,22,0,0,0,0,1,11568,-11584,0,0,0,0,2097141,0,0,0,-11562,11942,1,0,0,188859503,0,12170,12170,12180,0,0,12182,12180,0,0,12113,12145,0,0,0,1,7,1,0
0,1,39,6512068,6512067,22,1,0,0,0,2,11616,-11712,0,0,0,0,2097141,0,0,0,-11562,11942,0,1,405585,204610015,0,12170,12170,12180,0,0,12182,12180,0,0,-12163,-12186,0,0,0,1,7,1,0
0,1,40,6512069,6512068,23,0,0,0,0,3,11616,-11712,0,0,0,0,2097141,-11708,11456,1,-11593,11444,0,0,0,189215127,0,12171,12171,12180,0,0,12182,12180,0,0,-12163,-12186,0,0,0,1,7,1,0
0,1,41,6512070,6512069,23,0,1,0,0,0,11616,-11712,1,-8251,14341,1,2097141,0,0,0,-11593,11444,0,0,0,189215127,0,12171,12171,12180,0,0,12183,12180,0,0,-12163,-12186,1,0,0,1,7,1,0
0,1,42,6512071,6512070,22,0,0,0,0,1,11616,-11712,0,0,0,0,2097141,0,0,0,-11593,11444,1,0,0,189215127,0,12171,12171,12180,0,0,12183,12180,0,0,-12163,-12186,0,0,0,1,7,1,0
0,1,43,6512072,6512071,22,1,0,0,0,2,11580,11780,0,0,0,0,2097141,0,0,0,-11593,11444,0,1,1997125,204479839,0,12171,12171,12180,0,0,12183,12180,0,0,11890,12167,0,0,0,1,7,1,0
0,1,44,6512073,6512072,23,0,0,0,0,3,11580,11780,0,0,0,0,2097141,11767,-11728,1,-11898,11616,0,0,0,188950678,0,12172,12172,12180,0,0,12183,12180,0,0,11890,12167,0,0,0,1,7,1,0
0,1,45,6512074,6512073,23,0,1,0,0,0,11580,11780,1,8289,-14481,1,2097141,0,0,0,-11898,11616,0,0,0,188950678,0,12172,12172,12180,0,0,12184,12180,0,0,11890,12167,1,0,0,1,7,1,0
0,1,46,6512075,6512074,22,0,0,0,0,1,11580,11780,0,0,0,0,2097141,0,0,0,-11898,11616,1,0,0,188950678,0,12172,12172,12180,0,0,12184,12180,0,0,11890,12167,0,0,0,1,7,1,0
0,1,47,6512076,6512075,22,1,0,0,0,2,11584,-11732,0,0,0,0,2097141,0,0,0,-11898,11616,0,1,405805,204805651,0,12172,12172,12180,0,0,12184,12180,0,0,11419,-12142,0,0,0,1,7,1,0
0,1,48,6512077,6512076,23,0,0,0,0,3,11584,-11732,0,0,0,0,2097141,11576,-11691,1,12158,11641,0,0,0,188958814,0,12173,12173,12180,0,0,12184,12180,0,0,11419,-12142,0,0,0,1,7,1,0
0,1,49,6512078,6512077,23,0,1,0,0,0,11584,-11732,1,-8319,14413,1,2097141,0,0,0,12158,11641,0,0,0,188958814,0,12173,12173,12180,0,0,12185,12180,0,0,11419,-12142,1,0,0,1,7,1,0
0,1,50,6512079,6512078,22,0,0,0,0,1,11584,-11732,0,0,0,0,2097141,0,0,0,12158,11641,1,0,0,188958814,0,12173,12173,12180,0,0,12185,12180,0,0,11419,-12142,0,0,0,1,7,1,0
0,1,51,6512080,6512079,22,1,0,0,0,2,-11832,11812,0,0,0,0,2097141,0,0,0,12158,11641,0,1,1999721,205027917,0,12173,12173,12180,0,0,12185,12180,0,0,11669,11770,0,0,0,1,7,1,0
0,1,52,6512081,6512080,23,0,0,0,0,3,-11832,11812,0,0,0,0,2097141,11701,11696,1,-12107,11483,0,0,0,189376779,0,12174,12174,12180,0,0,12185,12180,0,0,11669,11770,0,0,0,1,7,1,0
0,1,53,6512082,6512081,23,0,1,0,0,0,-11832,11812,1,-8116,14138,1,2097141,0,0,0,-12107,11483,0,0,0,189376779,0,12174,12174,12180,0,0,12186,12180,0,0,11669,11770,1,0,0,1,7,1,0
0,1,54,6512083,6512082,22,0,0,0,0,1,-11832,11812,0,0,0,0,2097141,0,0,0,-12107,11483,1,0,0,189376779,0,12174,12174,12180,0,0,12186,12180,0,0,11669,11770,0,0,0,1,7,1,0
0,1,55,6512084,6512083,22,1,0,0,0,2,-11568,-11828,0,0,0,0,2097141,0,0,0,-12107,11483,0,1,5192525,205098419,0,12174,12174,12180,0,0,12186,12180,0,0,11519,11798,0,0,0,1,7,1,0
0,1,56,6512085,6512084,23,0,0,0,0,3,-11568,-11828,0,0,0,0,2097141,-11792,-11806,1,12169,12000,0,0,0,189142045,0,12175,12175,12180,0,0,12186,12180,0,0,11519,11798,0,0,0,1,7,1,0
0,1,57,6512086,6512085,23,0,1,0,0,0,-11568,-11828,1,-8186,14261,1,2097141,0,0,0,12169,12000,0,0,0,189142045,0,12175,12175,12180,0,0,12187,12180,0,0,11519,11798,1,0,0,1,7,1,0
0,1,58,6512087,6512086,22,0,0,0,0,1,-11568,-11828,0,0,0,0,2097141,0,0,0,12169,12000,1,0,0,189142045,0,12175,12175,12180,0,0,12187,12180,0,0,11519,11798,0,0,0,1,7,1,0
0,1,59,6512088,6512087,22,1,0,0,0,2,-11604,-11560,0,0,0,0,2097141,0,0,0,12169,12000,0,1,1973178,205627337,0,12175,12175,12180,0,0,12187,12180,0,0,11854,-12065,0,0,0,1,7,1,0
0,1,60,6512089,6512088,23,0,0,0,0,3,-11604,-11560,0,0,0,0,2097141,11717,11816,1,-11927,-12125,0,0,0,189581399,0,12176,12176,12180,0,0,12187,12180,0,0,11854,-12065,0,0,0,1,7,1,0
0,1,61,6512090,6512089,23,0,1,0,0,0,-11604,-11560,1,14392,8071,1,2097141,0,0,0,-11927,-12125,0,0,0,189581399,0,12176,12176,12180,0,0,12188,12180,0,0,11854,-12065,1,0,0,1,7,1,0
0,1,62,6512091,6512090,22,0,0,0,0,1,-11604,-11560,0,0,0,0,2097141,0,0,0,-11927,-12125,1,0,0,189581399,0,12176,12176,12180,0,0,12188,12180,0,0,11854,-12065,0,0,0,1,7,1,0
0,1,63,6512092,6512091,22,1,0,0,0,2,11788,-11672,0,0,0,0,2097141,0,0,0,-11927,-12125,0,1,400705,205539197,0,12176,12176,12180,0,0,12188,12180,0,0,-11694,12056,0,0,0,1,7,1,0
0,1,64,6512093,6512092,23,0,0,0,0,3,11788,-11672,0,0,0,0,2097141,11518,11535,1,-11454,12092,0,0,0,189833383,0,12177,12177,12180,0,0,12188,12180,0,0,-11694,12056,0,0,0,1,7,1,0
0,1,65,6512094,6512093,23,0,1,0,0,0,11788,-11672,1,14245,8123,1,2097141,0,0,0,-11454,12092,0,0,0,189833383,0,12177,12177,12180,0,0,12189,12180,0,0,-11694,12056,1,0,0,1,7,1,0
0,1,66,6512095,6512094,22,0,0,0,0,1,11788,-11672,0,0,0,0,2097141,0,0,0,-11454,12092,1,0,0,189833383,0,12177,12177,12180,0,0,12189,12180,0,0,-11694,12056,0,0,1,0,7,1,1
0,1,67,6512096,6512095,22,1,0,0,0,2,-11820,-11596,0,0,0,0,2097141,0,0,0,-11454,12092,0,1,414752,205424571,0,12177,12177,12180,0,0,12189,12180,0,0,0,0,0,0,0,0,7,1,0
0,1,68,6512097,6512096,23,0,0,0,0,3,-11820,-11596,0,0,0,0,2097141,11583,11671,1,-11903,-11925,0,0,0,189948512,0,12178,12178,12180,0,0,12189,12180,0,0,0,0,0,0,0,0,7,1,0
0,1,69,6512098,6512097,23,0,1,0,0,0,-11820,-11596,1,14209,8130,1,2097141,0,0,0,-11903,-11925,0,0,0,189948512,0,12178,12178,12180,0,0,12190,12180,0,0,0,0,0,0,0,0,7,1,0
0,1,70,6512099,6512098,22,0,0,0,0,1,-11820,-11596,0,0,0,0,2097141,0,0,0,-11903,-11925,1,0,0,189948512,0,12178,12178,12180,0,0,12190,12180,0,0,0,0,0,0,0,0,7,1,0
0,1,71,6512100,6512099,22,1,0,0,0,2,-11568,11776,0,0,0,0,2097141,0,0,0,-11903,-11925,0,1,408385,205492247,0,12178,12178,12180,0,0,12190,12180,0,0,0,0,0,0,0,0,7,1,0
0,1,72,6512101,6512100,23,0,0,0,0,3,-11568,11776,0,0,0,0,2097141,11531,-11803,1,12041,-11568,0,0,0,189572581,0,12179,12179,12180,0,0,12190,12180,0,0,0,0,0,0,0,0,7,1,0
0,1,73,6512102,6512101,23,0,1,0,0,0,-11568,11776,1,14346,8142,1,2097141,0,0,0,12041,-11568,0,0,0,189572581,0,12179,12179,12180,0,0,12191,12180,0,0,0,0,0,0,0,0,7,1,0
0,1,74,6512103,6512102,22,0,0,0,0,1,-11568,11776,0,0,0,0,2097141,0,0,0,12041,-11568,1,0,0,189572581,0,12179,12179,12180,0,0,12191,12180,0,0,0,0,0,0,0,0,7,1,0
0,1,75,6512104,6512103,22,1,0,0,0,2,-11720,11560,0,0,0,0,2097141,0,0,0,12041,-11568,0,1,409721,205155268,0,12179,12179,12180,0,0,12191,12180,0,0,0,0,0,0,0,0,7,1,0
0,1,76,6512105,6512104,23,0,0,0,0,3,-11720,11560,0,0,0,0,2097141,11592,-11599,1,-11689,-11578,0,0,0,189542739,0,12180,12180,12180,0,0,12191,12180,0,0,0,0,0,0,0,0,7,1,0
0,1,77,6512106,6512105,23,0,1,0,0,0,-11720,11560,1,-8336,14260,1,2097141,0,0,0,-11689,-11578,0,0,0,189542739,0,12180,12180,12180,0,0,12192,12180,0,0,0,0,0,0,0,0,7,1,0
0,1,78,6512107,6512106,22,0,0,0,0,1,-11720,11560,0,0,0,0,2097141,0,0,0,-11689,-11578,1,0,0,189542739,0,12180,12180,12180,0,0,12192,12180,0,0,0,0,0,0,0,0,7,1,0
0,1,79,6512108,6512107,22,1,0,0,0,2,11724,11680,0,0,0,0,2097141,0,0,0,-11689,-11578,0,1,68178065,204886937,0,12180,12180,12180,1,0,12192,12180,0,0,0,0,0,0,0,0,7,1,0
0,1,80,6512109,6512108,23,0,0,0,0,3,11724,11680,0,0,0,0,2097141,11545,-11606,1,-11842,-12009,0,0,0,189099842,68178065,12181,12181,12180,0,0,12192,12180,0,0,0,0,0,0,0,0,7,1,0
0,1,81,6512110,6512109,23,0,1,0,0,0,11724,11680,1,14356,8106,1,2097141,0,0,0,-11842,-12009,0,0,0,189099842,68178065,12181,12181,12180,0,0,12193,12180,0,0,0,0,0,0,0,0,7,1,0
0,1,82,6512111,6512110,22,0,0,0,0,1,11724,11680,0,0,0,0,2097141,0,0,0,-11842,-12009,1,0,0,189099842,68178065,12181,12181,12180,0,0,12193,12180,0,0,0,0,0,0,0,0,7,1,0
0,1,83,6512112,6512111,22,1,0,0,0,2,11624,-11796,0,0,0,0,2097141,0,0,0,-11842,-12009,0,1,410408,204773673,68178065,12181,12181,12180,0,0,12193,12180,0,0,0,0,0,0,0,0,7,1,0
0,1,84,6512113,6512112,23,0,0,0,0,3,11624,-11796,0,0,0,0,2097141,11646,-11683,1,12016,12190,0,0,0,188714159,68178065,12182,12182,12180,0,0,12193,12180,0,0,0,0,0,0,0,0,7,1,0
0,1,85,6512114,6512113,23,0,1,0,0,0,11624,-11796,1,-14496,-8332,1,2097141,0,0,0,12016,12190,0,0,0,188714159,68178065,12182,12182,12180,0,0,12194,12180,0,0,0,0,0,0,0,0,7,1,0
0,1,86,6512115,6512114,22,0,0,0,0,1,11624,-11796,0,0,0,0,2097141,0,0,0,12016,12190,1,0,0,188714159,68178065,12182,12182,12180,0,0,12194,12180,0,0,0,0,0,0,0,0,7,1,0
0,1,87,6512116,6512115,22,1,0,0,0,2,11560,11816,0,0,0,0,2097141,0,0,0,12016,12190,0,1,427885,204956455,68178065,12182,12182,12180,0,0,12194,12180,0,0,0,0,0,0,0,0,7,1,0
0,1,88,6512117,6512116,23,0,0,0,0,3,11560,11816,0,0,0,0,2097141,11570,11788,1,-11746,-12157,0,0,0,188985013,68178065,12183,12183,12180,0,0,12194,12180,0,0,0,0,0,0,0,0,7,1,0
0,1,89,6512118,6512117,23,0,1,0,0,0,11560,11816,1,8391,-14260,1,2097141,0,0,0,-11746,-12157,0,0,0,188985013,68178065,12183,12183,12180,0,0,12195,12180,0,0,0,0,0,0,0,0,7,1,0
0,1,90,6512119,6512118,22,0,0,0,0,1,11560,11816,0,0,0,0,2097141,0,0,0,-11746,-12157,1,0,0,188985013,68178065,12183,12183,12180,0,0,12195,12180,0,0,0,0,0,0,0,0,7,1,0
0,1,91,6512120,6512119,22,1,0,0,0,2,-11788,11656,0,0,0,0,2097141,0,0,0,-11746,-12157,0,1,411410,204887855,68178065,12183,12183,12180,0,0,12195,12180,0,0,0,0,0,0,0,0,7,1,0
0,1,92,6512121,6512120,23,0,0,0,0,3,-11788,11656,0,0,0,0,2097141,11560,-11754,1,-11595,12087,0,0,0,189561567,68178065,12184,12184,12180,0,0,12195,12180,0,0,0,0,0,0,0,0,7,1,0
0,1,93,6512122,6512121,23,0,1,0,0,0,-11788,11656,1,8123,-14225,1,2097141,0,0,0,-11595,12087,0,0,0,189561567,68178065,12184,12184,12180,0,0,12196,12180,0,0,0,0,0,0,0,0,7,1,0
0,1,94,6512123,6512122,22,0,0,0,0,1,-11788,11656,0,0,0,0,2097141,0,0,0,-11595,12087,1,0,0,189561567,68178065,12184,12184,12180,0,0,12196,12180,0,0,0,0,0,0,0,0,7,1,0
0,1,95,6512124,6512123,22,1,0,0,0,2,11728,-11796,0,0,0,0,2097141,0,0,0,-11595,12087,0,1,416025,204953623,68178065,12184,12184,12180,0,0,12196,12180,0,0,0,0,0,0,0,0,7,1,0
0,1,96,6512125,6512124,23,0,0,0,0,3,11728,-11796,0,0,0,0,2097141,-11825,11821,1,-11540,-11898,0,0,0,189358694,68178065,12185,12185,12180,0,0,12196,12180,0,0,0,0,0,0,0,0,7,1,0
