# ev,win,rel,sidx,beat,occ,vpush,vpop,popEmpty,pushFull,rhPhase,rhOutI,rhOutQ,rhValidOut,cfcI,cfcQ,cfcV,cfcEst,csI,csQ,csV,pdI,pdQ,pdV,corrV,corrD,corrThr,psRunmax,psTref,psTrefRaw,psToff,psNewpk,toffVal,taRef,taAcc,taArmed,taSync,pcI,pcQ,pcV,pcStart,pcEnd,sdcAct,r3sSkips,r3sArmed,guard
# win=1 the event window; win=0 the SAME intra-frame phase one air frame (49332 enb beats) earlier, i.e. a matched no-event reference
0,0,-64,12777427,12777426,0,0,0,0,0,1,-11744,-11780,0,0,0,0,2097143,0,0,0,11711,11720,1,0,0,190809912,0,37,37,55,0,0,49,55,1,0,0,0,0,0,0,0,0,0,1
0,0,-63,12777428,12777427,0,0,0,0,0,2,12072,-11600,0,0,0,0,2097143,0,0,0,11711,11720,0,1,5398144,205997291,0,37,37,55,0,0,49,55,1,0,0,0,0,0,0,0,0,0,1
0,0,-62,12777429,12777428,0,1,0,0,0,3,12072,-11600,0,0,0,0,2097143,-11552,11940,1,11813,11785,0,0,0,190231667,0,38,38,55,0,0,49,55,1,0,0,0,0,0,0,0,0,0,1
0,0,-61,12777430,12777429,1,0,1,0,0,0,12072,-11600,1,14193,9111,1,2097143,0,0,0,11813,11785,0,0,0,190231667,0,38,38,55,0,0,50,55,1,0,0,0,0,0,0,0,0,0,1
0,0,-60,12777431,12777430,0,0,0,0,0,1,-11840,-11848,0,0,0,0,2097143,0,0,0,11813,11785,1,0,0,190231667,0,38,38,55,0,0,50,55,1,0,0,0,0,0,0,0,0,0,1
0,0,-59,12777432,12777431,0,0,0,0,0,2,-12072,-11616,0,0,0,0,2097143,0,0,0,11813,11785,0,1,33466754,205456591,0,38,38,55,0,0,50,55,1,0,0,0,0,0,0,0,0,0,1
0,0,-58,12777433,12777432,0,1,0,0,0,3,-12072,-11616,0,0,0,0,2097143,-11545,11604,1,-11654,-11645,0,0,0,189565381,0,39,39,55,0,0,50,55,1,0,0,0,0,0,0,0,0,0,1
0,0,-57,12777434,12777433,1,0,1,0,0,0,-12072,-11616,1,-14123,-9092,1,2097143,0,0,0,-11654,-11645,0,0,0,189565381,0,39,39,55,0,0,51,55,1,0,0,0,0,0,0,0,0,0,1
0,0,-56,12777435,12777434,0,0,0,0,0,1,11916,11960,0,0,0,0,2097143,0,0,0,-11654,-11645,1,0,0,189565381,0,39,39,55,0,0,51,55,1,0,0,0,0,0,0,0,0,0,1
0,0,-55,12777436,12777435,0,0,0,0,0,2,12000,-11560,0,0,0,0,2097143,0,0,0,-11654,-11645,0,1,509796,205484712,0,39,39,55,0,0,51,55,1,0,0,0,0,0,0,0,0,0,1
0,0,-54,12777437,12777436,0,1,0,0,0,3,12000,-11560,0,0,0,0,2097143,-11748,-11766,1,-11861,-11950,0,0,0,189560973,0,40,40,55,0,0,51,55,1,0,0,0,0,0,0,0,0,0,1
0,0,-53,12777438,12777437,1,0,1,0,0,0,12000,-11560,1,-8570,14267,1,2097143,0,0,0,-11861,-11950,0,0,0,189560973,0,40,40,55,0,0,52,55,1,0,0,0,0,0,0,0,0,0,1
0,0,-52,12777439,12777438,0,0,0,0,0,1,-11952,-11952,0,0,0,0,2097143,0,0,0,-11861,-11950,1,0,0,189560973,0,40,40,55,0,0,52,55,1,0,0,0,0,0,0,0,0,0,1
0,0,-51,12777440,12777439,0,0,0,0,0,2,-11964,-11576,0,0,0,0,2097143,0,0,0,-11861,-11950,0,1,434282,205984191,0,40,40,55,0,0,52,55,1,0,0,0,0,0,0,0,0,0,1
0,0,-50,12777441,12777440,0,1,0,0,0,3,-11964,-11576,0,0,0,0,2097143,12049,-11802,1,12042,12012,0,0,0,189554936,0,41,41,55,0,0,52,55,1,0,0,0,0,0,0,0,0,0,1
0,0,-49,12777442,12777441,1,0,1,0,0,0,-11964,-11576,1,-14133,-9012,1,2097143,0,0,0,12042,12012,0,0,0,189554936,0,41,41,55,0,0,53,55,1,0,0,0,0,0,0,0,0,0,1
0,0,-48,12777443,12777442,0,0,0,0,0,1,11872,11956,0,0,0,0,2097143,0,0,0,12042,12012,1,0,0,189554936,0,41,41,55,0,0,53,55,1,0,0,0,0,0,0,0,0,0,1
0,0,-47,12777444,12777443,0,0,0,0,0,2,11844,-11636,0,0,0,0,2097143,0,0,0,12042,12012,0,1,1967056,206977989,0,41,41,55,0,0,53,55,1,0,0,0,0,0,0,0,0,0,1
0,0,-46,12777445,12777444,0,1,0,0,0,3,11844,-11636,0,0,0,0,2097143,-12002,11751,1,-12016,-12086,0,0,0,190452353,0,42,42,55,0,0,53,55,1,0,0,0,0,0,0,0,0,0,1
0,0,-45,12777446,12777445,1,0,1,0,0,0,11844,-11636,1,9085,-13807,1,2097143,0,0,0,-12016,-12086,0,0,0,190452353,0,42,42,55,0,0,54,55,1,0,0,0,0,0,0,0,0,0,1
0,0,-44,12777447,12777446,0,0,0,0,0,1,11488,-11900,0,0,0,0,2097143,0,0,0,-12016,-12086,1,0,0,190452353,0,42,42,55,0,0,54,55,1,0,0,0,0,0,0,0,0,0,1
0,0,-43,12777448,12777447,0,0,0,0,0,2,11732,-11576,0,0,0,0,2097143,0,0,0,-12016,-12086,0,1,3655748,207418706,0,42,42,55,0,0,54,55,1,0,0,0,0,0,0,0,0,0,1
0,0,-42,12777449,12777448,0,1,0,0,0,3,11732,-11576,0,0,0,0,2097143,11989,11542,1,12067,12107,0,0,0,190822431,0,43,43,55,0,0,54,55,1,0,0,0,0,0,0,0,0,0,1
0,0,-41,12777450,12777449,1,0,1,0,0,0,11732,-11576,1,-14151,-8926,1,2097143,0,0,0,12067,12107,0,0,0,190822431,0,43,43,55,0,0,55,55,1,0,0,0,0,0,0,0,0,0,1
0,0,-40,12777451,12777450,0,0,0,0,0,1,11672,-11652,0,0,0,0,2097143,0,0,0,12067,12107,1,0,0,190822431,0,43,43,55,0,0,55,55,1,0,0,0,0,0,0,0,0,0,1
0,0,-39,12777452,12777451,0,0,0,0,0,2,-11928,-11740,0,0,0,0,2097143,0,0,0,12067,12107,0,1,446240,207643187,0,43,43,55,0,0,55,55,1,0,0,0,0,0,0,0,0,0,1
0,0,-38,12777453,12777452,0,1,0,0,0,3,-11928,-11740,0,0,0,0,2097143,-11944,11760,1,-11912,-12058,0,0,0,191194802,0,44,44,55,0,0,55,55,1,0,0,0,0,0,0,0,0,0,1
0,0,-37,12777454,12777453,1,0,1,0,0,0,-11928,-11740,1,-8689,14285,1,2097143,0,0,0,-11912,-12058,0,0,0,191194802,0,44,44,55,0,0,56,55,1,1,0,0,0,0,0,0,0,0,1
0,0,-36,12777455,12777454,0,0,0,0,0,1,11512,11804,0,0,0,0,2097143,0,0,0,-11912,-12058,1,0,0,191194802,0,44,44,55,0,0,56,55,0,0,0,0,0,0,0,0,0,0,1
0,0,-35,12777456,12777455,0,0,0,0,0,2,11896,11772,0,0,0,0,2097143,0,0,0,-11912,-12058,0,1,10265620,207784730,0,44,44,55,0,0,56,55,0,0,0,0,0,0,0,0,0,0,1
0,0,-34,12777457,12777456,0,1,0,0,0,3,11896,11772,0,0,0,0,2097143,-11491,-11881,1,-11518,11863,0,0,0,191864831,0,45,45,55,0,0,56,55,0,0,0,0,0,0,0,0,0,0,1
0,0,-33,12777458,12777457,1,0,1,0,0,0,11896,11772,1,8789,-14322,1,2097143,0,0,0,-11518,11863,0,0,0,191864831,0,45,45,55,0,0,57,55,0,0,0,0,0,0,0,0,0,0,1
0,0,-32,12777459,12777458,0,0,0,0,0,1,11700,11596,0,0,0,0,2097143,0,0,0,-11518,11863,1,0,0,191864831,0,45,45,55,0,0,57,55,0,0,0,0,0,0,0,0,0,0,1
0,0,-31,12777460,12777459,0,0,0,0,0,2,-11820,11712,0,0,0,0,2097143,0,0,0,-11518,11863,0,1,402453,207822592,0,45,45,55,0,0,57,55,0,0,0,0,0,0,0,0,0,0,1
0,0,-30,12777461,12777460,0,1,0,0,0,3,-11820,11712,0,0,0,0,2097143,-11851,11810,1,-11807,11708,0,0,0,192368299,0,46,46,55,0,0,57,55,0,0,0,0,0,0,0,0,0,0,1
0,0,-29,12777462,12777461,1,0,1,0,0,0,-11820,11712,1,13985,9204,1,2097143,0,0,0,-11807,11708,0,0,0,192368299,0,46,46,55,0,0,58,55,0,0,0,0,0,0,0,0,0,0,1
0,0,-28,12777463,12777462,0,0,0,0,0,1,-11936,11792,0,0,0,0,2097143,0,0,0,-11807,11708,1,0,0,192368299,0,46,46,55,0,0,58,55,0,0,0,0,0,0,0,0,0,0,1
0,0,-27,12777464,12777463,0,0,0,0,0,2,-11744,-11688,0,0,0,0,2097143,0,0,0,-11807,11708,0,1,2022485,208114115,0,46,46,55,0,0,58,55,0,0,0,0,0,0,0,0,0,0,1
0,0,-26,12777465,12777464,0,1,0,0,0,3,-11744,-11688,0,0,0,0,2097143,12030,11612,1,11732,-11742,0,0,0,192168725,0,47,47,55,0,0,58,55,0,0,0,0,0,0,0,0,0,0,1
0,0,-25,12777466,12777465,1,0,1,0,0,0,-11744,-11688,1,8656,-14345,1,2097143,0,0,0,11732,-11742,0,0,0,192168725,0,47,47,55,0,0,59,55,0,0,0,0,0,0,0,0,0,0,1
0,0,-24,12777467,12777466,0,0,0,0,0,1,11652,-11684,0,0,0,0,2097143,0,0,0,11732,-11742,1,0,0,192168725,0,47,47,55,0,0,59,55,0,0,0,0,0,0,0,0,0,0,1
0,0,-23,12777468,12777467,0,0,0,0,0,2,11756,-11804,0,0,0,0,2097143,0,0,0,11732,-11742,0,1,409616,209071364,0,47,47,55,0,0,59,55,0,0,0,0,0,0,0,0,0,0,1
0,0,-22,12777469,12777468,0,1,0,0,0,3,11756,-11804,0,0,0,0,2097143,-12013,-11751,1,11967,-11884,0,0,0,192663894,0,48,48,55,0,0,59,55,0,0,0,0,0,0,0,0,0,0,1
0,0,-21,12777470,12777469,1,0,1,0,0,0,11756,-11804,1,13930,9142,1,2097143,0,0,0,11967,-11884,0,0,0,192663894,0,48,48,55,0,0,60,55,0,0,0,0,0,0,0,0,0,0,1
0,0,-20,12777471,12777470,0,0,0,0,0,1,11784,-11848,0,0,0,0,2097143,0,0,0,11967,-11884,1,0,0,192663894,0,48,48,55,0,0,60,55,0,0,0,0,0,0,0,0,0,0,1
0,0,-19,12777472,12777471,0,0,0,0,0,2,11576,11844,0,0,0,0,2097143,0,0,0,11967,-11884,0,1,2013593,209617924,0,48,48,55,0,0,60,55,0,0,0,0,0,0,0,0,0,0,1
0,0,-18,12777473,12777472,0,1,0,0,0,3,11576,11844,0,0,0,0,2097143,12061,-11610,1,-12005,11642,0,0,0,193344937,0,49,49,55,0,0,60,55,0,0,0,0,0,0,0,0,0,0,1
0,0,-17,12777474,12777473,1,0,1,0,0,0,11576,11844,1,8641,-14231,1,2097143,0,0,0,-12005,11642,0,0,0,193344937,0,49,49,55,0,0,61,55,0,0,0,0,0,0,0,0,0,0,1
0,0,-16,12777475,12777474,0,0,0,0,0,1,-11924,11948,0,0,0,0,2097143,0,0,0,-12005,11642,1,0,0,193344937,0,49,49,55,0,0,61,55,0,0,0,0,0,0,0,0,0,0,1
0,0,-15,12777476,12777475,0,0,0,0,0,2,11760,-11812,0,0,0,0,2097143,0,0,0,-12005,11642,0,1,5235700,209554370,0,49,49,55,0,0,61,55,0,0,0,0,0,0,0,0,0,0,1
0,0,-14,12777477,12777476,0,1,0,0,0,3,11760,-11812,0,0,0,0,2097143,-12069,-11622,1,11687,11523,0,0,0,193580163,0,50,50,55,0,0,61,55,0,0,0,0,0,0,0,0,0,0,1
0,0,-13,12777478,12777477,1,0,1,0,0,0,11760,-11812,1,13969,8974,1,2097143,0,0,0,11687,11523,0,0,0,193580163,0,50,50,55,0,0,62,55,0,0,0,0,0,0,0,0,0,0,1
0,0,-12,12777479,12777478,0,0,0,0,0,1,11932,-12000,0,0,0,0,2097143,0,0,0,11687,11523,1,0,0,193580163,0,50,50,55,0,0,62,55,0,0,0,0,0,0,0,0,0,0,1
0,0,-11,12777480,12777479,0,0,0,0,0,2,-11784,-11756,0,0,0,0,2097143,0,0,0,11687,11523,0,1,1983241,209993831,0,50,50,55,0,0,62,55,0,0,0,0,0,0,0,0,0,0,1
0,0,-10,12777481,12777480,0,1,0,0,0,3,-11784,-11756,0,0,0,0,2097143,12003,-11556,1,11487,11977,0,0,0,193788746,0,51,51,55,0,0,62,55,0,0,0,0,0,0,0,0,0,0,1
0,0,-9,12777482,12777481,1,0,1,0,0,0,-11784,-11756,1,13887,8878,1,2097143,0,0,0,11487,11977,0,0,0,193788746,0,51,51,55,0,0,63,55,0,0,0,0,0,0,0,0,0,0,1
0,0,-8,12777483,12777482,0,0,0,0,0,1,-12024,12000,0,0,0,0,2097143,0,0,0,11487,11977,1,0,0,193788746,0,51,51,55,0,0,63,55,0,0,0,0,0,0,0,0,0,0,1
0,0,-7,12777484,12777483,0,0,0,0,0,2,-11616,11792,0,0,0,0,2097143,0,0,0,11487,11977,0,1,391912,209860383,0,51,51,55,0,0,63,55,0,0,0,0,0,0,0,0,0,0,1
0,0,-6,12777485,12777484,0,1,0,0,0,3,-11616,11792,0,0,0,0,2097143,-11952,-11591,1,11846,-12023,0,0,0,194102621,0,52,52,55,0,0,63,55,0,0,0,0,0,0,0,0,0,0,1
0,0,-5,12777486,12777485,1,0,1,0,0,0,-11616,11792,1,8814,-14228,1,2097143,0,0,0,11846,-12023,0,0,0,194102621,0,52,52,55,0,0,64,55,0,0,0,0,0,0,0,0,0,0,1
0,0,-4,12777487,12777486,0,0,0,0,0,1,11940,-12032,0,0,0,0,2097143,0,0,0,11846,-12023,1,0,0,194102621,0,52,52,55,0,0,64,55,0,0,0,0,0,0,0,0,0,0,1
0,0,-3,12777488,12777487,0,0,0,0,0,2,-11636,11532,0,0,0,0,2097143,0,0,0,11846,-12023,0,1,422516,210082064,0,52,52,55,0,0,64,55,0,0,0,0,0,0,0,0,0,0,1
0,0,-2,12777489,12777488,0,1,0,0,0,3,-11636,11532,0,0,0,0,2097143,11856,-11623,1,-11715,11771,0,0,0,193936644,0,53,53,55,0,0,64,55,0,0,0,0,0,0,0,0,0,0,1
0,0,-1,12777490,12777489,1,0,1,0,0,0,-11636,11532,1,-8853,14201,1,2097143,0,0,0,-11715,11771,0,0,0,193936644,0,53,53,55,0,0,65,55,0,0,0,0,0,0,0,0,0,0,1
0,0,0,12777491,12777490,0,0,0,0,0,1,11452,11908,0,0,0,0,2097143,0,0,0,-11715,11771,1,0,0,193936644,0,53,53,55,0,0,65,55,0,0,0,0,0,0,0,0,0,0,1
0,0,1,12777492,12777491,0,0,0,0,0,2,-11652,11740,0,0,0,0,2097143,0,0,0,-11715,11771,0,1,431650,209777300,0,53,53,55,0,0,65,55,0,0,0,0,0,0,0,0,0,0,1
0,0,2,12777493,12777492,0,1,0,0,0,3,-11652,11740,0,0,0,0,2097143,11709,-11601,1,-11886,11498,0,0,0,193652809,0,54,54,55,0,0,65,55,0,0,0,0,0,0,0,0,0,0,1
0,0,3,12777494,12777493,1,0,1,0,0,0,-11652,11740,1,-14034,-8941,1,2097143,0,0,0,-11886,11498,0,0,0,193652809,0,54,54,55,0,0,66,55,0,0,0,0,0,0,0,0,0,0,1
0,0,4,12777495,12777494,0,0,0,0,0,1,11784,11452,0,0,0,0,2097143,0,0,0,-11886,11498,1,0,0,193652809,0,54,54,55,0,0,66,55,0,0,0,0,0,0,0,0,0,0,1
0,0,5,12777496,12777495,0,0,0,0,0,2,11800,-11900,0,0,0,0,2097143,0,0,0,-11886,11498,0,1,406706,209539888,0,54,54,55,0,0,66,55,0,0,0,0,0,0,0,0,0,0,1
0,0,6,12777497,12777496,0,1,0,0,0,3,11800,-11900,0,0,0,0,2097143,-11898,-11772,1,11944,11660,0,0,0,193251664,0,55,55,55,0,0,66,55,0,0,0,0,0,0,0,0,0,0,1
0,0,7,12777498,12777497,1,0,1,0,0,0,11800,-11900,1,8805,-14037,1,2097143,0,0,0,11944,11660,0,0,0,193251664,0,55,55,55,0,0,67,55,0,0,0,0,0,0,0,0,0,0,1
0,0,8,12777499,12777498,0,0,0,0,0,1,-11940,11804,0,0,0,0,2097143,0,0,0,11944,11660,1,0,0,193251664,0,55,55,55,0,0,67,55,0,0,0,0,0,0,0,0,0,0,1
0,0,9,12777500,12777499,0,0,0,0,0,2,11776,11724,0,0,0,0,2097143,0,0,0,11944,11660,0,1,69205765,209108501,0,55,55,55,1,0,67,55,0,0,0,0,0,0,0,0,0,0,1
0,0,10,12777501,12777500,0,1,0,0,0,3,11776,11724,0,0,0,0,2097143,11889,11777,1,-12049,11520,0,0,0,192943613,69205765,56,56,55,0,0,67,55,0,0,0,0,0,0,0,0,0,0,1
0,0,11,12777502,12777501,1,0,1,0,0,0,11776,11724,1,14110,8856,1,2097143,0,0,0,-12049,11520,0,0,0,192943613,69205765,56,56,55,0,0,68,55,0,0,0,0,0,0,0,0,0,0,1
0,0,12,12777503,12777502,0,0,0,0,0,1,11960,-12068,0,0,0,0,2097143,0,0,0,-12049,11520,1,0,0,192943613,69205765,56,56,55,0,0,68,55,0,0,0,0,0,0,0,0,0,0,1
0,0,13,12777504,12777503,0,0,0,0,0,2,-11808,11700,0,0,0,0,2097143,0,0,0,-12049,11520,0,1,419162,208852218,69205765,56,56,55,0,0,68,55,0,0,0,0,0,0,0,0,0,0,1
0,0,14,12777505,12777504,0,1,0,0,0,3,-11808,11700,0,0,0,0,2097143,-11857,11675,1,11822,11671,0,0,0,192660116,69205765,57,57,55,0,0,68,55,0,0,0,0,0,0,0,0,0,0,1
0,0,15,12777506,12777505,1,0,1,0,0,0,-11808,11700,1,-8994,13905,1,2097143,0,0,0,11822,11671,0,0,0,192660116,69205765,57,57,55,0,0,69,55,0,0,0,0,0,0,0,0,0,0,1
0,0,16,12777507,12777506,0,0,0,0,0,1,-11856,11976,0,0,0,0,2097143,0,0,0,11822,11671,1,0,0,192660116,69205765,57,57,55,0,0,69,55,0,0,0,0,0,0,0,0,0,0,1
0,0,17,12777508,12777507,0,0,0,0,0,2,-11592,-11892,0,0,0,0,2097143,0,0,0,11822,11671,0,1,430457,208944551,69205765,57,57,55,0,0,69,55,0,0,0,0,0,0,0,0,0,0,1
0,0,18,12777509,12777508,0,1,0,0,0,3,-11592,-11892,0,0,0,0,2097143,-11771,-11663,1,11509,11558,0,0,0,192932319,69205765,58,58,55,0,0,69,55,0,0,0,0,0,0,0,0,0,0,1
0,0,19,12777510,12777509,1,0,1,0,0,0,-11592,-11892,1,14119,8859,1,2097143,0,0,0,11509,11558,0,0,0,192932319,69205765,58,58,55,0,0,70,55,0,0,0,0,0,0,0,0,0,0,1
0,0,20,12777511,12777510,0,0,0,0,0,1,-11460,-12020,0,0,0,0,2097143,0,0,0,11509,11558,1,0,0,192932319,69205765,58,58,55,0,0,70,55,0,0,0,0,0,0,0,0,0,0,1
0,0,21,12777512,12777511,0,0,0,0,0,2,-11800,11952,0,0,0,0,2097143,0,0,0,11509,11558,0,1,378274,209478752,69205765,58,58,55,0,0,70,55,0,0,0,0,0,0,0,0,0,0,1
0,0,22,12777513,12777512,0,1,0,0,0,3,-11800,11952,0,0,0,0,2097143,11737,-11823,1,11856,11794,0,0,0,193490258,69205765,59,59,55,0,0,70,55,0,0,0,0,0,0,0,0,0,0,1
0,0,23,12777514,12777513,1,0,1,0,0,0,-11800,11952,1,8862,-14091,1,2097143,0,0,0,11856,11794,0,0,0,193490258,69205765,59,59,55,0,0,71,55,0,0,0,0,0,0,0,0,0,0,1
0,0,24,12777515,12777514,0,0,0,0,0,1,-11884,11840,0,0,0,0,2097143,0,0,0,11856,11794,1,0,0,193490258,69205765,59,59,55,0,0,71,55,0,0,0,0,0,0,0,0,0,0,1
0,0,25,12777516,12777515,0,0,0,0,0,2,11872,-11880,0,0,0,0,2097143,0,0,0,11856,11794,0,1,434330,209432875,69205765,59,59,55,0,0,71,55,0,0,0,0,0,0,0,0,0,0,1
0,0,26,12777517,12777516,0,1,0,0,0,3,11872,-11880,0,0,0,0,2097143,11587,11830,1,-11750,-11798,0,0,0,193533362,69205765,60,60,55,0,0,71,55,0,0,0,0,0,0,0,0,0,0,1
0,0,27,12777518,12777517,1,0,1,0,0,0,11872,-11880,1,-14067,-8724,1,2097143,0,0,0,-11750,-11798,0,0,0,193533362,69205765,60,60,55,0,0,72,55,0,0,0,0,0,0,0,0,0,0,1
0,0,28,12777519,12777518,0,0,0,0,0,1,11952,11480,0,0,0,0,2097143,0,0,0,-11750,-11798,1,0,0,193533362,69205765,60,60,55,0,0,72,55,0,0,0,0,0,0,0,0,0,0,1
0,0,29,12777520,12777519,0,0,0,0,0,2,11504,-11520,0,0,0,0,2097143,0,0,0,-11750,-11798,0,1,2112520,208695648,69205765,60,60,55,0,0,72,55,0,0,0,0,0,0,0,0,0,0,1
0,0,30,12777521,12777520,0,1,0,0,0,3,11504,-11520,0,0,0,0,2097143,11787,-11786,1,-11809,-11758,0,0,0,193025405,69205765,61,61,55,0,0,72,55,0,0,0,0,0,0,0,0,0,0,1
0,0,31,12777522,12777521,1,0,1,0,0,0,11504,-11520,1,-13817,-8802,1,2097143,0,0,0,-11809,-11758,0,0,0,193025405,69205765,61,61,55,0,0,73,55,0,0,0,0,0,0,0,0,0,0,1
0,0,32,12777523,12777522,0,0,0,0,0,1,-11964,11684,0,0,0,0,2097143,0,0,0,-11809,-11758,1,0,0,193025405,69205765,61,61,55,0,0,73,55,0,0,0,0,0,0,0,0,0,0,1
0,0,33,12777524,12777523,0,0,0,0,0,2,11852,-11612,0,0,0,0,2097143,0,0,0,-11809,-11758,0,1,436045,208580776,69205765,61,61,55,0,0,73,55,0,0,0,0,0,0,0,0,0,0,1
0,0,34,12777525,12777524,0,1,0,0,0,3,11852,-11612,0,0,0,0,2097143,-11762,-11780,1,11914,11589,0,0,0,192422661,69205765,62,62,55,0,0,73,55,0,0,0,0,0,0,0,0,0,0,1
0,0,35,12777526,12777525,1,0,1,0,0,0,11852,-11612,1,-14024,-8771,1,2097143,0,0,0,11914,11589,0,0,0,192422661,69205765,62,62,55,0,0,74,55,0,0,0,0,0,0,0,0,0,0,1
0,0,36,12777527,12777526,0,0,0,0,0,1,11816,11496,0,0,0,0,2097143,0,0,0,11914,11589,1,0,0,192422661,69205765,62,62,55,0,0,74,55,0,0,0,0,0,0,0,0,0,0,1
0,0,37,12777528,12777527,0,0,0,0,0,2,-11960,-11640,0,0,0,0,2097143,0,0,0,11914,11589,0,1,5392881,208759127,69205765,62,62,55,0,0,74,55,0,0,0,0,0,0,0,0,0,0,1
0,0,38,12777529,12777528,0,1,0,0,0,3,-11960,-11640,0,0,0,0,2097143,-11585,11823,1,-11728,11936,0,0,0,192606569,69205765,63,63,55,0,0,74,55,0,0,0,0,0,0,0,0,0,0,1
0,0,39,12777530,12777529,1,0,1,0,0,0,-11960,-11640,1,14213,8878,1,2097143,0,0,0,-11728,11936,0,0,0,192606569,69205765,63,63,55,0,0,75,55,0,0,0,0,0,0,0,0,0,0,1
0,0,40,12777531,12777530,0,0,0,0,0,1,11576,11828,0,0,0,0,2097143,0,0,0,-11728,11936,1,0,0,192606569,69205765,63,63,55,0,0,75,55,0,0,0,0,0,0,0,0,0,0,1
0,0,41,12777532,12777531,0,0,0,0,0,2,11904,-11580,0,0,0,0,2097143,0,0,0,-11728,11936,0,1,12080925,208524800,69205765,63,63,55,0,0,75,55,0,0,0,0,0,0,0,0,0,0,1
0,0,42,12777533,12777532,0,1,0,0,0,3,11904,-11580,0,0,0,0,2097143,-11665,11504,1,-11725,-12053,0,0,0,192554042,69205765,64,64,55,0,0,75,55,0,0,0,0,0,0,0,0,0,0,1
0,0,43,12777534,12777533,1,0,1,0,0,0,11904,-11580,1,-8833,14074,1,2097143,0,0,0,-11725,-12053,0,0,0,192554042,69205765,64,64,55,0,0,76,55,0,0,0,0,0,0,0,0,0,0,1
0,0,44,12777535,12777534,0,0,0,0,0,1,11528,-11916,0,0,0,0,2097143,0,0,0,-11725,-12053,1,0,0,192554042,69205765,64,64,55,0,0,76,55,0,0,0,0,0,0,0,0,0,0,1
0,0,45,12777536,12777535,0,0,0,0,0,2,-11848,-11788,0,0,0,0,2097143,0,0,0,-11725,-12053,0,1,2134917,208604440,69205765,64,64,55,0,0,76,55,0,0,0,0,0,0,0,0,0,0,1
0,0,46,12777537,12777536,0,1,0,0,0,3,-11848,-11788,0,0,0,0,2097143,-11667,11725,1,11751,12064,0,0,0,192767038,69205765,65,65,55,0,0,76,55,0,0,0,0,0,0,0,0,0,0,1
0,0,47,12777538,12777537,1,0,1,0,0,0,-11848,-11788,1,-14019,-8932,1,2097143,0,0,0,11751,12064,0,0,0,192767038,69205765,65,65,55,0,0,77,55,0,0,0,0,0,0,0,0,0,0,1
0,0,48,12777539,12777538,0,0,0,0,0,1,11820,11772,0,0,0,0,2097143,0,0,0,11751,12064,1,0,0,192767038,69205765,65,65,55,0,0,77,55,0,0,0,0,0,0,0,0,0,0,1
0,0,49,12777540,12777539,0,0,0,0,0,2,-11652,11828,0,0,0,0,2097143,0,0,0,11751,12064,0,1,1949857,208467062,69205765,65,65,55,0,0,77,55,0,0,0,0,0,0,0,0,0,0,1
0,0,50,12777541,12777540,0,1,0,0,0,3,-11652,11828,0,0,0,0,2097143,11790,-11910,1,11755,-12166,0,0,0,192459020,69205765,66,66,55,0,0,77,55,0,0,0,0,0,0,0,0,0,0,1
0,0,51,12777542,12777541,1,0,1,0,0,0,-11652,11828,1,9037,-13934,1,2097143,0,0,0,11755,-12166,0,0,0,192459020,69205765,66,66,55,0,0,78,55,0,0,-11481,11823,1,1,0,1,0,0,0
0,0,52,12777543,12777542,0,0,0,0,0,1,-12008,11660,0,0,0,0,2097143,0,0,0,11755,-12166,1,0,0,192459020,69205765,66,66,55,0,0,78,55,0,0,-11481,11823,0,0,0,1,0,0,0
0,0,53,12777544,12777543,0,0,0,0,0,2,11776,11584,0,0,0,0,2097143,0,0,0,11755,-12166,0,1,7040212,208158370,69205765,66,66,55,0,0,78,55,0,0,-11769,11668,0,0,0,1,0,0,0
0,0,54,12777545,12777544,0,1,0,0,0,3,11776,11584,0,0,0,0,2097143,11769,11729,1,-11728,12111,0,0,0,192342571,69205765,67,67,55,0,0,78,55,0,0,-11769,11668,0,0,0,1,0,0,0
0,0,55,12777546,12777545,1,0,1,0,0,0,11776,11584,1,-14260,-8874,1,2097143,0,0,0,-11728,12111,0,0,0,192342571,69205765,67,67,55,0,0,79,55,0,0,-11769,11668,1,0,0,1,0,0,0
0,0,56,12777547,12777546,0,0,0,0,0,1,12000,-11744,0,0,0,0,2097143,0,0,0,-11728,12111,1,0,0,192342571,69205765,67,67,55,0,0,79,55,0,0,-11769,11668,0,0,0,1,0,0,0
0,0,57,12777548,12777547,0,0,0,0,0,2,11648,11696,0,0,0,0,2097143,0,0,0,-11728,12111,0,1,2010677,207895645,69205765,67,67,55,0,0,79,55,0,0,11692,-11704,0,0,0,1,0,0,0
0,0,58,12777549,12777548,0,1,0,0,0,3,11648,11696,0,0,0,0,2097143,-11778,11730,1,-11909,-12082,0,0,0,191870146,69205765,68,68,55,0,0,79,55,0,0,11692,-11704,0,0,0,1,0,0,0
0,0,59,12777550,12777549,1,0,1,0,0,0,11648,11696,1,14206,8958,1,2097143,0,0,0,-11909,-12082,0,0,0,191870146,69205765,68,68,55,0,0,80,55,0,0,11692,-11704,1,0,0,1,0,0,0
0,0,60,12777551,12777550,0,0,0,0,0,1,-12004,-11568,0,0,0,0,2097143,0,0,0,-11909,-12082,1,0,0,191870146,69205765,68,68,55,0,0,80,55,0,0,11692,-11704,0,0,0,1,0,0,0
0,0,61,12777552,12777551,0,0,0,0,0,2,-11744,-11780,0,0,0,0,2097143,0,0,0,-11909,-12082,0,1,18551506,207714144,69205765,68,68,55,0,0,80,55,0,0,11926,-11846,0,0,0,1,0,0,0
0,0,62,12777553,12777552,0,1,0,0,0,3,-11744,-11780,0,0,0,0,2097143,-11593,-11893,1,12013,12028,0,0,0,191730757,69205765,69,69,55,0,0,80,55,0,0,11926,-11846,0,0,0,1,0,0,0
0,0,63,12777554,12777553,1,0,1,0,0,0,-11744,-11780,1,13773,8678,1,2097143,0,0,0,12013,12028,0,0,0,191730757,69205765,69,69,55,0,0,81,55,0,0,11926,-11846,1,0,0,1,0,0,0
0,0,64,12777555,12777554,0,0,0,0,0,1,11980,-11664,0,0,0,0,2097143,0,0,0,12013,12028,1,0,0,191730757,69205765,69,69,55,0,0,81,55,0,0,11926,-11846,0,0,0,1,0,0,0
0,1,-64,12826759,12826758,1,0,0,0,0,1,-11772,-11840,0,0,0,0,2097141,0,0,0,11777,11805,1,0,0,194544240,69538957,36,36,23,0,0,49,55,1,0,-11542,-11641,0,0,0,1,0,2779054081,0
0,1,-63,12826760,12826759,1,0,0,0,0,2,-11600,-11808,0,0,0,0,2097141,0,0,0,11777,11805,0,1,7025000,210408548,69538957,36,36,23,0,0,49,55,1,0,-11604,11851,0,0,0,1,0,2779054081,0
0,1,-62,12826761,12826760,1,0,0,0,0,3,-11600,-11808,0,0,0,0,2097141,-11792,-11506,1,11722,11659,0,0,0,194494252,69538957,37,37,23,0,0,49,55,1,0,-11604,11851,0,0,0,1,0,2779054081,0
0,1,-61,12826762,12826761,1,1,1,0,0,0,-11600,-11808,1,-13130,10432,1,2097141,0,0,0,11722,11659,0,0,0,194494252,69538957,37,37,23,0,0,50,55,1,0,-11604,11851,1,0,0,1,0,2779054081,0
0,1,-60,12826763,12826762,1,0,0,0,0,1,-11600,-11808,0,0,0,0,2097141,0,0,0,11722,11659,1,0,0,194494252,69538957,37,37,23,0,0,50,55,1,0,-11604,11851,0,0,0,1,0,2779054081,0
0,1,-59,12826764,12826763,1,0,0,0,0,2,-11612,11552,0,0,0,0,2097141,0,0,0,11722,11659,0,1,3798962,210802061,69538957,37,37,23,0,0,50,55,1,0,-11491,-11810,0,0,0,1,0,2779054081,0
0,1,-58,12826765,12826764,1,0,0,0,0,3,-11612,11552,0,0,0,0,2097141,-11719,-11849,1,-11720,-11754,0,0,0,194500649,69538957,38,38,23,0,0,50,55,1,0,-11491,-11810,0,0,0,1,0,2779054081,0
0,1,-57,12826766,12826765,1,1,1,0,0,0,-11612,11552,1,13293,-10519,1,2097141,0,0,0,-11720,-11754,0,0,0,194500649,69538957,38,38,23,0,0,51,55,1,0,-11491,-11810,1,0,0,1,0,2779054081,0
0,1,-56,12826767,12826766,1,0,0,0,0,1,-11612,11552,0,0,0,0,2097141,0,0,0,-11720,-11754,1,0,0,194500649,69538957,38,38,23,0,0,51,55,1,0,-11491,-11810,0,0,0,1,0,2779054081,0
0,1,-55,12826768,12826767,1,0,0,0,0,2,-11556,11884,0,0,0,0,2097141,0,0,0,-11720,-11754,0,1,10517138,209909070,69538957,38,38,23,0,0,51,55,1,0,-11667,-11619,0,0,0,1,0,2779054081,0
0,1,-54,12826769,12826768,1,0,0,0,0,3,-11556,11884,0,0,0,0,2097141,11665,11705,1,-11728,-11770,0,0,0,194160642,69538957,39,39,23,0,0,51,55,1,0,-11667,-11619,0,0,0,1,0,2779054081,0
0,1,-53,12826770,12826769,1,1,1,0,0,0,-11556,11884,1,-13277,10507,1,2097141,0,0,0,-11728,-11770,0,0,0,194160642,69538957,39,39,23,0,0,52,55,1,0,-11667,-11619,1,0,0,1,0,2779054081,0
0,1,-52,12826771,12826770,1,0,0,0,0,1,-11556,11884,0,0,0,0,2097141,0,0,0,-11728,-11770,1,0,0,194160642,69538957,39,39,23,0,0,52,55,1,0,-11667,-11619,0,0,0,1,0,2779054081,0
0,1,-51,12826772,12826771,1,0,0,0,0,2,-11572,-12040,0,0,0,0,2097141,0,0,0,-11728,-11770,0,1,7084100,208870499,69538957,39,39,23,0,0,52,55,1,0,11905,11804,0,0,0,1,0,2779054081,0
0,1,-50,12826773,12826772,1,0,0,0,0,3,-11572,-12040,0,0,0,0,2097141,11829,11886,1,11970,11898,0,0,0,193071324,69538957,40,40,23,0,0,52,55,1,0,11905,11804,0,0,0,1,0,2779054081,0
0,1,-49,12826774,12826773,1,1,1,0,0,0,-11572,-12040,1,13350,-10413,1,2097141,0,0,0,11970,11898,0,0,0,193071324,69538957,40,40,23,0,0,53,55,1,0,11905,11804,1,0,0,1,0,2779054081,0
0,1,-48,12826775,12826774,1,0,0,0,0,1,-11572,-12040,0,0,0,0,2097141,0,0,0,11970,11898,1,0,0,193071324,69538957,40,40,23,0,0,53,55,1,0,11905,11804,0,0,0,1,0,2779054081,0
0,1,-47,12826776,12826775,1,0,0,0,0,2,-11628,12076,0,0,0,0,2097141,0,0,0,11970,11898,0,1,1987562,208557417,69538957,40,40,23,0,0,53,55,1,0,-11849,11505,0,0,0,1,0,2779054081,0
0,1,-46,12826777,12826776,1,0,0,0,0,3,-11628,12076,0,0,0,0,2097141,-11930,-12044,1,-11955,-11983,0,0,0,192345054,69538957,41,41,23,0,0,53,55,1,0,-11849,11505,0,0,0,1,0,2779054081,0
0,1,-45,12826778,12826777,1,1,1,0,0,0,-11628,12076,1,-10515,-12936,1,2097141,0,0,0,-11955,-11983,0,0,0,192345054,69538957,41,41,23,0,0,54,55,1,0,-11849,11505,1,0,0,1,0,2779054081,0
0,1,-44,12826779,12826778,1,0,0,0,0,1,-11628,12076,0,0,0,0,2097141,0,0,0,-11955,-11983,1,0,0,192345054,69538957,41,41,23,0,0,54,55,1,0,-11849,11505,0,0,0,1,0,2779054081,0
0,1,-43,12826780,12826779,1,0,0,0,0,2,-11572,-12096,0,0,0,0,2097141,0,0,0,-11955,-11983,0,1,12200744,208560868,69538957,41,41,23,0,0,54,55,1,0,-11455,11718,0,0,0,1,0,2779054081,0
0,1,-42,12826781,12826780,1,0,0,0,0,3,-11572,-12096,0,0,0,0,2097141,11938,12005,1,12033,11956,0,0,0,192506037,69538957,42,42,23,0,0,54,55,1,0,-11455,11718,0,0,0,1,0,2779054081,0
0,1,-41,12826782,12826781,1,1,1,0,0,0,-11572,-12096,1,-12771,10347,1,2097141,0,0,0,12033,11956,0,0,0,192506037,69538957,42,42,23,0,0,55,55,1,0,-11455,11718,1,0,0,1,0,2779054081,0
0,1,-40,12826783,12826782,1,0,0,0,0,1,-11572,-12096,0,0,0,0,2097141,0,0,0,12033,11956,1,0,0,192506037,69538957,42,42,23,0,0,55,55,1,0,-11455,11718,0,0,0,1,0,2779054081,0
0,1,-39,12826784,12826783,1,0,0,0,0,2,-11800,12100,0,0,0,0,2097141,0,0,0,12033,11956,0,1,10433525,208494029,69538957,42,42,23,0,0,55,55,1,0,-11712,-11989,0,0,0,1,0,2779054081,0
0,1,-38,12826785,12826784,1,0,0,0,0,3,-11800,12100,0,0,0,0,2097141,-11836,-12107,1,-11938,-11944,0,0,0,192389545,69538957,43,43,23,0,0,55,55,1,0,-11712,-11989,0,0,0,1,0,2779054081,0
0,1,-37,12826786,12826785,1,1,1,0,0,0,-11800,12100,1,-13051,10368,1,2097141,0,0,0,-11938,-11944,0,0,0,192389545,69538957,43,43,23,0,0,56,55,1,1,-11712,-11989,1,0,0,1,0,2779054081,0
0,1,-36,12826787,12826786,1,0,0,0,0,1,-11800,12100,0,0,0,0,2097141,0,0,0,-11938,-11944,1,0,0,192389545,69538957,43,43,23,0,0,56,55,0,0,-11712,-11989,0,0,0,1,0,2779054081,0
0,1,-35,12826788,12826787,1,0,0,0,0,2,11796,-11900,0,0,0,0,2097141,0,0,0,-11938,-11944,0,1,357965,208264615,69538957,43,43,23,0,0,56,55,0,0,11917,11982,0,0,0,1,0,2779054081,0
0,1,-34,12826789,12826788,1,0,0,0,0,3,11796,-11900,0,0,0,0,2097141,-11648,11926,1,-11552,11940,0,0,0,192608479,69538957,44,44,23,0,0,56,55,0,0,11917,11982,0,0,0,1,0,2779054081,0
0,1,-33,12826790,12826789,1,1,1,0,0,0,11796,-11900,1,13101,-10351,1,2097141,0,0,0,-11552,11940,0,0,0,192608479,69538957,44,44,23,0,0,57,55,0,0,11917,11982,1,0,0,1,0,2779054081,0
0,1,-32,12826791,12826790,1,0,0,0,0,1,11796,-11900,0,0,0,0,2097141,0,0,0,-11552,11940,1,0,0,192608479,69538957,44,44,23,0,0,57,55,0,0,11917,11982,0,0,0,1,0,2779054081,0
0,1,-31,12826792,12826791,1,0,0,0,0,2,11600,-11496,0,0,0,0,2097141,0,0,0,-11552,11940,0,1,449684,209006320,69538957,44,44,23,0,0,57,55,0,0,-11896,-12031,0,0,0,1,0,2779054081,0
0,1,-30,12826793,12826792,1,0,0,0,0,3,11600,-11496,0,0,0,0,2097141,11758,11485,1,-11545,11604,0,0,0,192987131,69538957,45,45,23,0,0,57,55,0,0,-11896,-12031,0,0,0,1,0,2779054081,0
0,1,-29,12826794,12826793,1,1,1,0,0,0,11600,-11496,1,13050,-10184,1,2097141,0,0,0,-11545,11604,0,0,0,192987131,69538957,45,45,23,0,0,58,55,0,0,-11896,-12031,1,0,0,1,0,2779054081,0
0,1,-28,12826795,12826794,1,0,0,0,0,1,11600,-11496,0,0,0,0,2097141,0,0,0,-11545,11604,1,0,0,192987131,69538957,45,45,23,0,0,58,55,0,0,-11896,-12031,0,0,0,1,0,2779054081,0
0,1,-27,12826796,12826795,1,0,0,0,0,2,11628,-11680,0,0,0,0,2097141,0,0,0,-11545,11604,0,1,5461480,208484491,69538957,45,45,23,0,0,58,55,0,0,11874,11915,0,0,0,1,0,2779054081,0
0,1,-26,12826797,12826796,1,0,0,0,0,3,11628,-11680,0,0,0,0,2097141,11793,11778,1,-11748,-11766,0,0,0,192733766,69538957,46,46,23,0,0,58,55,0,0,11874,11915,0,0,0,1,0,2779054081,0
0,1,-25,12826798,12826797,1,1,1,0,0,0,11628,-11680,1,-10158,-12850,1,2097141,0,0,0,-11748,-11766,0,0,0,192733766,69538957,46,46,23,0,0,59,55,0,0,11874,11915,1,0,0,1,0,2779054081,0
0,1,-24,12826799,12826798,1,0,0,0,0,1,11628,-11680,0,0,0,0,2097141,0,0,0,-11748,-11766,1,0,0,192733766,69538957,46,46,23,0,0,59,55,0,0,11874,11915,0,0,0,1,0,2779054081,0
0,1,-23,12826800,12826799,1,0,0,0,0,2,11760,-11544,0,0,0,0,2097141,0,0,0,-11748,-11766,0,1,479440,208600409,69538957,46,46,23,0,0,59,55,0,0,11425,-11969,0,0,0,1,0,2779054081,0
0,1,-22,12826801,12826800,1,0,0,0,0,3,11760,-11544,0,0,0,0,2097141,-11801,-11813,1,12049,-11802,0,0,0,192381164,69538957,47,47,23,0,0,59,55,0,0,11425,-11969,0,0,0,1,0,2779054081,0
0,1,-21,12826802,12826801,1,1,1,0,0,0,11760,-11544,1,-10494,-12833,1,2097141,0,0,0,12049,-11802,0,0,0,192381164,69538957,47,47,23,0,0,60,55,0,0,11425,-11969,1,0,0,1,0,2779054081,0
0,1,-20,12826803,12826802,1,0,0,0,0,1,11760,-11544,0,0,0,0,2097141,0,0,0,12049,-11802,1,0,0,192381164,69538957,47,47,23,0,0,60,55,0,0,11425,-11969,0,0,0,1,0,2779054081,0
0,1,-19,12826804,12826803,1,0,0,0,0,2,-11744,-11856,0,0,0,0,2097141,0,0,0,12049,-11802,0,1,5512313,208683563,69538957,47,47,23,0,0,60,55,0,0,11636,11787,0,0,0,1,0,2779054081,0
0,1,-18,12826805,12826804,1,0,0,0,0,3,-11744,-11856,0,0,0,0,2097141,-11634,-11777,1,-12002,11751,0,0,0,192107832,69538957,48,48,23,0,0,60,55,0,0,11636,11787,0,0,0,1,0,2779054081,0
0,1,-17,12826806,12826805,1,1,1,0,0,0,-11744,-11856,1,13278,-10130,1,2097141,0,0,0,-12002,11751,0,0,0,192107832,69538957,48,48,23,0,0,61,55,0,0,11636,11787,1,0,0,1,0,2779054081,0
0,1,-16,12826807,12826806,1,0,0,0,0,1,-11744,-11856,0,0,0,0,2097141,0,0,0,-12002,11751,1,0,0,192107832,69538957,48,48,23,0,0,61,55,0,0,11636,11787,0,0,0,1,0,2779054081,0
0,1,-15,12826808,12826807,1,0,0,0,0,2,-11788,11796,0,0,0,0,2097141,0,0,0,-12002,11751,0,1,2232826,208888662,69538957,48,48,23,0,0,61,55,0,0,11534,11594,0,0,0,1,0,2779054081,0
0,1,-14,12826809,12826808,1,0,0,0,0,3,-11788,11796,0,0,0,0,2097141,-11582,11584,1,11989,11542,0,0,0,192356015,69538957,49,49,23,0,0,61,55,0,0,11534,11594,0,0,0,1,0,2779054081,0
0,1,-13,12826810,12826809,1,1,1,0,0,0,-11788,11796,1,-10676,-12926,1,2097141,0,0,0,11989,11542,0,0,0,192356015,69538957,49,49,23,0,0,62,55,0,0,11534,11594,1,0,0,1,0,2779054081,0
0,1,-12,12826811,12826810,1,0,0,0,0,1,-11788,11796,0,0,0,0,2097141,0,0,0,11989,11542,1,0,0,192356015,69538957,49,49,23,0,0,62,55,0,0,11534,11594,0,0,0,1,0,2779054081,0
0,1,-11,12826812,12826811,1,0,0,0,0,2,11700,11500,0,0,0,0,2097141,0,0,0,11989,11542,0,1,10523585,209509001,69538957,49,49,23,0,0,62,55,0,0,11720,-11870,0,0,0,1,0,2779054081,0
0,1,-10,12826813,12826812,1,0,0,0,0,3,11700,11500,0,0,0,0,2097141,-11558,11884,1,-11944,11760,0,0,0,192974366,69538957,50,50,23,0,0,62,55,0,0,11720,-11870,0,0,0,1,0,2779054081,0
0,1,-9,12826814,12826813,1,1,1,0,0,0,11700,11500,1,13333,-10124,1,2097141,0,0,0,-11944,11760,0,0,0,192974366,69538957,50,50,23,0,0,63,55,0,0,11720,-11870,1,0,0,1,0,2779054081,0
0,1,-8,12826815,12826814,1,0,0,0,0,1,11700,11500,0,0,0,0,2097141,0,0,0,-11944,11760,1,0,0,192974366,69538957,50,50,23,0,0,63,55,0,0,11720,-11870,0,0,0,1,0,2779054081,0
0,1,-7,12826816,12826815,1,0,0,0,0,2,11740,11916,0,0,0,0,2097141,0,0,0,-11944,11760,0,1,2209824,209236677,69538957,50,50,23,0,0,63,55,0,0,-11747,11894,0,0,0,1,0,2779054081,0
0,1,-6,12826817,12826816,1,0,0,0,0,3,11740,11916,0,0,0,0,2097141,-11602,-12015,1,-11491,-11881,0,0,0,193207589,69538957,51,51,23,0,0,63,55,0,0,-11747,11894,0,0,0,1,0,2779054081,0
0,1,-5,12826818,12826817,1,1,1,0,0,0,11740,11916,1,-10680,-13100,1,2097141,0,0,0,-11491,-11881,0,0,0,193207589,69538957,51,51,23,0,0,64,55,0,0,-11747,11894,1,0,0,1,0,2779054081,0
0,1,-4,12826819,12826818,1,0,0,0,0,1,11740,11916,0,0,0,0,2097141,0,0,0,-11491,-11881,1,0,0,193207589,69538957,51,51,23,0,0,64,55,0,0,-11747,11894,0,0,1,0,0,2779054081,1
0,1,-3,12826820,12826819,1,0,0,0,0,2,-11692,-12084,0,0,0,0,2097141,0,0,0,-11491,-11881,0,1,10197185,209070354,69538957,51,51,23,0,0,64,55,0,0,0,0,0,0,0,0,0,2779054081,1
0,1,-2,12826821,12826820,1,0,0,0,0,3,-11692,-12084,0,0,0,0,2097141,-11606,12097,1,-11851,11810,0,0,0,193488249,69538957,52,52,23,0,0,64,55,0,0,0,0,0,0,0,0,0,2779054081,1
0,1,-1,12826822,12826821,1,1,0,0,0,0,-11692,-12084,0,10483,13071,1,2097141,0,0,0,-11851,11810,0,0,0,193488249,69538957,52,52,23,0,0,65,55,0,0,0,0,0,0,0,0,0,2779054081,1
0,1,0,12826823,12826822,2,0,0,0,0,1,-11692,-12084,0,0,0,0,2097141,0,0,0,-11851,11810,1,0,0,193488249,69538957,52,52,23,0,0,65,55,0,0,0,0,0,0,0,0,1,2779054081,1
0,1,1,12826824,12826823,2,0,0,0,0,2,-11692,-12084,0,0,0,0,2097141,0,0,0,-11851,11810,0,1,6796570,209293966,69538957,52,52,23,0,0,65,55,0,0,0,0,0,0,0,0,1,2779054081,1
0,1,2,12826825,12826824,2,0,0,0,0,3,-11692,-12084,0,0,0,0,2097141,-11551,-12118,1,12030,11612,0,0,0,193271179,69538957,53,53,23,0,0,65,55,0,0,0,0,0,0,0,0,1,2779054081,1
0,1,3,12826826,12826825,2,1,1,0,0,0,-11692,-12084,1,10103,12830,1,2097141,0,0,0,12030,11612,0,0,0,193271179,69538957,53,53,23,0,0,66,55,0,0,0,0,0,0,0,0,1,2779054081,1
0,1,4,12826827,12826826,2,0,0,0,0,1,-11692,-12084,0,0,0,0,2097141,0,0,0,12030,11612,1,0,0,193271179,69538957,53,53,23,0,0,66,55,0,0,0,0,0,0,0,0,1,2779054081,1
0,1,5,12826828,12826827,2,0,0,0,0,2,-11788,12020,0,0,0,0,2097141,0,0,0,12030,11612,0,1,3854210,209162901,69538957,53,53,23,0,0,66,55,0,0,0,0,0,0,0,0,1,2779054081,1
0,1,6,12826829,12826828,2,0,0,0,0,3,-11788,12020,0,0,0,0,2097141,-11788,12113,1,-12013,-11751,0,0,0,193081603,69538957,54,54,23,0,0,66,55,0,0,0,0,0,0,0,0,1,2779054081,1
0,1,7,12826830,12826829,2,1,1,0,0,0,-11788,12020,1,10283,12879,1,2097141,0,0,0,-12013,-11751,0,0,0,193081603,69538957,54,54,23,0,0,67,55,0,0,0,0,0,0,0,0,1,2779054081,1
0,1,8,12826831,12826830,2,0,0,0,0,1,-11788,12020,0,0,0,0,2097141,0,0,0,-12013,-11751,1,0,0,193081603,69538957,54,54,23,0,0,67,55,0,0,0,0,0,0,0,0,1,2779054081,1
0,1,9,12826832,12826831,2,0,0,0,0,2,11908,-12096,0,0,0,0,2097141,0,0,0,-12013,-11751,0,1,10315517,208914653,69538957,54,54,23,0,0,67,55,0,0,0,0,0,0,0,0,1,2779054081,1
0,1,10,12826833,12826832,2,0,0,0,0,3,11908,-12096,0,0,0,0,2097141,11790,-11905,1,12061,-11610,0,0,0,193108070,69538957,55,55,23,0,0,67,55,0,0,0,0,0,0,0,0,1,2779054081,1
0,1,11,12826834,12826833,2,1,1,0,0,0,11908,-12096,1,10128,12999,1,2097141,0,0,0,12061,-11610,0,0,0,193108070,69538957,55,55,23,0,0,68,55,0,0,0,0,0,0,0,0,1,2779054081,1
0,1,12,12826835,12826834,2,0,0,0,0,1,11908,-12096,0,0,0,0,2097141,0,0,0,12061,-11610,1,0,0,193108070,69538957,55,55,23,0,0,68,55,0,0,0,0,0,0,0,0,1,2779054081,1
0,1,13,12826836,12826835,2,0,0,0,0,2,-11732,11912,0,0,0,0,2097141,0,0,0,12061,-11610,0,1,6878880,208287069,69538957,55,55,23,0,0,68,55,0,0,0,0,0,0,0,0,1,2779054081,1
0,1,14,12826837,12826836,2,0,0,0,0,3,-11732,11912,0,0,0,0,2097141,11616,-11479,1,-12069,-11622,0,0,0,192810169,69538957,56,56,23,0,0,68,55,0,0,0,0,0,0,0,0,1,2779054081,1
0,1,15,12826838,12826837,2,1,1,0,0,0,-11732,11912,1,13117,-10317,1,2097141,0,0,0,-12069,-11622,0,0,0,192810169,69538957,56,56,23,0,0,69,55,0,0,0,0,0,0,0,0,1,2779054081,1
0,1,16,12826839,12826838,2,0,0,0,0,1,-11732,11912,0,0,0,0,2097141,0,0,0,-12069,-11622,1,0,0,192810169,69538957,56,56,23,0,0,69,55,0,0,0,0,0,0,0,0,1,2779054081,1
0,1,17,12826840,12826839,2,0,0,0,0,2,-11804,11456,0,0,0,0,2097141,0,0,0,-12069,-11622,0,1,3791133,208481878,69538957,56,56,23,0,0,69,55,0,0,0,0,0,0,0,0,1,2779054081,1
0,1,18,12826841,12826840,2,0,0,0,0,3,-11804,11456,0,0,0,0,2097141,11658,-11649,1,12003,-11556,0,0,0,192630933,69538957,57,57,23,0,0,69,55,0,0,0,0,0,0,0,0,1,2779054081,1
0,1,19,12826842,12826841,2,1,1,0,0,0,-11804,11456,1,-10375,-13057,1,2097141,0,0,0,12003,-11556,0,0,0,192630933,69538957,57,57,23,0,0,70,55,0,0,0,0,0,0,0,0,1,2779054081,1
0,1,20,12826843,12826842,2,0,0,0,0,1,-11804,11456,0,0,0,0,2097141,0,0,0,12003,-11556,1,0,0,192630933,69538957,57,57,23,0,0,70,55,0,0,0,0,0,0,0,0,1,2779054081,1
0,1,21,12826844,12826843,2,0,0,0,0,2,12016,11860,0,0,0,0,2097141,0,0,0,12003,-11556,0,1,15131458,208552988,69538957,57,57,23,0,0,70,55,0,0,0,0,0,0,0,0,1,2779054081,1
0,1,22,12826845,12826844,2,0,0,0,0,3,12016,11860,0,0,0,0,2097141,11763,-11540,1,-11952,-11591,0,0,0,192462689,69538957,58,58,23,0,0,70,55,0,0,0,0,0,0,0,0,1,2779054081,1
0,1,23,12826846,12826845,2,1,1,0,0,0,12016,11860,1,-12758,10311,1,2097141,0,0,0,-11952,-11591,0,0,0,192462689,69538957,58,58,23,0,0,71,55,0,0,0,0,0,0,0,0,1,2779054081,1
0,1,24,12826847,12826846,2,0,0,0,0,1,12016,11860,0,0,0,0,2097141,0,0,0,-11952,-11591,1,0,0,192462689,69538957,58,58,23,0,0,71,55,0,0,0,0,0,0,0,0,1,2779054081,1
0,1,25,12826848,12826847,2,0,0,0,0,2,-12088,-12024,0,0,0,0,2097141,0,0,0,-11952,-11591,0,1,2012837,209011957,69538957,58,58,23,0,0,71,55,0,0,0,0,0,0,0,0,1,2779054081,1
0,1,26,12826849,12826848,2,0,0,0,0,3,-12088,-12024,0,0,0,0,2097141,-11723,-11878,1,11856,-11623,0,0,0,192802263,69538957,59,59,23,0,0,71,55,0,0,0,0,0,0,0,0,1,2779054081,1
0,1,27,12826850,12826849,2,1,1,0,0,0,-12088,-12024,1,-13177,10304,1,2097141,0,0,0,11856,-11623,0,0,0,192802263,69538957,59,59,23,0,0,72,55,0,0,0,0,0,0,0,0,1,2779054081,1
0,1,28,12826851,12826850,2,0,0,0,0,1,-12088,-12024,0,0,0,0,2097141,0,0,0,11856,-11623,1,0,0,192802263,69538957,59,59,23,0,0,72,55,0,0,0,0,0,0,0,0,1,2779054081,1
0,1,29,12826852,12826851,2,0,0,0,0,2,12112,11740,0,0,0,0,2097141,0,0,0,11856,-11623,0,1,5373585,208958275,69538957,59,59,23,0,0,72,55,0,0,0,0,0,0,0,0,1,2779054081,1
0,1,30,12826853,12826852,2,0,0,0,0,3,12112,11740,0,0,0,0,2097141,-11816,11768,1,11709,-11601,0,0,0,192792712,69538957,60,60,23,0,0,72,55,0,0,0,0,0,0,0,0,1,2779054081,1
0,1,31,12826854,12826853,2,1,1,0,0,0,12112,11740,1,0,0,0,2097141,0,0,0,11709,-11601,0,0,0,192792712,69538957,60,60,23,0,0,73,55,0,0,0,0,0,0,0,0,1,2779054081,1
0,1,32,12826855,12826854,2,0,0,0,0,1,12112,11740,0,0,0,0,2097141,0,0,0,11709,-11601,1,0,0,192792712,69538957,60,60,23,0,0,73,55,0,0,0,0,0,0,0,0,1,2779054081,1
0,1,33,12826856,12826855,2,0,0,0,0,2,-12068,11524,0,0,0,0,2097141,0,0,0,11709,-11601,0,1,1930805,208860157,69538957,60,60,23,0,0,73,55,0,0,0,0,0,0,0,0,1,2779054081,1
0,1,34,12826857,12826856,2,0,0,0,0,3,-12068,11524,0,0,0,0,2097141,11680,11517,1,-11898,-11772,0,0,0,192382544,69538957,61,61,23,0,0,73,55,0,0,0,0,0,0,0,0,1,2779054081,1
0,1,35,12826858,12826857,2,1,1,0,0,0,-12068,11524,1,13339,-10239,1,2097141,0,0,0,-11898,-11772,0,0,0,192382544,69538957,61,61,23,0,0,74,55,0,0,0,0,0,0,0,0,1,2779054081,1
0,1,36,12826859,12826858,2,0,0,0,0,1,-12068,11524,0,0,0,0,2097141,0,0,0,-11898,-11772,1,0,0,192382544,69538957,61,61,23,0,0,74,55,0,0,0,0,0,0,0,0,1,2779054081,1
0,1,37,12826860,12826859,2,0,0,0,0,2,11972,11592,0,0,0,0,2097141,0,0,0,-11898,-11772,0,1,7180105,208519697,69538957,61,61,23,0,0,74,55,0,0,0,0,0,0,0,0,1,2779054081,1
0,1,38,12826861,12826860,2,0,0,0,0,3,11972,11592,0,0,0,0,2097141,11707,11947,1,11889,11777,0,0,0,192327510,69538957,62,62,23,0,0,74,55,0,0,0,0,0,0,0,0,1,2779054081,1
0,1,39,12826862,12826861,2,1,1,0,0,0,11972,11592,1,-10598,-13083,1,2097141,0,0,0,11889,11777,0,0,0,192327510,69538957,62,62,23,0,0,75,55,0,0,0,0,0,0,0,0,1,2779054081,1
0,1,40,12826863,12826862,2,0,0,0,0,1,11972,11592,0,0,0,0,2097141,0,0,0,11889,11777,1,0,0,192327510,69538957,62,62,23,0,0,75,55,0,0,0,0,0,0,0,0,1,2779054081,1
0,1,41,12826864,12826863,2,0,0,0,0,2,-11848,11636,0,0,0,0,2097141,0,0,0,11889,11777,0,1,15477625,207367780,69538957,62,62,23,0,0,75,55,0,0,0,0,0,0,0,0,1,2779054081,1
0,1,42,12826865,12826864,2,0,0,0,0,3,-11848,11636,0,0,0,0,2097141,0,0,0,-11857,11675,0,0,0,191985062,69538957,63,63,23,0,0,75,55,0,0,0,0,0,0,0,0,1,2779054081,1
0,1,43,12826866,12826865,2,1,1,0,0,0,-11848,11636,1,10660,13209,1,2097141,0,0,0,-11857,11675,0,0,0,191985062,69538957,63,63,23,0,0,76,55,0,0,0,0,0,0,0,0,1,2779054081,1
0,1,44,12826867,12826866,2,0,0,0,0,1,-11848,11636,0,0,0,0,2097141,0,0,0,-11857,11675,1,0,0,191985062,69538957,63,63,23,0,0,76,55,0,0,0,0,0,0,0,0,1,2779054081,1
0,1,45,12826868,12826867,2,0,0,0,0,2,-11684,11488,0,0,0,0,2097141,0,0,0,-11857,11675,0,1,5369225,207004568,69538957,63,63,23,0,0,76,55,0,0,0,0,0,0,0,0,1,2779054081,1
0,1,46,12826869,12826868,2,0,0,0,0,3,-11684,11488,0,0,0,0,2097141,-11708,-12071,1,-11771,-11663,0,0,0,191338692,69538957,64,64,23,0,0,76,55,0,0,0,0,0,0,0,0,1,2779054081,1
0,1,47,12826870,12826869,2,1,1,0,0,0,-11684,11488,1,-10497,-13015,1,2097141,0,0,0,-11771,-11663,0,0,0,191338692,69538957,64,64,23,0,0,77,55,0,0,0,0,0,0,0,0,1,2779054081,1
0,1,48,12826871,12826870,2,0,0,0,0,1,-11684,11488,0,0,0,0,2097141,0,0,0,-11771,-11663,1,0,0,191338692,69538957,64,64,23,0,0,77,55,0,0,0,0,0,0,0,0,1,2779054081,1
0,1,49,12826872,12826871,2,0,0,0,0,2,11584,11924,0,0,0,0,2097141,0,0,0,-11771,-11663,0,1,1940665,207084394,69538957,64,64,23,0,0,77,55,0,0,0,0,0,0,0,0,1,2779054081,1
0,1,50,12826873,12826872,2,0,0,0,0,3,11584,11924,0,0,0,0,2097141,-11822,11989,1,11737,-11823,0,0,0,191422463,69538957,65,65,23,0,0,77,55,0,0,0,0,0,0,0,0,1,2779054081,1
0,1,51,12826874,12826873,2,1,1,0,0,0,11584,11924,1,-10036,-13034,1,2097141,0,0,0,11737,-11823,0,0,0,191422463,69538957,65,65,23,0,0,78,55,0,0,-11541,11899,1,1,0,1,1,2779054081,0
0,1,52,12826875,12826874,2,0,0,0,0,1,11584,11924,0,0,0,0,2097141,0,0,0,11737,-11823,1,0,0,191422463,69538957,65,65,23,0,0,78,55,0,0,-11541,11899,0,0,0,1,1,2779054081,0
0,1,53,12826876,12826875,2,0,0,0,0,2,11996,-12080,0,0,0,0,2097141,0,0,0,11737,-11823,0,0,0,207125892,69538957,65,65,23,0,0,78,55,0,0,-11533,11564,0,0,0,1,1,2779054081,0
0,1,54,12826877,12826876,2,0,0,0,0,3,11996,-12080,0,0,0,0,2097141,11939,-12065,1,11587,11830,0,0,0,191061607,69538957,65,65,23,0,0,78,55,0,0,-11533,11564,0,0,0,1,1,2779054081,0
0,1,55,12826878,12826877,2,1,1,0,0,0,11996,-12080,1,-13152,10584,1,2097141,0,0,0,11587,11830,0,0,0,191061607,69538957,65,65,23,0,0,79,55,0,0,-11533,11564,1,0,0,1,1,2779054081,0
0,1,56,12826879,12826878,2,0,0,0,0,1,11996,-12080,0,0,0,0,2097141,0,0,0,11587,11830,1,0,0,191061607,69538957,65,65,23,0,0,79,55,0,0,-11533,11564,0,0,0,1,1,2779054081,0
0,1,57,12826880,12826879,2,0,0,0,0,2,-12016,12064,0,0,0,0,2097141,0,0,0,11587,11830,0,1,2051930,207085119,69538957,65,65,23,0,0,79,55,0,0,-11710,-11755,0,0,0,1,1,2779054081,0
0,1,58,12826881,12826880,2,0,0,0,0,3,-12016,12064,0,0,0,0,2097141,-11725,11922,1,11787,-11786,0,0,0,191044594,69538957,66,66,23,0,0,79,55,0,0,-11710,-11755,0,0,0,1,1,2779054081,0
0,1,59,12826882,12826881,2,1,1,0,0,0,-12016,12064,1,13324,-10640,1,2097141,0,0,0,11787,-11786,0,0,0,191044594,69538957,66,66,23,0,0,80,55,0,0,-11710,-11755,1,0,0,1,1,2779054081,0
0,1,60,12826883,12826882,2,0,0,0,0,1,-12016,12064,0,0,0,0,2097141,0,0,0,11787,-11786,1,0,0,191044594,69538957,66,66,23,0,0,80,55,0,0,-11710,-11755,0,0,0,1,1,2779054081,0
0,1,61,12826884,12826883,2,0,0,0,0,2,11988,-12116,0,0,0,0,2097141,0,0,0,11787,-11786,0,1,388138,206797651,69538957,66,66,23,0,0,80,55,0,0,12035,-11765,0,0,0,1,1,2779054081,0
0,1,62,12826885,12826884,2,0,0,0,0,3,11988,-12116,0,0,0,0,2097141,-11779,11484,1,-11762,-11780,0,0,0,191278536,69538957,67,67,23,0,0,80,55,0,0,12035,-11765,0,0,0,1,1,2779054081,0
0,1,63,12826886,12826885,2,1,1,0,0,0,11988,-12116,1,-13049,10688,1,2097141,0,0,0,-11762,-11780,0,0,0,191278536,69538957,67,67,23,0,0,81,55,0,0,12035,-11765,1,0,0,1,1,2779054081,0
0,1,64,12826887,12826886,2,0,0,0,0,1,11988,-12116,0,0,0,0,2097141,0,0,0,-11762,-11780,1,0,0,191278536,69538957,67,67,23,0,0,81,55,0,0,12035,-11765,0,0,0,1,1,2779054081,0
1,0,-64,13171963,13171962,1,0,0,0,0,1,-11872,11656,0,0,0,0,2097140,0,0,0,11678,11722,1,0,0,191779326,0,5,5,23,0,0,17,23,1,0,-11509,-11754,0,0,0,1,1,2779054081,0
1,0,-63,13171964,13171963,1,0,0,0,0,2,-11524,-11760,0,0,0,0,2097140,0,0,0,11678,11722,0,1,5428154,206900363,0,5,5,23,0,0,17,23,1,0,-11634,11799,0,0,0,1,1,2779054081,0
1,0,-62,13171965,13171964,1,1,0,0,0,3,-11524,-11760,0,0,0,0,2097140,-11508,11975,1,11746,11783,0,0,0,191076727,0,6,6,23,0,0,17,23,1,0,-11634,11799,0,0,0,1,1,2779054081,0
1,0,-61,13171966,13171965,2,0,1,0,0,0,-11524,-11760,1,-15304,-6710,1,2097140,0,0,0,11746,11783,0,0,0,191076727,0,6,6,23,0,0,18,23,1,0,-11634,11799,1,0,0,1,1,2779054081,0
1,0,-60,13171967,13171966,1,0,0,0,0,1,-11524,-11760,0,0,0,0,2097140,0,0,0,11746,11783,1,0,0,191076727,0,6,6,23,0,0,18,23,1,0,-11634,11799,0,0,0,1,1,2779054081,0
1,0,-59,13171968,13171967,1,0,0,0,0,2,-11780,-11624,0,0,0,0,2097140,0,0,0,11746,11783,0,1,33641369,206237074,0,6,6,23,0,0,18,23,1,0,-11485,-11659,0,0,0,1,1,2779054081,0
1,0,-58,13171969,13171968,1,1,0,0,0,3,-11780,-11624,0,0,0,0,2097140,-11750,11549,1,-11645,-11635,0,0,0,190261800,0,7,7,23,0,0,18,23,1,0,-11485,-11659,0,0,0,1,1,2779054081,0
1,0,-57,13171970,13171969,2,0,1,0,0,0,-11780,-11624,1,15248,6863,1,2097140,0,0,0,-11645,-11635,0,0,0,190261800,0,7,7,23,0,0,19,23,1,0,-11485,-11659,1,0,0,1,1,2779054081,0
1,0,-56,13171971,13171970,1,0,0,0,0,1,-11780,-11624,0,0,0,0,2097140,0,0,0,-11645,-11635,1,0,0,190261800,0,7,7,23,0,0,19,23,1,0,-11485,-11659,0,0,0,1,1,2779054081,0
1,0,-55,13171972,13171971,1,0,0,0,0,2,11960,-11560,0,0,0,0,2097140,0,0,0,-11645,-11635,0,1,531441,206258565,0,7,7,23,0,0,19,23,1,0,-11734,-11747,0,0,0,1,1,2779054081,0
1,0,-54,13171973,13171972,1,1,0,0,0,3,11960,-11560,0,0,0,0,2097140,11891,-11797,1,-11884,-11819,0,0,0,190241169,0,8,8,23,0,0,19,23,1,0,-11734,-11747,0,0,0,1,1,2779054081,0
1,0,-53,13171974,13171973,2,0,1,0,0,0,11960,-11560,1,6602,-15117,1,2097140,0,0,0,-11884,-11819,0,0,0,190241169,0,8,8,23,0,0,20,23,1,0,-11734,-11747,1,0,0,1,1,2779054081,0
1,0,-52,13171975,13171974,1,0,0,0,0,1,11960,-11560,0,0,0,0,2097140,0,0,0,-11884,-11819,1,0,0,190241169,0,8,8,23,0,0,20,23,1,0,-11734,-11747,0,0,0,1,1,2779054081,0
1,0,-51,13171976,13171975,1,0,0,0,0,2,-11800,-11836,0,0,0,0,2097140,0,0,0,-11884,-11819,0,1,440945,206848147,0,8,8,23,0,0,20,23,1,0,11907,11691,0,0,0,1,1,2779054081,0
1,0,-50,13171977,13171976,1,1,0,0,0,3,-11800,-11836,0,0,0,0,2097140,11835,-11796,1,11942,11987,0,0,0,190235371,0,9,9,23,0,0,20,23,1,0,11907,11691,0,0,0,1,1,2779054081,0
1,0,-49,13171978,13171977,2,0,1,0,0,0,-11800,-11836,1,6506,-15110,1,2097140,0,0,0,11942,11987,0,0,0,190235371,0,9,9,23,0,0,21,23,1,0,11907,11691,1,0,0,1,1,2779054081,0
1,0,-48,13171979,13171978,1,0,0,0,0,1,-11800,-11836,0,0,0,0,2097140,0,0,0,11942,11987,1,0,0,190235371,0,9,9,23,0,0,21,23,1,0,11907,11691,0,0,0,1,1,2779054081,0
1,0,-47,13171980,13171979,1,0,0,0,0,2,-11736,12020,0,0,0,0,2097140,0,0,0,11942,11987,0,1,1978250,208017866,0,9,9,23,0,0,21,23,1,0,-11790,11455,0,0,0,1,1,2779054081,0
1,0,-46,13171981,13171980,1,1,0,0,0,3,-11736,12020,0,0,0,0,2097140,-11919,11729,1,-11960,-11999,0,0,0,191288559,0,10,10,23,0,0,21,23,1,0,-11790,11455,0,0,0,1,1,2779054081,0
1,0,-45,13171982,13171981,2,0,1,0,0,0,-11736,12020,1,15209,6853,1,2097140,0,0,0,-11960,-11999,0,0,0,191288559,0,10,10,23,0,0,22,23,1,0,-11790,11455,1,0,0,1,1,2779054081,0
1,0,-44,13171983,13171982,1,0,0,0,0,1,-11736,12020,0,0,0,0,2097140,0,0,0,-11960,-11999,1,0,0,191288559,0,10,10,23,0,0,22,23,1,0,-11790,11455,0,0,0,1,1,2779054081,0
1,0,-43,13171984,13171983,1,0,0,0,0,2,11944,-12040,0,0,0,0,2097140,0,0,0,-11960,-11999,0,1,3690242,208585914,0,10,10,23,0,0,22,23,1,0,-11437,11809,0,0,0,1,1,2779054081,0
1,0,-42,13171985,13171984,1,1,0,0,0,3,11944,-12040,0,0,0,0,2097140,11674,11654,1,12031,11976,0,0,0,191753726,0,11,11,23,0,0,22,23,1,0,-11437,11809,0,0,0,1,1,2779054081,0
1,0,-41,13171986,13171985,2,0,1,0,0,0,11944,-12040,1,-15464,-6726,1,2097140,0,0,0,12031,11976,0,0,0,191753726,0,11,11,23,0,0,23,23,1,0,-11437,11809,1,0,0,1,1,2779054081,0
1,0,-40,13171987,13171986,1,0,0,0,0,1,11944,-12040,0,0,0,0,2097140,0,0,0,12031,11976,1,0,0,191753726,0,11,11,23,0,0,23,23,1,0,-11437,11809,0,0,0,1,1,2779054081,0
1,0,-39,13171988,13171987,1,0,0,0,0,2,-11936,11940,0,0,0,0,2097140,0,0,0,12031,11976,0,1,461041,208938902,0,11,11,23,0,0,23,23,1,0,-11863,-11962,0,0,0,1,1,2779054081,0
1,0,-38,13171989,13171988,1,1,0,0,0,3,-11936,11940,0,0,0,0,2097140,11693,11571,1,-11847,-11960,0,0,0,192227756,0,12,12,23,0,0,23,23,1,0,-11863,-11962,0,0,0,1,1,2779054081,0
1,0,-37,13171990,13171989,2,0,1,0,0,0,-11936,11940,1,6855,-15173,1,2097140,0,0,0,-11847,-11960,0,0,0,192227756,0,12,12,23,0,0,24,23,1,1,-11863,-11962,1,0,0,1,1,2779054081,0
1,0,-36,13171991,13171990,1,0,0,0,0,1,-11936,11940,0,0,0,0,2097140,0,0,0,-11847,-11960,1,0,0,192227756,0,12,12,23,0,0,24,23,0,0,-11863,-11962,0,0,0,1,1,2779054081,0
1,0,-35,13171992,13171991,1,0,0,0,0,2,-11516,11472,0,0,0,0,2097140,0,0,0,-11847,-11960,0,1,10297690,209029609,0,12,12,23,0,0,24,23,0,0,11930,11924,0,0,0,1,1,2779054081,0
1,0,-34,13171993,13171992,1,1,0,0,0,3,-11516,11472,0,0,0,0,2097140,-11872,11719,1,-11567,11849,0,0,0,193119955,0,13,13,23,0,0,24,23,0,0,11930,11924,0,0,0,1,1,2779054081,0
1,0,-33,13171994,13171993,2,0,1,0,0,0,-11516,11472,1,15166,6839,1,2097140,0,0,0,-11567,11849,0,0,0,193119955,0,13,13,23,0,0,25,23,0,0,11930,11924,1,0,0,1,1,2779054081,0
1,0,-32,13171995,13171994,1,0,0,0,0,1,-11516,11472,0,0,0,0,2097140,0,0,0,-11567,11849,1,0,0,193119955,0,13,13,23,0,0,25,23,0,0,11930,11924,0,0,0,1,1,2779054081,0
1,0,-31,13171996,13171995,1,0,0,0,0,2,-11800,11684,0,0,0,0,2097140,0,0,0,-11567,11849,0,1,411044,209265027,0,13,13,23,0,0,25,23,0,0,-11946,-11994,0,0,0,1,1,2779054081,0
1,0,-30,13171997,13171996,1,1,0,0,0,3,-11800,11684,0,0,0,0,2097140,11881,-11967,1,-11594,11645,0,0,0,193608741,0,14,14,23,0,0,25,23,0,0,-11946,-11994,0,0,0,1,1,2779054081,0
1,0,-29,13171998,13171997,2,0,1,0,0,0,-11800,11684,1,-6784,15002,1,2097140,0,0,0,-11594,11645,0,0,0,193608741,0,14,14,23,0,0,26,23,0,0,-11946,-11994,1,0,0,1,1,2779054081,0
1,0,-28,13171999,13171998,1,0,0,0,0,1,-11800,11684,0,0,0,0,2097140,0,0,0,-11594,11645,1,0,0,193608741,0,14,14,23,0,0,26,23,0,0,-11946,-11994,0,0,0,1,1,2779054081,0
1,0,-27,13172000,13171999,1,0,0,0,0,2,11856,11488,0,0,0,0,2097140,0,0,0,-11594,11645,0,1,2029025,209769528,0,14,14,23,0,0,26,23,0,0,11779,11932,0,0,0,1,1,2779054081,0
1,0,-26,13172001,13172000,1,1,0,0,0,3,11856,11488,0,0,0,0,2097140,11656,11888,1,-11831,-11724,0,0,0,193587033,0,15,15,23,0,0,26,23,0,0,11779,11932,0,0,0,1,1,2779054081,0
1,0,-25,13172002,13172001,2,0,1,0,0,0,11856,11488,1,-6564,15191,1,2097140,0,0,0,-11831,-11724,0,0,0,193587033,0,15,15,23,0,0,27,23,0,0,11779,11932,1,0,0,1,1,2779054081,0
1,0,-24,13172003,13172002,1,0,0,0,0,1,11856,11488,0,0,0,0,2097140,0,0,0,-11831,-11724,1,0,0,193587033,0,15,15,23,0,0,27,23,0,0,11779,11932,0,0,0,1,1,2779054081,0
1,0,-23,13172004,13172003,1,0,0,0,0,2,11548,11720,0,0,0,0,2097140,0,0,0,-11831,-11724,0,1,417485,210431848,0,15,15,23,0,0,27,23,0,0,11493,-11854,0,0,0,1,1,2779054081,0
1,0,-22,13172005,13172004,1,1,0,0,0,3,11548,11720,0,0,0,0,2097140,-11880,11647,1,11964,-11908,0,0,0,194327348,0,16,16,23,0,0,27,23,0,0,11493,-11854,0,0,0,1,1,2779054081,0
1,0,-21,13172006,13172005,2,0,1,0,0,0,11548,11720,1,-15108,-6958,1,2097140,0,0,0,11964,-11908,0,0,0,194327348,0,16,16,23,0,0,28,23,0,0,11493,-11854,1,0,0,1,1,2779054081,0
1,0,-20,13172007,13172006,1,0,0,0,0,1,11548,11720,0,0,0,0,2097140,0,0,0,11964,-11908,1,0,0,194327348,0,16,16,23,0,0,28,23,0,0,11493,-11854,0,0,0,1,1,2779054081,0
1,0,-19,13172008,13172007,1,0,0,0,0,2,11608,-11988,0,0,0,0,2097140,0,0,0,11964,-11908,0,1,2019940,210813735,0,16,16,23,0,0,28,23,0,0,11603,11693,0,0,0,1,1,2779054081,0
1,0,-18,13172009,13172008,1,1,0,0,0,3,11608,-11988,0,0,0,0,2097140,-11538,-11747,1,-11997,11579,0,0,0,194685059,0,17,17,23,0,0,28,23,0,0,11603,11693,0,0,0,1,1,2779054081,0
1,0,-17,13172010,13172009,2,0,1,0,0,0,11608,-11988,1,-6755,15286,1,2097140,0,0,0,-11997,11579,0,0,0,194685059,0,17,17,23,0,0,29,23,0,0,11603,11693,1,0,0,1,1,2779054081,0
1,0,-16,13172011,13172010,1,0,0,0,0,1,11608,-11988,0,0,0,0,2097140,0,0,0,-11997,11579,1,0,0,194685059,0,17,17,23,0,0,29,23,0,0,11603,11693,0,0,0,1,1,2779054081,0
1,0,-15,13172012,13172011,1,0,0,0,0,2,11620,11772,0,0,0,0,2097140,0,0,0,-11997,11579,0,1,5244565,210377462,0,17,17,23,0,0,29,23,0,0,11513,11718,0,0,0,1,1,2779054081,0
1,0,-14,13172013,13172012,1,1,0,0,0,3,11620,11772,0,0,0,0,2097140,-11748,-11655,1,11969,11649,0,0,0,194683334,0,18,18,23,0,0,29,23,0,0,11513,11718,0,0,0,1,1,2779054081,0
1,0,-13,13172014,13172013,2,0,1,0,0,0,11620,11772,1,15456,6581,1,2097140,0,0,0,11969,11649,0,0,0,194683334,0,18,18,23,0,0,30,23,0,0,11513,11718,1,0,0,1,1,2779054081,0
1,0,-12,13172015,13172014,1,0,0,0,0,1,11620,11772,0,0,0,0,2097140,0,0,0,11969,11649,1,0,0,194683334,0,18,18,23,0,0,30,23,0,0,11513,11718,0,0,0,1,1,2779054081,0
1,0,-11,13172016,13172015,1,0,0,0,0,2,11560,11672,0,0,0,0,2097140,0,0,0,11969,11649,0,1,1983386,210162377,0,18,18,23,0,0,30,23,0,0,11778,-11866,0,0,0,1,1,2779054081,0
1,0,-10,13172017,13172016,1,1,0,0,0,3,11560,11672,0,0,0,0,2097140,11968,-11551,1,-11901,11572,0,0,0,194553826,0,19,19,23,0,0,30,23,0,0,11778,-11866,0,0,0,1,1,2779054081,0
1,0,-9,13172018,13172017,2,0,1,0,0,0,11560,11672,1,-15550,-6769,1,2097140,0,0,0,-11901,11572,0,0,0,194553826,0,19,19,23,0,0,31,23,0,0,11778,-11866,1,0,0,1,1,2779054081,0
1,0,-8,13172019,13172018,1,0,0,0,0,1,11560,11672,0,0,0,0,2097140,0,0,0,-11901,11572,1,0,0,194553826,0,19,19,23,0,0,31,23,0,0,11778,-11866,0,0,0,1,1,2779054081,0
1,0,-7,13172020,13172019,1,0,0,0,0,2,11676,-11788,0,0,0,0,2097140,0,0,0,-11901,11572,0,1,395677,210237761,0,19,19,23,0,0,31,23,0,0,-11591,11828,0,0,0,1,1,2779054081,0
1,0,-6,13172021,13172020,1,1,0,0,0,3,11676,-11788,0,0,0,0,2097140,-11763,-11872,1,11755,11857,0,0,0,194187103,0,20,20,23,0,0,31,23,0,0,-11591,11828,0,0,0,1,1,2779054081,0
1,0,-5,13172022,13172021,2,0,1,0,0,0,11676,-11788,1,15454,6796,1,2097140,0,0,0,11755,11857,0,0,0,194187103,0,20,20,23,0,0,32,23,0,0,-11591,11828,1,0,0,1,1,2779054081,0
1,0,-4,13172023,13172022,1,0,0,0,0,1,11676,-11788,0,0,0,0,2097140,0,0,0,11755,11857,1,0,0,194187103,0,20,20,23,0,0,32,23,0,0,-11591,11828,0,0,1,0,1,2779054081,1
1,0,-3,13172024,13172023,1,0,0,0,0,2,-11820,-11624,0,0,0,0,2097140,0,0,0,11755,11857,0,1,430345,210622162,0,20,20,23,0,0,32,23,0,0,0,0,0,0,0,0,1,2779054081,1
1,0,-2,13172025,13172024,1,1,0,0,0,3,-11820,-11624,0,0,0,0,2097140,-11754,12002,1,11747,-11989,0,0,0,194220365,0,21,21,23,0,0,32,23,0,0,0,0,0,0,0,0,1,2779054081,1
1,0,-1,13172026,13172025,2,0,1,0,0,0,-11820,-11624,1,14865,6574,1,2097140,0,0,0,11747,-11989,0,0,0,194220365,0,21,21,23,0,0,33,23,0,0,0,0,0,0,0,0,1,2779054081,1
1,0,0,13172027,13172026,1,0,0,0,0,1,-11820,-11624,0,0,0,0,2097140,0,0,0,11747,-11989,1,0,0,194220365,0,21,21,23,0,0,33,23,0,0,0,0,0,0,0,0,1,2779054081,1
1,0,1,13172028,13172027,1,0,0,0,0,2,-11760,-11640,0,0,0,0,2097140,0,0,0,11747,-11989,0,1,436930,209997032,0,21,21,23,0,0,33,23,0,0,0,0,0,0,0,0,1,2779054081,1
1,0,2,13172029,13172028,1,1,0,0,0,3,-11760,-11640,0,0,0,0,2097140,11912,-12072,1,-11932,11928,0,0,0,194009386,0,22,22,23,0,0,33,23,0,0,0,0,0,0,0,0,1,2779054081,1
1,0,3,13172030,13172029,2,0,1,0,0,0,-11760,-11640,1,15166,6762,1,2097140,0,0,0,-11932,11928,0,0,0,194009386,0,22,22,23,0,0,34,23,0,0,0,0,0,0,0,0,1,2779054081,1
1,0,4,13172031,13172030,1,0,0,0,0,1,-11760,-11640,0,0,0,0,2097140,0,0,0,-11932,11928,1,0,0,194009386,0,22,22,23,0,0,34,23,0,0,0,0,0,0,0,0,1,2779054081,1
1,0,5,13172032,13172031,1,0,0,0,0,2,11928,-11672,0,0,0,0,2097140,0,0,0,-11932,11928,0,1,416210,209232307,0,22,22,23,0,0,34,23,0,0,0,0,0,0,0,0,1,2779054081,1
1,0,6,13172033,13172032,1,1,0,0,0,3,11928,-11672,0,0,0,0,2097140,-11931,11945,1,11659,-12001,0,0,0,193267725,0,23,23,23,0,0,34,23,0,0,0,0,0,0,0,0,1,2779054081,1
1,0,7,13172034,13172033,2,0,1,0,0,0,11928,-11672,1,6416,-15213,1,2097140,0,0,0,11659,-12001,0,0,0,193267725,0,23,23,23,0,0,35,23,0,0,0,0,0,0,0,0,1,2779054081,1
1,0,8,13172035,13172034,1,0,0,0,0,1,11928,-11672,0,0,0,0,2097140,0,0,0,11659,-12001,1,0,0,193267725,0,23,23,23,0,0,35,23,0,0,0,0,0,0,0,0,1,2779054081,1
1,0,9,13172036,13172035,1,0,0,0,0,2,-11964,11784,0,0,0,0,2097140,0,0,0,11659,-12001,0,1,69639089,208037691,0,23,23,23,1,0,35,23,0,0,0,0,0,0,0,0,1,2779054081,1
1,0,10,13172037,13172036,1,1,0,0,0,3,-11964,11784,0,0,0,0,2097140,-11523,11463,1,11496,11764,0,0,0,192400119,69639089,24,24,23,0,0,35,23,0,0,0,0,0,0,0,0,1,2779054081,1
1,0,11,13172038,13172037,2,0,1,0,0,0,-11964,11784,1,6744,-15009,1,2097140,0,0,0,11496,11764,0,0,0,192400119,69639089,24,24,23,0,0,36,23,0,0,0,0,0,0,0,0,1,2779054081,1
1,0,12,13172039,13172038,1,0,0,0,0,1,-11964,11784,0,0,0,0,2097140,0,0,0,11496,11764,1,0,0,192400119,69639089,24,24,23,0,0,36,23,0,0,0,0,0,0,0,0,1,2779054081,1
1,0,13,13172040,13172039,1,0,0,0,0,2,11892,11676,0,0,0,0,2097140,0,0,0,11496,11764,0,1,422981,207121987,69639089,24,24,23,0,0,36,23,0,0,0,0,0,0,0,0,1,2779054081,1
1,0,14,13172041,13172040,1,1,0,0,0,3,11892,11676,0,0,0,0,2097140,-11763,11720,1,11572,11553,0,0,0,191326545,69639089,25,25,23,0,0,36,23,0,0,0,0,0,0,0,0,1,2779054081,1
1,0,15,13172042,13172041,2,0,1,0,0,0,11892,11676,1,-15378,-6481,1,2097140,0,0,0,11572,11553,0,0,0,191326545,69639089,25,25,23,0,0,37,23,0,0,0,0,0,0,0,0,1,2779054081,1
1,0,16,13172043,13172042,1,0,0,0,0,1,11892,11676,0,0,0,0,2097140,0,0,0,11572,11553,1,0,0,191326545,69639089,25,25,23,0,0,37,23,0,0,0,0,0,0,0,0,1,2779054081,1
1,0,17,13172044,13172043,1,0,0,0,0,2,11668,-11892,0,0,0,0,2097140,0,0,0,11572,11553,0,1,447757,207169510,69639089,25,25,23,0,0,37,23,0,0,0,0,0,0,0,0,1,2779054081,1
1,0,18,13172045,13172044,1,1,0,0,0,3,11668,-11892,0,0,0,0,2097140,11845,11502,1,11619,11679,0,0,0,191212333,69639089,26,26,23,0,0,37,23,0,0,0,0,0,0,0,0,1,2779054081,1
1,0,19,13172046,13172045,2,0,1,0,0,0,11668,-11892,1,6766,-15096,1,2097140,0,0,0,11619,11679,0,0,0,191212333,69639089,26,26,23,0,0,38,23,0,0,0,0,0,0,0,0,1,2779054081,1
1,0,20,13172047,13172046,1,0,0,0,0,1,11668,-11892,0,0,0,0,2097140,0,0,0,11619,11679,1,0,0,191212333,69639089,26,26,23,0,0,38,23,0,0,0,0,0,0,0,0,1,2779054081,1
1,0,21,13172048,13172047,1,0,0,0,0,2,-11956,11808,0,0,0,0,2097140,0,0,0,11619,11679,0,1,417706,207623475,69639089,26,26,23,0,0,38,23,0,0,0,0,0,0,0,0,1,2779054081,1
1,0,22,13172049,13172048,1,1,0,0,0,3,-11956,11808,0,0,0,0,2097140,11549,11720,1,11528,11555,0,0,0,191513224,69639089,27,27,23,0,0,38,23,0,0,0,0,0,0,0,0,1,2779054081,1
1,0,23,13172050,13172049,2,0,1,0,0,0,-11956,11808,1,6695,-15003,1,2097140,0,0,0,11528,11555,0,0,0,191513224,69639089,27,27,23,0,0,39,23,0,0,0,0,0,0,0,0,1,2779054081,1
1,0,24,13172051,13172050,1,0,0,0,0,1,-11956,11808,0,0,0,0,2097140,0,0,0,11528,11555,1,0,0,191513224,69639089,27,27,23,0,0,39,23,0,0,0,0,0,0,0,0,1,2779054081,1
1,0,25,13172052,13172051,1,0,0,0,0,2,12020,11680,0,0,0,0,2097140,0,0,0,11528,11555,0,1,423817,207718035,69639089,27,27,23,0,0,39,23,0,0,0,0,0,0,0,0,1,2779054081,1
1,0,26,13172053,13172052,1,1,0,0,0,3,12020,11680,0,0,0,0,2097140,11636,-11962,1,11791,11809,0,0,0,191440980,69639089,28,28,23,0,0,39,23,0,0,0,0,0,0,0,0,1,2779054081,1
1,0,27,13172054,13172053,2,0,1,0,0,0,12020,11680,1,-15216,-6618,1,2097140,0,0,0,11791,11809,0,0,0,191440980,69639089,28,28,23,0,0,40,23,0,0,0,0,0,0,0,0,1,2779054081,1
1,0,28,13172055,13172054,1,0,0,0,0,1,12020,11680,0,0,0,0,2097140,0,0,0,11791,11809,1,0,0,191440980,69639089,28,28,23,0,0,40,23,0,0,0,0,0,0,0,0,1,2779054081,1
1,0,29,13172056,13172055,1,0,0,0,0,2,-12000,-11936,0,0,0,0,2097140,0,0,0,11791,11809,0,1,414836,208203460,69639089,28,28,23,0,0,40,23,0,0,0,0,0,0,0,0,1,2779054081,1
1,0,30,13172057,13172056,1,1,0,0,0,3,-12000,-11936,0,0,0,0,2097140,11631,11763,1,-11885,-11570,0,0,0,191613535,69639089,29,29,23,0,0,40,23,0,0,0,0,0,0,0,0,1,2779054081,1
1,0,31,13172058,13172057,2,0,1,0,0,0,-12000,-11936,1,-6556,15226,1,2097140,0,0,0,-11885,-11570,0,0,0,191613535,69639089,29,29,23,0,0,41,23,0,0,0,0,0,0,0,0,1,2779054081,1
1,0,32,13172059,13172058,1,0,0,0,0,1,-12000,-11936,0,0,0,0,2097140,0,0,0,-11885,-11570,1,0,0,191613535,69639089,29,29,23,0,0,41,23,0,0,0,0,0,0,0,0,1,2779054081,1
1,0,33,13172060,13172059,1,0,0,0,0,2,-11508,11956,0,0,0,0,2097140,0,0,0,-11885,-11570,0,1,391885,208514910,69639089,29,29,23,0,0,41,23,0,0,0,0,0,0,0,0,1,2779054081,1
1,0,34,13172061,13172060,1,1,0,0,0,3,-11508,11956,0,0,0,0,2097140,11534,11699,1,11664,-11863,0,0,0,192074784,69639089,30,30,23,0,0,41,23,0,0,0,0,0,0,0,0,1,2779054081,1
1,0,35,13172062,13172061,2,0,1,0,0,0,-11508,11956,1,-6593,15176,1,2097140,0,0,0,11664,-11863,0,0,0,192074784,69639089,30,30,23,0,0,42,23,0,0,0,0,0,0,0,0,1,2779054081,1
1,0,36,13172063,13172062,1,0,0,0,0,1,-11508,11956,0,0,0,0,2097140,0,0,0,11664,-11863,1,0,0,192074784,69639089,30,30,23,0,0,42,23,0,0,0,0,0,0,0,0,1,2779054081,1
1,0,37,13172064,13172063,1,0,0,0,0,2,-11788,-11852,0,0,0,0,2097140,0,0,0,11664,-11863,0,1,400714,208058208,69639089,30,30,23,0,0,42,23,0,0,0,0,0,0,0,0,1,2779054081,1
1,0,38,13172065,13172064,1,1,0,0,0,3,-11788,-11852,0,0,0,0,2097140,11686,-11779,1,11657,11880,0,0,0,192820782,69639089,31,31,23,0,0,42,23,0,0,0,0,0,0,0,0,1,2779054081,1
1,0,39,13172066,13172065,2,0,1,0,0,0,-11788,-11852,1,-15199,-6895,1,2097140,0,0,0,11657,11880,0,0,0,192820782,69639089,31,31,23,0,0,43,23,0,0,0,0,0,0,0,0,1,2779054081,1
1,0,40,13172067,13172066,1,0,0,0,0,1,-11788,-11852,0,0,0,0,2097140,0,0,0,11657,11880,1,0,0,192820782,69639089,31,31,23,0,0,43,23,0,0,0,0,0,0,0,0,1,2779054081,1
1,0,41,13172068,13172067,1,0,0,0,0,2,11888,-11632,0,0,0,0,2097140,0,0,0,11657,11880,0,1,6959362,208353075,69639089,31,31,23,0,0,43,23,0,0,0,0,0,0,0,0,1,2779054081,1
1,0,42,13172069,13172068,1,1,0,0,0,3,11888,-11632,0,0,0,0,2097140,-11829,-11615,1,-11608,-11669,0,0,0,192449657,69639089,32,32,23,0,0,43,23,0,0,0,0,0,0,0,0,1,2779054081,1
1,0,43,13172070,13172069,2,0,1,0,0,0,11888,-11632,1,15316,6885,1,2097140,0,0,0,-11608,-11669,0,0,0,192449657,69639089,32,32,23,0,0,44,23,0,0,0,0,0,0,0,0,1,2779054081,1
1,0,44,13172071,13172070,1,0,0,0,0,1,11888,-11632,0,0,0,0,2097140,0,0,0,-11608,-11669,1,0,0,192449657,69639089,32,32,23,0,0,44,23,0,0,0,0,0,0,0,0,1,2779054081,1
1,0,45,13172072,13172071,1,0,0,0,0,2,11756,11952,0,0,0,0,2097140,0,0,0,-11608,-11669,0,1,416169,208025502,69639089,32,32,23,0,0,44,23,0,0,0,0,0,0,0,0,1,2779054081,1
1,0,46,13172073,13172072,1,1,0,0,0,3,11756,11952,0,0,0,0,2097140,-11773,-11627,1,-11802,-11846,0,0,0,192302417,69639089,33,33,23,0,0,44,23,0,0,0,0,0,0,0,0,1,2779054081,1
1,0,47,13172074,13172073,2,0,1,0,0,0,11756,11952,1,6584,-15312,1,2097140,0,0,0,-11802,-11846,0,0,0,192302417,69639089,33,33,23,0,0,45,23,0,0,0,0,0,0,0,0,1,2779054081,1
1,0,48,13172075,13172074,1,0,0,0,0,1,11756,11952,0,0,0,0,2097140,0,0,0,-11802,-11846,1,0,0,192302417,69639089,33,33,23,0,0,45,23,0,0,0,0,0,0,0,0,1,2779054081,1
1,0,49,13172076,13172075,1,0,0,0,0,2,-11848,-11836,0,0,0,0,2097140,0,0,0,-11802,-11846,0,1,20259170,207239380,69639089,33,33,23,0,0,45,23,0,0,0,0,0,0,0,0,1,2779054081,1
1,0,50,13172077,13172076,1,1,0,0,0,3,-11848,-11836,0,0,0,0,2097140,11930,-11672,1,11926,11943,0,0,0,191623705,69639089,34,34,23,0,0,45,23,0,0,0,0,0,0,0,0,1,2779054081,1
1,0,51,13172078,13172077,2,0,1,0,0,0,-11848,-11836,1,-15308,-6578,1,2097140,0,0,0,11926,11943,0,0,0,191623705,69639089,34,34,23,0,0,46,23,0,0,-11517,11796,1,1,0,1,1,2779054081,0
1,0,52,13172079,13172078,1,0,0,0,0,1,-11848,-11836,0,0,0,0,2097140,0,0,0,11926,11943,1,0,0,191623705,69639089,34,34,23,0,0,46,23,0,0,-11517,11796,0,0,0,1,1,2779054081,0
1,0,53,13172080,13172079,1,0,0,0,0,2,-11524,-11508,0,0,0,0,2097140,0,0,0,11926,11943,0,1,409345,207314308,69639089,34,34,23,0,0,46,23,0,0,-11544,11592,0,0,0,1,1,2779054081,0
1,0,54,13172081,13172080,1,1,0,0,0,3,-11524,-11508,0,0,0,0,2097140,-11981,11765,1,-11800,-11977,0,0,0,191251734,69639089,35,35,23,0,0,46,23,0,0,-11544,11592,0,0,0,1,1,2779054081,0
1,0,55,13172082,13172081,2,0,1,0,0,0,-11524,-11508,1,15333,6875,1,2097140,0,0,0,-11800,-11977,0,0,0,191251734,69639089,35,35,23,0,0,47,23,0,0,-11544,11592,1,0,0,1,1,2779054081,0
1,0,56,13172083,13172082,1,0,0,0,0,1,-11524,-11508,0,0,0,0,2097140,0,0,0,-11800,-11977,1,0,0,191251734,69639089,35,35,23,0,0,47,23,0,0,-11544,11592,0,0,0,1,1,2779054081,0
1,0,57,13172084,13172083,1,0,0,0,0,2,-11924,-11688,0,0,0,0,2097140,0,0,0,-11800,-11977,0,1,394465,207133275,69639089,35,35,23,0,0,47,23,0,0,-11780,-11673,0,0,0,1,1,2779054081,0
1,0,58,13172085,13172084,1,1,0,0,0,3,-11924,-11688,0,0,0,0,2097140,11867,11703,1,-11543,11989,0,0,0,191349726,69639089,36,36,23,0,0,47,23,0,0,-11780,-11673,0,0,0,1,1,2779054081,0
1,0,59,13172086,13172085,2,0,1,0,0,0,-11924,-11688,1,6542,-15432,1,2097140,0,0,0,-11543,11989,0,0,0,191349726,69639089,36,36,23,0,0,48,23,0,0,-11780,-11673,1,0,0,1,1,2779054081,0
1,0,60,13172087,13172086,1,0,0,0,0,1,-11924,-11688,0,0,0,0,2097140,0,0,0,-11543,11989,1,0,0,191349726,69639089,36,36,23,0,0,48,23,0,0,-11780,-11673,0,0,0,1,1,2779054081,0
1,0,61,13172088,13172087,1,0,0,0,0,2,12044,-11540,0,0,0,0,2097140,0,0,0,-11543,11989,0,1,5282713,207063041,69639089,36,36,23,0,0,48,23,0,0,11910,-11857,0,0,0,1,1,2779054081,0
1,0,62,13172089,13172088,1,1,0,0,0,3,12044,-11540,0,0,0,0,2097140,11664,-11897,1,-11805,-11970,0,0,0,191495703,69639089,37,37,23,0,0,48,23,0,0,11910,-11857,0,0,0,1,1,2779054081,0
1,0,63,13172090,13172089,2,0,1,0,0,0,12044,-11540,1,-6788,15504,1,2097140,0,0,0,-11805,-11970,0,0,0,191495703,69639089,37,37,23,0,0,49,23,0,0,11910,-11857,1,0,0,1,1,2779054081,0
1,0,64,13172091,13172090,1,0,0,0,0,1,12044,-11540,0,0,0,0,2097140,0,0,0,-11805,-11970,1,0,0,191495703,69639089,37,37,23,0,0,49,23,0,0,11910,-11857,0,0,0,1,1,2779054081,0
1,1,-64,13221295,13221294,1,0,0,0,0,1,11672,11564,0,0,0,0,2097141,0,0,0,11843,11807,1,0,0,190418667,0,5,5,23,0,0,17,23,1,0,-11479,-11668,0,0,0,1,1,2779054081,0
1,1,-63,13221296,13221295,1,0,0,0,0,2,11484,11636,0,0,0,0,2097141,0,0,0,11843,11807,0,1,5490049,205503019,0,5,5,23,0,0,17,23,1,0,-11611,11860,0,0,0,1,1,2779054081,0
1,1,-62,13221297,13221296,1,0,0,0,0,3,11484,11636,0,0,0,0,2097141,-11559,11792,1,11739,11685,0,0,0,189504680,0,6,6,23,0,0,17,23,1,0,-11611,11860,0,0,0,1,1,2779054081,0
1,1,-61,13221298,13221297,1,1,1,0,0,0,11484,11636,1,-11719,-12031,1,2097141,0,0,0,11739,11685,0,0,0,189504680,0,6,6,23,0,0,18,23,1,0,-11611,11860,1,0,0,1,1,2779054081,0
1,1,-60,13221299,13221298,1,0,0,0,0,1,11484,11636,0,0,0,0,2097141,0,0,0,11739,11685,1,0,0,189504680,0,6,6,23,0,0,18,23,1,0,-11611,11860,0,0,0,1,1,2779054081,0
1,1,-59,13221300,13221299,1,0,0,0,0,2,11776,11560,0,0,0,0,2097141,0,0,0,11739,11685,0,1,33362660,204768890,0,6,6,23,0,0,18,23,1,0,-11426,-11880,0,0,0,1,1,2779054081,0
1,1,-58,13221301,13221300,1,0,0,0,0,3,11776,11560,0,0,0,0,2097141,-11773,11664,1,-11749,-11787,0,0,0,189170153,0,7,7,23,0,0,18,23,1,0,-11426,-11880,0,0,0,1,1,2779054081,0
1,1,-57,13221302,13221301,1,1,1,0,0,0,11776,11560,1,11412,11961,1,2097141,0,0,0,-11749,-11787,0,0,0,189170153,0,7,7,23,0,0,19,23,1,0,-11426,-11880,1,0,0,1,1,2779054081,0
1,1,-56,13221303,13221302,1,0,0,0,0,1,11776,11560,0,0,0,0,2097141,0,0,0,-11749,-11787,1,0,0,189170153,0,7,7,23,0,0,19,23,1,0,-11426,-11880,0,0,0,1,1,2779054081,0
1,1,-55,13221304,13221303,1,0,0,0,0,2,-11892,11788,0,0,0,0,2097141,0,0,0,-11749,-11787,0,1,469241,205164193,0,7,7,23,0,0,19,23,1,0,-11664,-11636,0,0,0,1,1,2779054081,0
1,1,-54,13221305,13221304,1,0,0,0,0,3,-11892,11788,0,0,0,0,2097141,11740,-11648,1,-11805,-11762,0,0,0,188927236,0,8,8,23,0,0,19,23,1,0,-11664,-11636,0,0,0,1,1,2779054081,0
1,1,-53,13221306,13221305,1,1,1,0,0,0,-11892,11788,1,11769,-11359,1,2097141,0,0,0,-11805,-11762,0,0,0,188927236,0,8,8,23,0,0,20,23,1,0,-11664,-11636,1,0,0,1,1,2779054081,0
1,1,-52,13221307,13221306,1,0,0,0,0,1,-11892,11788,0,0,0,0,2097141,0,0,0,-11805,-11762,1,0,0,188927236,0,8,8,23,0,0,20,23,1,0,-11664,-11636,0,0,0,1,1,2779054081,0
1,1,-51,13221308,13221307,1,0,0,0,0,2,11668,-11676,0,0,0,0,2097141,0,0,0,-11805,-11762,0,1,423817,205833120,0,8,8,23,0,0,20,23,1,0,11929,11829,0,0,0,1,1,2779054081,0
1,1,-50,13221309,13221308,1,0,0,0,0,3,11668,-11676,0,0,0,0,2097141,11908,-11844,1,12024,11977,0,0,0,189388867,0,9,9,23,0,0,20,23,1,0,11929,11829,0,0,0,1,1,2779054081,0
1,1,-49,13221310,13221309,1,1,1,0,0,0,11668,-11676,1,11765,-11631,1,2097141,0,0,0,12024,11977,0,0,0,189388867,0,9,9,23,0,0,21,23,1,0,11929,11829,1,0,0,1,1,2779054081,0
1,1,-48,13221311,13221310,1,0,0,0,0,1,11668,-11676,0,0,0,0,2097141,0,0,0,12024,11977,1,0,0,189388867,0,9,9,23,0,0,21,23,1,0,11929,11829,0,0,0,1,1,2779054081,0
1,1,-47,13221312,13221311,1,0,0,0,0,2,11696,-11592,0,0,0,0,2097141,0,0,0,12024,11977,0,1,1965665,206652475,0,9,9,23,0,0,21,23,1,0,-11938,11450,0,0,0,1,1,2779054081,0
1,1,-46,13221313,13221312,1,0,0,0,0,3,11696,-11592,0,0,0,0,2097141,-11834,11544,1,-12012,-12073,0,0,0,190164012,0,10,10,23,0,0,21,23,1,0,-11938,11450,0,0,0,1,1,2779054081,0
1,1,-45,13221314,13221313,1,1,1,0,0,0,11696,-11592,1,11387,12033,1,2097141,0,0,0,-12012,-12073,0,0,0,190164012,0,10,10,23,0,0,22,23,1,0,-11938,11450,1,0,0,1,1,2779054081,0
1,1,-44,13221315,13221314,1,0,0,0,0,1,11696,-11592,0,0,0,0,2097141,0,0,0,-12012,-12073,1,0,0,190164012,0,10,10,23,0,0,22,23,1,0,-11938,11450,0,0,0,1,1,2779054081,0
1,1,-43,13221316,13221315,1,0,0,0,0,2,-11592,-11604,0,0,0,0,2097141,0,0,0,-12012,-12073,0,1,3671081,207037084,0,10,10,23,0,0,22,23,1,0,-11454,11696,0,0,0,1,1,2779054081,0
1,1,-42,13221317,13221316,1,0,0,0,0,3,-11592,-11604,0,0,0,0,2097141,11524,11606,1,12063,12096,0,0,0,190465841,0,11,11,23,0,0,22,23,1,0,-11454,11696,0,0,0,1,1,2779054081,0
1,1,-41,13221318,13221317,1,1,1,0,0,0,-11592,-11604,1,11737,-11560,1,2097141,0,0,0,12063,12096,0,0,0,190465841,0,11,11,23,0,0,23,23,1,0,-11454,11696,1,0,0,1,1,2779054081,0
1,1,-40,13221319,13221318,1,0,0,0,0,1,-11592,-11604,0,0,0,0,2097141,0,0,0,12063,12096,1,0,0,190465841,0,11,11,23,0,0,23,23,1,0,-11454,11696,0,0,0,1,1,2779054081,0
1,1,-39,13221320,13221319,1,0,0,0,0,2,-11880,-11640,0,0,0,0,2097141,0,0,0,12063,12096,0,1,446288,207475836,0,11,11,23,0,0,23,23,1,0,-11720,-12047,0,0,0,1,1,2779054081,0
1,1,-38,13221321,13221320,1,0,0,0,0,3,-11880,-11640,0,0,0,0,2097141,11796,11598,1,-12033,-12039,0,0,0,191113443,0,12,12,23,0,0,23,23,1,0,-11720,-12047,0,0,0,1,1,2779054081,0
1,1,-37,13221322,13221321,1,1,1,0,0,0,-11880,-11640,1,11734,-11348,1,2097141,0,0,0,-12033,-12039,0,0,0,191113443,0,12,12,23,0,0,24,23,1,1,-11720,-12047,1,0,0,1,1,2779054081,0
1,1,-36,13221323,13221322,1,0,0,0,0,1,-11880,-11640,0,0,0,0,2097141,0,0,0,-12033,-12039,1,0,0,191113443,0,12,12,23,0,0,24,23,0,0,-11720,-12047,0,0,0,1,1,2779054081,0
1,1,-35,13221324,13221323,1,0,0,0,0,2,11880,-11512,0,0,0,0,2097141,0,0,0,-12033,-12039,0,1,10201652,207604676,0,12,12,23,0,0,24,23,0,0,11984,12028,0,0,0,1,1,2779054081,0
1,1,-34,13221325,13221324,1,0,0,0,0,3,11880,-11512,0,0,0,0,2097141,-11871,11555,1,-11508,11975,0,0,0,191878032,0,13,13,23,0,0,24,23,0,0,11984,12028,0,0,0,1,1,2779054081,0
1,1,-33,13221326,13221325,1,1,1,0,0,0,11880,-11512,1,11728,-11508,1,2097141,0,0,0,-11508,11975,0,0,0,191878032,0,13,13,23,0,0,25,23,0,0,11984,12028,1,0,0,1,1,2779054081,0
1,1,-32,13221327,13221326,1,0,0,0,0,1,11880,-11512,0,0,0,0,2097141,0,0,0,-11508,11975,1,0,0,191878032,0,13,13,23,0,0,25,23,0,0,11984,12028,0,0,0,1,1,2779054081,0
1,1,-31,13221328,13221327,1,0,0,0,0,2,-11936,-11876,0,0,0,0,2097141,0,0,0,-11508,11975,0,1,399593,208001187,0,13,13,23,0,0,25,23,0,0,-11943,-12112,0,0,0,1,1,2779054081,0
1,1,-30,13221329,13221328,1,0,0,0,0,3,-11936,-11876,0,0,0,0,2097141,11712,11585,1,-11750,11549,0,0,0,192159724,0,14,14,23,0,0,25,23,0,0,-11943,-12112,0,0,0,1,1,2779054081,0
1,1,-29,13221330,13221329,1,1,1,0,0,0,-11936,-11876,1,11797,-11319,1,2097141,0,0,0,-11750,11549,0,0,0,192159724,0,14,14,23,0,0,26,23,0,0,-11943,-12112,1,0,0,1,1,2779054081,0
1,1,-28,13221331,13221330,1,0,0,0,0,1,-11936,-11876,0,0,0,0,2097141,0,0,0,-11750,11549,1,0,0,192159724,0,14,14,23,0,0,26,23,0,0,-11943,-12112,0,0,0,1,1,2779054081,0
1,1,-27,13221332,13221331,1,0,0,0,0,2,11752,11976,0,0,0,0,2097141,0,0,0,-11750,11549,0,1,2036554,208117208,0,14,14,23,0,0,26,23,0,0,11866,12045,0,0,0,1,1,2779054081,0
1,1,-26,13221333,13221332,1,0,0,0,0,3,11752,11976,0,0,0,0,2097141,11504,11580,1,11891,-11797,0,0,0,192342012,0,15,15,23,0,0,26,23,0,0,11866,12045,0,0,0,1,1,2779054081,0
1,1,-25,13221334,13221333,1,1,1,0,0,0,11752,11976,1,11725,-11612,1,2097141,0,0,0,11891,-11797,0,0,0,192342012,0,15,15,23,0,0,27,23,0,0,11866,12045,1,0,0,1,1,2779054081,0
1,1,-24,13221335,13221334,1,0,0,0,0,1,11752,11976,0,0,0,0,2097141,0,0,0,11891,-11797,1,0,0,192342012,0,15,15,23,0,0,27,23,0,0,11866,12045,0,0,0,1,1,2779054081,0
1,1,-23,13221336,13221335,1,0,0,0,0,2,11520,-11952,0,0,0,0,2097141,0,0,0,11891,-11797,0,1,410882,208943492,0,15,15,23,0,0,27,23,0,0,11473,-11970,0,0,0,1,1,2779054081,0
1,1,-22,13221337,13221336,1,0,0,0,0,3,11520,-11952,0,0,0,0,2097141,11664,11572,1,11835,-11796,0,0,0,192673573,0,16,16,23,0,0,27,23,0,0,11473,-11970,0,0,0,1,1,2779054081,0
1,1,-21,13221338,13221337,1,1,1,0,0,0,11520,-11952,1,11618,12056,1,2097141,0,0,0,11835,-11796,0,0,0,192673573,0,16,16,23,0,0,28,23,0,0,11473,-11970,1,0,0,1,1,2779054081,0
1,1,-20,13221339,13221338,1,0,0,0,0,1,11520,-11952,0,0,0,0,2097141,0,0,0,11835,-11796,1,0,0,192673573,0,16,16,23,0,0,28,23,0,0,11473,-11970,0,0,0,1,1,2779054081,0
1,1,-19,13221340,13221339,1,0,0,0,0,2,11796,11996,0,0,0,0,2097141,0,0,0,11835,-11796,0,1,1993522,208794535,0,16,16,23,0,0,28,23,0,0,11609,11855,0,0,0,1,1,2779054081,0
1,1,-18,13221341,13221340,1,0,0,0,0,3,11796,11996,0,0,0,0,2097141,11453,11666,1,-11919,11729,0,0,0,193030645,0,17,17,23,0,0,28,23,0,0,11609,11855,0,0,0,1,1,2779054081,0
1,1,-17,13221342,13221341,1,1,1,0,0,0,11796,11996,1,-11509,-11833,1,2097141,0,0,0,-11919,11729,0,0,0,193030645,0,17,17,23,0,0,29,23,0,0,11609,11855,1,0,0,1,1,2779054081,0
1,1,-16,13221343,13221342,1,0,0,0,0,1,11796,11996,0,0,0,0,2097141,0,0,0,-11919,11729,1,0,0,193030645,0,17,17,23,0,0,29,23,0,0,11609,11855,0,0,0,1,1,2779054081,0
1,1,-15,13221344,13221343,1,0,0,0,0,2,-11692,-11836,0,0,0,0,2097141,0,0,0,-11919,11729,0,1,5220360,208506526,0,17,17,23,0,0,29,23,0,0,11466,11658,0,0,0,1,1,2779054081,0
1,1,-14,13221345,13221344,1,0,0,0,0,3,-11692,-11836,0,0,0,0,2097141,11772,11563,1,11674,11654,0,0,0,193077497,0,18,18,23,0,0,29,23,0,0,11466,11658,0,0,0,1,1,2779054081,0
1,1,-13,13221346,13221345,1,1,1,0,0,0,-11692,-11836,1,-11425,-11860,1,2097141,0,0,0,11674,11654,0,0,0,193077497,0,18,18,23,0,0,30,23,0,0,11466,11658,1,0,0,1,1,2779054081,0
1,1,-12,13221347,13221346,1,0,0,0,0,1,-11692,-11836,0,0,0,0,2097141,0,0,0,11674,11654,1,0,0,193077497,0,18,18,23,0,0,30,23,0,0,11466,11658,0,0,0,1,1,2779054081,0
1,1,-11,13221348,13221347,1,0,0,0,0,2,-11780,-11524,0,0,0,0,2097141,0,0,0,11674,11654,0,1,1993337,208292364,0,18,18,23,0,0,30,23,0,0,11719,-11924,0,0,0,1,1,2779054081,0
1,1,-10,13221349,13221348,1,0,0,0,0,3,-11780,-11524,0,0,0,0,2097141,-11927,11751,1,11693,11571,0,0,0,192508187,0,19,19,23,0,0,30,23,0,0,11719,-11924,0,0,0,1,1,2779054081,0
1,1,-9,13221350,13221349,1,1,1,0,0,0,-11780,-11524,1,-11767,11425,1,2097141,0,0,0,11693,11571,0,0,0,192508187,0,19,19,23,0,0,31,23,0,0,11719,-11924,1,0,0,1,1,2779054081,0
1,1,-8,13221351,13221350,1,0,0,0,0,1,-11780,-11524,0,0,0,0,2097141,0,0,0,11693,11571,1,0,0,192508187,0,19,19,23,0,0,31,23,0,0,11719,-11924,0,0,0,1,1,2779054081,0
1,1,-7,13221352,13221351,1,0,0,0,0,2,11812,-11836,0,0,0,0,2097141,0,0,0,11693,11571,0,1,395650,208522761,0,19,19,23,0,0,31,23,0,0,-11727,11983,0,0,0,1,1,2779054081,0
1,1,-6,13221353,13221352,1,0,0,0,0,3,11812,-11836,0,0,0,0,2097141,11650,-11694,1,-11872,11719,0,0,0,192693627,0,20,20,23,0,0,31,23,0,0,-11727,11983,0,0,0,1,1,2779054081,0
1,1,-5,13221354,13221353,1,1,1,0,0,0,11812,-11836,1,-11807,11713,1,2097141,0,0,0,-11872,11719,0,0,0,192693627,0,20,20,23,0,0,32,23,0,0,-11727,11983,1,0,0,1,1,2779054081,0
1,1,-4,13221355,13221354,1,0,0,0,0,1,11812,-11836,0,0,0,0,2097141,0,0,0,-11872,11719,1,0,0,192693627,0,20,20,23,0,0,32,23,0,0,-11727,11983,0,0,1,0,1,2779054081,1
1,1,-3,13221356,13221355,1,0,0,0,0,2,-11604,11616,0,0,0,0,2097141,0,0,0,-11872,11719,0,1,430337,207938702,0,20,20,23,0,0,32,23,0,0,0,0,0,0,0,0,1,2779054081,1
1,1,-2,13221357,13221356,1,0,0,0,0,3,-11604,11616,0,0,0,0,2097141,11714,-11575,1,11881,-11967,0,0,0,192285804,0,21,21,23,0,0,32,23,0,0,0,0,0,0,0,0,1,2779054081,1
1,1,-1,13221358,13221357,1,1,0,0,0,0,-11604,11616,0,-11342,-12043,1,2097141,0,0,0,11881,-11967,0,0,0,192285804,0,21,21,23,0,0,33,23,0,0,0,0,0,0,0,0,1,2779054081,1
1,1,0,13221359,13221358,2,0,0,0,0,1,-11604,11616,0,0,0,0,2097141,0,0,0,11881,-11967,1,0,0,192285804,0,21,21,23,0,0,33,23,0,0,0,0,0,0,0,0,2,2779054081,1
1,1,1,13221360,13221359,2,0,0,0,0,2,-11604,11616,0,0,0,0,2097141,0,0,0,11881,-11967,0,1,437065,206862143,0,21,21,23,0,0,33,23,0,0,0,0,0,0,0,0,2,2779054081,1
1,1,2,13221361,13221360,2,0,0,0,0,3,-11604,11616,0,0,0,0,2097141,-11565,-11631,1,11656,11888,0,0,0,191494449,0,22,22,23,0,0,33,23,0,0,0,0,0,0,0,0,2,2779054081,1
1,1,3,13221362,13221361,2,1,1,0,0,0,-11604,11616,1,-12044,11765,1,2097141,0,0,0,11656,11888,0,0,0,191494449,0,22,22,23,0,0,34,23,0,0,0,0,0,0,0,0,2,2779054081,1
1,1,4,13221363,13221362,2,0,0,0,0,1,-11604,11616,0,0,0,0,2097141,0,0,0,11656,11888,1,0,0,191494449,0,22,22,23,0,0,34,23,0,0,0,0,0,0,0,0,2,2779054081,1
1,1,5,13221364,13221363,2,0,0,0,0,2,-11800,11896,0,0,0,0,2097141,0,0,0,11656,11888,0,1,418981,205944497,0,22,22,23,0,0,34,23,0,0,0,0,0,0,0,0,2,2779054081,1
1,1,6,13221365,13221364,2,0,0,0,0,3,-11800,11896,0,0,0,0,2097141,-11902,-11617,1,-11880,11647,0,0,0,190373680,0,23,23,23,0,0,34,23,0,0,0,0,0,0,0,0,2,2779054081,1
1,1,7,13221366,13221365,2,1,1,0,0,0,-11800,11896,1,12146,-11577,1,2097141,0,0,0,-11880,11647,0,0,0,190373680,0,23,23,23,0,0,35,23,0,0,0,0,0,0,0,0,2,2779054081,1
1,1,8,13221367,13221366,2,0,0,0,0,1,-11800,11896,0,0,0,0,2097141,0,0,0,-11880,11647,1,0,0,190373680,0,23,23,23,0,0,35,23,0,0,0,0,0,0,0,0,2,2779054081,1
1,1,9,13221368,13221367,2,0,0,0,0,2,11804,-11888,0,0,0,0,2097141,0,0,0,-11880,11647,0,1,69155872,204788725,0,23,23,23,1,0,35,23,0,0,0,0,0,0,0,0,2,2779054081,1
1,1,10,13221369,13221368,2,0,0,0,0,3,11804,-11888,0,0,0,0,2097141,11889,-11504,1,-11538,-11747,0,0,0,189373254,69155872,24,24,23,0,0,35,23,0,0,0,0,0,0,0,0,2,2779054081,1
1,1,11,13221370,13221369,2,1,1,0,0,0,11804,-11888,1,-11782,-11694,1,2097141,0,0,0,-11538,-11747,0,0,0,189373254,69155872,24,24,23,0,0,36,23,0,0,0,0,0,0,0,0,2,2779054081,1
1,1,12,13221371,13221370,2,0,0,0,0,1,11804,-11888,0,0,0,0,2097141,0,0,0,-11538,-11747,1,0,0,189373254,69155872,24,24,23,0,0,36,23,0,0,0,0,0,0,0,0,2,2779054081,1
1,1,13,13221372,13221371,2,0,0,0,0,2,-11584,11892,0,0,0,0,2097141,0,0,0,-11538,-11747,0,1,419161,204131128,69155872,24,24,23,0,0,36,23,0,0,0,0,0,0,0,0,2,2779054081,1
1,1,14,13221373,13221372,2,0,0,0,0,3,-11584,11892,0,0,0,0,2097141,-11958,-11853,1,-11748,-11655,0,0,0,188426332,69155872,25,25,23,0,0,36,23,0,0,0,0,0,0,0,0,2,2779054081,1
1,1,15,13221374,13221373,2,1,1,0,0,0,-11584,11892,1,12167,-11621,1,2097141,0,0,0,-11748,-11655,0,0,0,188426332,69155872,25,25,23,0,0,37,23,0,0,0,0,0,0,0,0,2,2779054081,1
1,1,16,13221375,13221374,2,0,0,0,0,1,-11584,11892,0,0,0,0,2097141,0,0,0,-11748,-11655,1,0,0,188426332,69155872,25,25,23,0,0,37,23,0,0,0,0,0,0,0,0,2,2779054081,1
1,1,17,13221376,13221375,2,0,0,0,0,2,-11812,-11764,0,0,0,0,2097141,0,0,0,-11748,-11655,0,1,433000,204573958,69155872,25,25,23,0,0,37,23,0,0,0,0,0,0,0,0,2,2779054081,1
1,1,18,13221377,13221376,2,0,0,0,0,3,-11812,-11764,0,0,0,0,2097141,11775,11953,1,11968,-11551,0,0,0,188404484,69155872,26,26,23,0,0,37,23,0,0,0,0,0,0,0,0,2,2779054081,1
1,1,19,13221378,13221377,2,1,1,0,0,0,-11812,-11764,1,-12005,11517,1,2097141,0,0,0,11968,-11551,0,0,0,188404484,69155872,26,26,23,0,0,38,23,0,0,0,0,0,0,0,0,2,2779054081,1
1,1,20,13221379,13221378,2,0,0,0,0,1,-11812,-11764,0,0,0,0,2097141,0,0,0,11968,-11551,1,0,0,188404484,69155872,26,26,23,0,0,38,23,0,0,0,0,0,0,0,0,2,2779054081,1
1,1,21,13221380,13221379,2,0,0,0,0,2,11932,-11572,0,0,0,0,2097141,0,0,0,11968,-11551,0,1,404249,204448203,69155872,26,26,23,0,0,38,23,0,0,0,0,0,0,0,0,2,2779054081,1
1,1,22,13221381,13221380,2,0,0,0,0,3,11932,-11572,0,0,0,0,2097141,11544,-11930,1,-11763,-11872,0,0,0,188732495,69155872,27,27,23,0,0,38,23,0,0,0,0,0,0,0,0,2,2779054081,1
1,1,23,13221382,13221381,2,1,1,0,0,0,11932,-11572,1,-11694,11609,1,2097141,0,0,0,-11763,-11872,0,0,0,188732495,69155872,27,27,23,0,0,39,23,0,0,0,0,0,0,0,0,2,2779054081,1
1,1,24,13221383,13221382,2,0,0,0,0,1,11932,-11572,0,0,0,0,2097141,0,0,0,-11763,-11872,1,0,0,188732495,69155872,27,27,23,0,0,39,23,0,0,0,0,0,0,0,0,2,2779054081,1
1,1,25,13221384,13221383,2,0,0,0,0,2,-11956,-11612,0,0,0,0,2097141,0,0,0,-11763,-11872,0,1,417397,204315249,69155872,27,27,23,0,0,39,23,0,0,0,0,0,0,0,0,2,2779054081,1
1,1,26,13221385,13221384,2,0,0,0,0,3,-11956,-11612,0,0,0,0,2097141,11759,12032,1,-11754,12002,0,0,0,188673007,69155872,28,28,23,0,0,39,23,0,0,0,0,0,0,0,0,2,2779054081,1
1,1,27,13221386,13221385,2,1,1,0,0,0,-11956,-11612,1,-11662,-11984,1,2097141,0,0,0,-11754,12002,0,0,0,188673007,69155872,28,28,23,0,0,40,23,0,0,0,0,0,0,0,0,2,2779054081,1
1,1,28,13221387,13221386,2,0,0,0,0,1,-11956,-11612,0,0,0,0,2097141,0,0,0,-11754,12002,1,0,0,188673007,69155872,28,28,23,0,0,40,23,0,0,0,0,0,0,0,0,2,2779054081,1
1,1,29,13221388,13221387,2,0,0,0,0,2,11972,-11808,0,0,0,0,2097141,0,0,0,-11754,12002,0,1,409600,203562466,69155872,28,28,23,0,0,40,23,0,0,0,0,0,0,0,0,2,2779054081,1
1,1,30,13221389,13221388,2,0,0,0,0,3,11972,-11808,0,0,0,0,2097141,-11678,-11850,1,11912,-12072,0,0,0,188045330,69155872,29,29,23,0,0,40,23,0,0,0,0,0,0,0,0,2,2779054081,1
1,1,31,13221390,13221389,2,1,1,0,0,0,11972,-11808,1,0,0,0,2097141,0,0,0,11912,-12072,0,0,0,188045330,69155872,29,29,23,0,0,41,23,0,0,0,0,0,0,0,0,2,2779054081,1
1,1,32,13221391,13221390,2,0,0,0,0,1,11972,-11808,0,0,0,0,2097141,0,0,0,11912,-12072,1,0,0,188045330,69155872,29,29,23,0,0,41,23,0,0,0,0,0,0,0,0,2,2779054081,1
1,1,33,13221392,13221391,2,0,0,0,0,2,-11948,11764,0,0,0,0,2097141,0,0,0,11912,-12072,0,1,398165,203753081,69155872,29,29,23,0,0,41,23,0,0,0,0,0,0,0,0,2,2779054081,1
1,1,34,13221393,13221392,2,0,0,0,0,3,-11948,11764,0,0,0,0,2097141,-11805,-11498,1,-11931,11945,0,0,0,187798576,69155872,30,30,23,0,0,41,23,0,0,0,0,0,0,0,0,2,2779054081,1
1,1,35,13221394,13221393,2,1,1,0,0,0,-11948,11764,1,11445,11771,1,2097141,0,0,0,-11931,11945,0,0,0,187798576,69155872,30,30,23,0,0,42,23,0,0,0,0,0,0,0,0,2,2779054081,1
1,1,36,13221395,13221394,2,0,0,0,0,1,-11948,11764,0,0,0,0,2097141,0,0,0,-11931,11945,1,0,0,187798576,69155872,30,30,23,0,0,42,23,0,0,0,0,0,0,0,0,2,2779054081,1
1,1,37,13221396,13221395,2,0,0,0,0,2,11572,11576,0,0,0,0,2097141,0,0,0,-11931,11945,0,1,416169,204110024,69155872,30,30,23,0,0,42,23,0,0,0,0,0,0,0,0,2,2779054081,1
1,1,38,13221397,13221396,2,0,0,0,0,3,11572,11576,0,0,0,0,2097141,11853,-11795,1,-11523,11463,0,0,0,188324052,69155872,31,31,23,0,0,42,23,0,0,0,0,0,0,0,0,2,2779054081,1
1,1,39,13221398,13221397,2,1,1,0,0,0,11572,11576,1,11722,11971,1,2097141,0,0,0,-11523,11463,0,0,0,188324052,69155872,31,31,23,0,0,43,23,0,0,0,0,0,0,0,0,2,2779054081,1
1,1,40,13221399,13221398,2,0,0,0,0,1,11572,11576,0,0,0,0,2097141,0,0,0,-11523,11463,1,0,0,188324052,69155872,31,31,23,0,0,43,23,0,0,0,0,0,0,0,0,2,2779054081,1
1,1,41,13221400,13221399,2,0,0,0,0,2,11780,11872,0,0,0,0,2097141,0,0,0,-11523,11463,0,1,6918602,204676894,69155872,31,31,23,0,0,43,23,0,0,0,0,0,0,0,0,2,2779054081,1
1,1,42,13221401,13221400,2,0,0,0,0,3,11780,11872,0,0,0,0,2097141,0,0,0,-11763,11720,0,0,0,188325847,69155872,32,32,23,0,0,43,23,0,0,0,0,0,0,0,0,2,2779054081,1
1,1,43,13221402,13221401,2,1,1,0,0,0,11780,11872,1,-11714,-11977,1,2097141,0,0,0,-11763,11720,0,0,0,188325847,69155872,32,32,23,0,0,44,23,0,0,0,0,0,0,0,0,2,2779054081,1
1,1,44,13221403,13221402,2,0,0,0,0,1,11780,11872,0,0,0,0,2097141,0,0,0,-11763,11720,1,0,0,188325847,69155872,32,32,23,0,0,44,23,0,0,0,0,0,0,0,0,2,2779054081,1
1,1,45,13221404,13221403,2,0,0,0,0,2,-11824,-11708,0,0,0,0,2097141,0,0,0,-11763,11720,0,1,428557,205085612,69155872,32,32,23,0,0,44,23,0,0,0,0,0,0,0,0,2,2779054081,1
1,1,46,13221405,13221404,2,0,0,0,0,3,-11824,-11708,0,0,0,0,2097141,-11639,11579,1,11845,11502,0,0,0,188847760,69155872,33,33,23,0,0,44,23,0,0,0,0,0,0,0,0,2,2779054081,1
1,1,47,13221406,13221405,2,1,1,0,0,0,-11824,-11708,1,11722,11755,1,2097141,0,0,0,11845,11502,0,0,0,188847760,69155872,33,33,23,0,0,45,23,0,0,0,0,0,0,0,0,2,2779054081,1
1,1,48,13221407,13221406,2,0,0,0,0,1,-11824,-11708,0,0,0,0,2097141,0,0,0,11845,11502,1,0,0,188847760,69155872,33,33,23,0,0,45,23,0,0,0,0,0,0,0,0,2,2779054081,1
1,1,49,13221408,13221407,2,0,0,0,0,2,11564,-11648,0,0,0,0,2097141,0,0,0,11845,11502,0,1,15171872,205328188,69155872,33,33,23,0,0,45,23,0,0,0,0,0,0,0,0,2,2779054081,1
1,1,50,13221409,13221408,2,0,0,0,0,3,11564,-11648,0,0,0,0,2097141,-11818,11877,1,11549,11720,0,0,0,189432714,69155872,34,34,23,0,0,45,23,0,0,0,0,0,0,0,0,2,2779054081,1
1,1,51,13221410,13221409,2,1,1,0,0,0,11564,-11648,1,-11935,11638,1,2097141,0,0,0,11549,11720,0,0,0,189432714,69155872,34,34,23,0,0,46,23,0,0,-11483,11921,1,1,0,1,2,2779054081,0
1,1,52,13221411,13221410,2,0,0,0,0,1,11564,-11648,0,0,0,0,2097141,0,0,0,11549,11720,1,0,0,189432714,69155872,34,34,23,0,0,46,23,0,0,-11483,11921,0,0,0,1,2,2779054081,0
1,1,53,13221412,13221411,2,0,0,0,0,2,11840,-11524,0,0,0,0,2097141,0,0,0,11549,11720,0,0,0,206285917,69155872,34,34,23,0,0,46,23,0,0,-11725,11496,0,0,0,1,2,2779054081,0
1,1,54,13221413,13221412,2,0,0,0,0,3,11840,-11524,0,0,0,0,2097141,11828,-11865,1,11636,-11962,0,0,0,189960494,69155872,34,34,23,0,0,46,23,0,0,-11725,11496,0,0,0,1,2,2779054081,0
1,1,55,13221414,13221413,2,1,1,0,0,0,11840,-11524,1,-11392,-12105,1,2097141,0,0,0,11636,-11962,0,0,0,189960494,69155872,34,34,23,0,0,47,23,0,0,-11725,11496,1,0,0,1,2,2779054081,0
1,1,56,13221415,13221414,2,0,0,0,0,1,11840,-11524,0,0,0,0,2097141,0,0,0,11636,-11962,1,0,0,189960494,69155872,34,34,23,0,0,47,23,0,0,-11725,11496,0,0,0,1,2,2779054081,0
1,1,57,13221416,13221415,2,0,0,0,0,2,-11812,-11904,0,0,0,0,2097141,0,0,0,11636,-11962,0,1,3717200,206680327,69155872,34,34,23,0,0,47,23,0,0,11864,-11747,0,0,0,1,2,2779054081,0
1,1,58,13221417,13221416,2,0,0,0,0,3,-11812,-11904,0,0,0,0,2097141,-11588,11887,1,11631,11763,0,0,0,190715100,69155872,35,35,23,0,0,47,23,0,0,11864,-11747,0,0,0,1,2,2779054081,0
1,1,59,13221418,13221417,2,1,1,0,0,0,-11812,-11904,1,-11789,11780,1,2097141,0,0,0,11631,11763,0,0,0,190715100,69155872,35,35,23,0,0,48,23,0,0,11864,-11747,1,0,0,1,2,2779054081,0
1,1,60,13221419,13221418,2,0,0,0,0,1,-11812,-11904,0,0,0,0,2097141,0,0,0,11631,11763,1,0,0,190715100,69155872,35,35,23,0,0,48,23,0,0,11864,-11747,0,0,0,1,2,2779054081,0
1,1,61,13221420,13221419,2,0,0,0,0,2,11600,11928,0,0,0,0,2097141,0,0,0,11631,11763,0,1,412200,206928071,69155872,35,35,23,0,0,48,23,0,0,11808,-11746,0,0,0,1,2,2779054081,0
1,1,62,13221421,13221420,2,0,0,0,0,3,11600,11928,0,0,0,0,2097141,-11784,-11792,1,11534,11699,0,0,0,191264856,69155872,36,36,23,0,0,48,23,0,0,11808,-11746,0,0,0,1,2,2779054081,0
1,1,63,13221422,13221421,2,1,1,0,0,0,11600,11928,1,-11627,-12148,1,2097141,0,0,0,11534,11699,0,0,0,191264856,69155872,36,36,23,0,0,49,23,0,0,11808,-11746,1,0,0,1,2,2779054081,0
1,1,64,13221423,13221422,2,0,0,0,0,1,11600,11928,0,0,0,0,2097141,0,0,0,11534,11699,1,0,0,191264856,69155872,36,36,23,0,0,49,23,0,0,11808,-11746,0,0,0,1,2,2779054081,0
