# ev,win,rel,sidx,beat,occ,vpush,vpop,popEmpty,pushFull,rhPhase,rhOutI,rhOutQ,rhValidOut,cfcI,cfcQ,cfcV,cfcEst,csI,csQ,csV,pdI,pdQ,pdV,corrV,corrD,corrThr,psRunmax,psTref,psTrefRaw,psToff,psNewpk,toffVal,taRef,taAcc,taArmed,taSync,pcI,pcQ,pcV,pcStart,pcEnd,sdcAct,r3sSkips,r3sArmed,guard
# win=1 the event window; win=0 the SAME intra-frame phase one air frame (49332 enb beats) earlier, i.e. a matched no-event reference
0,0,-64,1973611,1973610,0,0,0,0,0,1,11496,12052,0,0,0,0,2097143,0,0,0,11720,11781,1,0,0,191604236,0,44,44,62,0,0,56,62,1,0,0,0,0,0,0,0,0,0,1
0,0,-63,1973612,1973611,0,0,0,0,0,2,11740,11852,0,0,0,0,2097143,0,0,0,11720,11781,0,1,5363514,206688872,0,44,44,62,0,0,56,62,1,0,0,0,0,0,0,0,0,0,1
0,0,-62,1973613,1973612,0,1,0,0,0,3,11740,11852,0,0,0,0,2097143,-11555,12050,1,11748,11739,0,0,0,190997445,0,45,45,62,0,0,56,62,1,0,0,0,0,0,0,0,0,0,1
0,0,-61,1973614,1973613,1,0,1,0,0,0,11740,11852,1,-12816,-10303,1,2097143,0,0,0,11748,11739,0,0,0,190997445,0,45,45,62,0,0,57,62,1,0,0,0,0,0,0,0,0,0,1
0,0,-60,1973615,1973614,0,0,0,0,0,1,11680,-12124,0,0,0,0,2097143,0,0,0,11748,11739,1,0,0,190997445,0,45,45,62,0,0,57,62,1,0,0,0,0,0,0,0,0,0,1
0,0,-59,1973616,1973615,0,0,0,0,0,2,-12020,11560,0,0,0,0,2097143,0,0,0,11748,11739,0,1,33652277,206066013,0,45,45,62,0,0,57,62,1,0,0,0,0,0,0,0,0,0,1
0,0,-58,1973617,1973616,0,1,0,0,0,3,-12020,11560,0,0,0,0,2097143,11936,11519,1,-11683,-11703,0,0,0,190055388,0,46,46,62,0,0,57,62,1,0,0,0,0,0,0,0,0,0,1
0,0,-57,1973618,1973617,1,0,1,0,0,0,-12020,11560,1,-13229,-10284,1,2097143,0,0,0,-11683,-11703,0,0,0,190055388,0,46,46,62,0,0,58,62,1,0,0,0,0,0,0,0,0,0,1
0,0,-56,1973619,1973618,0,0,0,0,0,1,11496,12112,0,0,0,0,2097143,0,0,0,-11683,-11703,1,0,0,190055388,0,46,46,62,0,0,58,62,1,0,0,0,0,0,0,0,0,0,1
0,0,-55,1973620,1973619,0,0,0,0,0,2,11872,11760,0,0,0,0,2097143,0,0,0,-11683,-11703,0,1,532900,205995306,0,46,46,62,0,0,58,62,1,0,0,0,0,0,0,0,0,0,1
0,0,-54,1973621,1973620,0,1,0,0,0,3,11872,11760,0,0,0,0,2097143,-11946,11693,1,-11805,-11853,0,0,0,190116291,0,47,47,62,0,0,58,62,1,0,0,0,0,0,0,0,0,0,1
0,0,-53,1973622,1973621,1,0,1,0,0,0,11872,11760,1,13387,10352,1,2097143,0,0,0,-11805,-11853,0,0,0,190116291,0,47,47,62,0,0,59,62,1,0,0,0,0,0,0,0,0,0,1
0,0,-52,1973623,1973622,0,0,0,0,0,1,11736,-12148,0,0,0,0,2097143,0,0,0,-11805,-11853,1,0,0,190116291,0,47,47,62,0,0,59,62,1,0,0,0,0,0,0,0,0,0,1
0,0,-51,1973624,1973623,0,0,0,0,0,2,11540,-11932,0,0,0,0,2097143,0,0,0,-11805,-11853,0,1,454292,206467325,0,47,47,62,0,0,59,62,1,0,0,0,0,0,0,0,0,0,1
0,0,-50,1973625,1973624,0,1,0,0,0,3,11540,-11932,0,0,0,0,2097143,-11504,-11750,1,11944,12022,0,0,0,189938936,0,48,48,62,0,0,59,62,1,0,0,0,0,0,0,0,0,0,1
0,0,-49,1973626,1973625,1,0,1,0,0,0,11540,-11932,1,-13241,-10283,1,2097143,0,0,0,11944,12022,0,0,0,189938936,0,48,48,62,0,0,60,62,1,0,0,0,0,0,0,0,0,0,1
0,0,-48,1973627,1973626,0,0,0,0,0,1,-11960,12048,0,0,0,0,2097143,0,0,0,11944,12022,1,0,0,189938936,0,48,48,62,0,0,60,62,1,0,0,0,0,0,0,0,0,0,1
0,0,-47,1973628,1973627,0,0,0,0,0,2,11620,-11508,0,0,0,0,2097143,0,0,0,11944,12022,0,1,1970810,207602350,0,48,48,62,0,0,60,62,1,0,0,0,0,0,0,0,0,0,1
0,0,-46,1973629,1973628,0,1,0,0,0,3,11620,-11508,0,0,0,0,2097143,-11916,-11781,1,-11975,-12055,0,0,0,190971519,0,49,49,62,0,0,60,62,1,0,0,0,0,0,0,0,0,0,1
0,0,-45,1973630,1973629,1,0,1,0,0,0,11620,-11508,1,-12841,-10147,1,2097143,0,0,0,-11975,-12055,0,0,0,190971519,0,49,49,62,0,0,61,62,1,0,0,0,0,0,0,0,0,0,1
0,0,-44,1973631,1973630,0,0,0,0,0,1,11848,-12024,0,0,0,0,2097143,0,0,0,-11975,-12055,1,0,0,190971519,0,49,49,62,0,0,61,62,1,0,0,0,0,0,0,0,0,0,1
0,0,-43,1973632,1973631,0,0,0,0,0,2,11644,-11792,0,0,0,0,2097143,0,0,0,-11975,-12055,0,1,3667229,208085154,0,49,49,62,0,0,61,62,1,0,0,0,0,0,0,0,0,0,1
0,0,-42,1973633,1973632,0,1,0,0,0,3,11644,-11792,0,0,0,0,2097143,12050,11880,1,11950,12083,0,0,0,191410079,0,50,50,62,0,0,61,62,1,0,0,0,0,0,0,0,0,0,1
0,0,-41,1973634,1973633,1,0,1,0,0,0,11644,-11792,1,-10303,13234,1,2097143,0,0,0,11950,12083,0,0,0,191410079,0,50,50,62,0,0,62,62,1,0,0,0,0,0,0,0,0,0,1
0,0,-40,1973635,1973634,0,0,0,0,0,1,11696,11836,0,0,0,0,2097143,0,0,0,11950,12083,1,0,0,191410079,0,50,50,62,0,0,62,62,1,0,0,0,0,0,0,0,0,0,1
0,0,-39,1973636,1973635,0,0,0,0,0,2,-11888,12024,0,0,0,0,2097143,0,0,0,11950,12083,0,1,443572,208395356,0,50,50,62,0,0,62,62,1,0,0,0,0,0,0,0,0,0,1
0,0,-38,1973637,1973636,0,1,0,0,0,3,-11888,12024,0,0,0,0,2097143,-11888,-11822,1,-11831,-12113,0,0,0,191743505,0,51,51,62,0,0,62,62,1,0,0,0,0,0,0,0,0,0,1
0,0,-37,1973638,1973637,1,0,1,0,0,0,-11888,12024,1,10398,-13244,1,2097143,0,0,0,-11831,-12113,0,0,0,191743505,0,51,51,62,0,0,63,62,1,1,0,0,0,0,0,0,0,0,1
0,0,-36,1973639,1973638,0,0,0,0,0,1,-11832,11708,0,0,0,0,2097143,0,0,0,-11831,-12113,1,0,0,191743505,0,51,51,62,0,0,63,62,0,0,0,0,0,0,0,0,0,0,1
0,0,-35,1973640,1973639,0,0,0,0,0,2,-11700,-12012,0,0,0,0,2097143,0,0,0,-11831,-12113,0,1,10316953,208615810,0,51,51,62,0,0,63,62,0,0,0,0,0,0,0,0,0,0,1
0,0,-34,1973641,1973640,0,1,0,0,0,3,-11700,-12012,0,0,0,0,2097143,-11521,-11626,1,-11645,11962,0,0,0,192539706,0,52,52,62,0,0,63,62,0,0,0,0,0,0,0,0,0,0,1
0,0,-33,1973642,1973641,1,0,1,0,0,0,-11700,-12012,1,10010,-12962,1,2097143,0,0,0,-11645,11962,0,0,0,192539706,0,52,52,62,0,0,64,62,0,0,0,0,0,0,0,0,0,0,1
0,0,-32,1973643,1973642,0,0,0,0,0,1,-11600,-11936,0,0,0,0,2097143,0,0,0,-11645,11962,1,0,0,192539706,0,52,52,62,0,0,64,62,0,0,0,0,0,0,0,0,0,0,1
0,0,-31,1973644,1973643,0,0,0,0,0,2,11768,12060,0,0,0,0,2097143,0,0,0,-11645,11962,0,1,411044,209055723,0,52,52,62,0,0,64,62,0,0,0,0,0,0,0,0,0,0,1
0,0,-30,1973645,1973644,0,1,0,0,0,3,11768,12060,0,0,0,0,2097143,-11805,11914,1,11940,11505,0,0,0,193185246,0,53,53,62,0,0,64,62,0,0,0,0,0,0,0,0,0,0,1
0,0,-29,1973646,1973645,1,0,1,0,0,0,11768,12060,1,13091,10340,1,2097143,0,0,0,11940,11505,0,0,0,193185246,0,53,53,62,0,0,65,62,0,0,0,0,0,0,0,0,0,0,1
0,0,-28,1973647,1973646,0,0,0,0,0,1,-11764,11960,0,0,0,0,2097143,0,0,0,11940,11505,1,0,0,193185246,0,53,53,62,0,0,65,62,0,0,0,0,0,0,0,0,0,0,1
0,0,-27,1973648,1973647,0,0,0,0,0,2,11536,-11940,0,0,0,0,2097143,0,0,0,11940,11505,0,1,2027584,209481489,0,53,53,62,0,0,65,62,0,0,0,0,0,0,0,0,0,0,1
0,0,-26,1973649,1973648,0,1,0,0,0,3,11536,-11940,0,0,0,0,2097143,11936,-11877,1,-11864,11785,0,0,0,193364281,0,54,54,62,0,0,65,62,0,0,0,0,0,0,0,0,0,0,1
0,0,-25,1973650,1973649,1,0,1,0,0,0,11536,-11940,1,-10530,12931,1,2097143,0,0,0,-11864,11785,0,0,0,193364281,0,54,54,62,0,0,66,62,0,0,0,0,0,0,0,0,0,0,1
0,0,-24,1973651,1973650,0,0,0,0,0,1,11840,-11908,0,0,0,0,2097143,0,0,0,-11864,11785,1,0,0,193364281,0,54,54,62,0,0,66,62,0,0,0,0,0,0,0,0,0,0,1
0,0,-23,1973652,1973651,0,0,0,0,0,2,11672,-11552,0,0,0,0,2097143,0,0,0,-11864,11785,0,1,421370,209593015,0,54,54,62,0,0,66,62,0,0,0,0,0,0,0,0,0,0,1
0,0,-22,1973653,1973652,0,1,0,0,0,3,11672,-11552,0,0,0,0,2097143,11521,-11640,1,-11498,-11639,0,0,0,193996564,0,55,55,62,0,0,66,62,0,0,0,0,0,0,0,0,0,0,1
0,0,-21,1973654,1973653,1,0,1,0,0,0,11672,-11552,1,13211,10233,1,2097143,0,0,0,-11498,-11639,0,0,0,193996564,0,55,55,62,0,0,67,62,0,0,0,0,0,0,0,0,0,0,1
0,0,-20,1973655,1973654,0,0,0,0,0,1,11716,-11676,0,0,0,0,2097143,0,0,0,-11498,-11639,1,0,0,193996564,0,55,55,62,0,0,67,62,0,0,0,0,0,0,0,0,0,0,1
0,0,-19,1973656,1973655,0,0,0,0,0,2,11496,-11640,0,0,0,0,2097143,0,0,0,-11498,-11639,0,1,2017405,210102028,0,55,55,62,0,0,67,62,0,0,0,0,0,0,0,0,0,0,1
0,0,-18,1973657,1973656,0,1,0,0,0,3,11496,-11640,0,0,0,0,2097143,11726,11865,1,-11924,-11865,0,0,0,193906963,0,56,56,62,0,0,67,62,0,0,0,0,0,0,0,0,0,0,1
0,0,-17,1973658,1973657,1,0,1,0,0,0,11496,-11640,1,10007,-13244,1,2097143,0,0,0,-11924,-11865,0,0,0,193906963,0,56,56,62,0,0,68,62,0,0,0,0,0,0,0,0,0,0,1
0,0,-16,1973659,1973658,0,0,0,0,0,1,-11732,11780,0,0,0,0,2097143,0,0,0,-11924,-11865,1,0,0,193906963,0,56,56,62,0,0,68,62,0,0,0,0,0,0,0,0,0,0,1
0,0,-15,1973660,1973659,0,0,0,0,0,2,11704,-11668,0,0,0,0,2097143,0,0,0,-11924,-11865,0,1,5242250,210437921,0,56,56,62,0,0,68,62,0,0,0,0,0,0,0,0,0,0,1
0,0,-14,1973661,1973660,0,1,0,0,0,3,11704,-11668,0,0,0,0,2097143,-11989,11590,1,12003,11828,0,0,0,193922518,0,57,57,62,0,0,68,62,0,0,0,0,0,0,0,0,0,0,1
0,0,-13,1973662,1973661,1,0,1,0,0,0,11704,-11668,1,10139,-12834,1,2097143,0,0,0,12003,11828,0,0,0,193922518,0,57,57,62,0,0,69,62,0,0,0,0,0,0,0,0,0,0,1
0,0,-12,1973663,1973662,0,0,0,0,0,1,-11716,11664,0,0,0,0,2097143,0,0,0,12003,11828,1,0,0,193922518,0,57,57,62,0,0,69,62,0,0,0,0,0,0,0,0,0,0,1
0,0,-11,1973664,1973663,0,0,0,0,0,2,-12008,11820,0,0,0,0,2097143,0,0,0,12003,11828,0,1,1983250,210958932,0,57,57,62,0,0,69,62,0,0,0,0,0,0,0,0,0,0,1
0,0,-10,1973665,1973664,0,1,0,0,0,3,-12008,11820,0,0,0,0,2097143,11845,11786,1,-11815,-11676,0,0,0,194746494,0,58,58,62,0,0,69,62,0,0,0,0,0,0,0,0,0,0,1
0,0,-9,1973666,1973665,1,0,1,0,0,0,-12008,11820,1,10128,-13118,1,2097143,0,0,0,-11815,-11676,0,0,0,194746494,0,58,58,62,0,0,70,62,0,0,0,0,0,0,0,0,0,0,1
0,0,-8,1973667,1973666,0,0,0,0,0,1,11908,-11828,0,0,0,0,2097143,0,0,0,-11815,-11676,1,0,0,194746494,0,58,58,62,0,0,70,62,0,0,0,0,0,0,0,0,0,0,1
0,0,-7,1973668,1973667,0,0,0,0,0,2,11840,11728,0,0,0,0,2097143,0,0,0,-11815,-11676,0,1,393130,210400148,0,58,58,62,0,0,70,62,0,0,0,0,0,0,0,0,0,0,1
0,0,-6,1973669,1973668,0,1,0,0,0,3,11840,11728,0,0,0,0,2097143,11548,-11925,1,-11535,-11676,0,0,0,194948307,0,59,59,62,0,0,70,62,0,0,0,0,0,0,0,0,0,0,1
0,0,-5,1973670,1973669,1,0,1,0,0,0,11840,11728,1,-10347,13372,1,2097143,0,0,0,-11535,-11676,0,0,0,194948307,0,59,59,62,0,0,71,62,0,0,0,0,0,0,0,0,0,0,1
0,0,-4,1973671,1973670,0,0,0,0,0,1,-11944,-11624,0,0,0,0,2097143,0,0,0,-11535,-11676,1,0,0,194948307,0,59,59,62,0,0,71,62,0,0,0,0,0,0,0,0,0,0,1
0,0,-3,1973672,1973671,0,0,0,0,0,2,11492,-11784,0,0,0,0,2097143,0,0,0,-11535,-11676,0,1,426458,210746098,0,59,59,62,0,0,71,62,0,0,0,0,0,0,0,0,0,0,1
0,0,-2,1973673,1973672,0,1,0,0,0,3,11492,-11784,0,0,0,0,2097143,11602,-11528,1,-11874,11881,0,0,0,194521133,0,60,60,62,0,0,71,62,0,0,0,0,0,0,0,0,0,0,1
0,0,-1,1973674,1973673,1,0,1,0,0,0,11492,-11784,1,-13067,-10511,1,2097143,0,0,0,-11874,11881,0,0,0,194521133,0,60,60,62,0,0,72,62,0,0,0,0,0,0,0,0,0,0,1
0,0,0,1973675,1973674,0,0,0,0,0,1,11836,-11568,0,0,0,0,2097143,0,0,0,-11874,11881,1,0,0,194521133,0,60,60,62,0,0,72,62,0,0,0,0,0,0,0,0,0,0,1
0,0,1,1973676,1973675,0,0,0,0,0,2,11672,-11620,0,0,0,0,2097143,0,0,0,-11874,11881,0,1,434285,210571286,0,60,60,62,0,0,72,62,0,0,0,0,0,0,0,0,0,0,1
0,0,2,1973677,1973676,0,1,0,0,0,3,11672,-11620,0,0,0,0,2097143,11658,-11780,1,11853,-11781,0,0,0,194217709,0,61,61,62,0,0,72,62,0,0,0,0,0,0,0,0,0,0,1
0,0,3,1973678,1973677,1,0,1,0,0,0,11672,-11620,1,13140,10548,1,2097143,0,0,0,11853,-11781,0,0,0,194217709,0,61,61,62,0,0,73,62,0,0,0,0,0,0,0,0,0,0,1
0,0,4,1973679,1973678,0,0,0,0,0,1,11612,-11660,0,0,0,0,2097143,0,0,0,11853,-11781,1,0,0,194217709,0,61,61,62,0,0,73,62,0,0,0,0,0,0,0,0,0,0,1
0,0,5,1973680,1973679,0,0,0,0,0,2,11560,-11628,0,0,0,0,2097143,0,0,0,11853,-11781,0,1,421745,209411083,0,61,61,62,0,0,73,62,0,0,0,0,0,0,0,0,0,0,1
0,0,6,1973681,1973680,0,1,0,0,0,3,11560,-11628,0,0,0,0,2097143,-11926,11986,1,11537,-11720,0,0,0,193940455,0,62,62,62,0,0,73,62,0,0,0,0,0,0,0,0,0,0,1
0,0,7,1973682,1973681,1,0,1,0,0,0,11560,-11628,1,10008,-13248,1,2097143,0,0,0,11537,-11720,0,0,0,193940455,0,62,62,62,0,0,74,62,0,0,0,0,0,0,0,0,0,0,1
0,0,8,1973683,1973682,0,0,0,0,0,1,-11952,11960,0,0,0,0,2097143,0,0,0,11537,-11720,1,0,0,193940455,0,62,62,62,0,0,74,62,0,0,0,0,0,0,0,0,0,0,1
0,0,9,1973684,1973683,0,0,0,0,0,2,11656,-11712,0,0,0,0,2097143,0,0,0,11537,-11720,0,1,69455581,208786548,0,62,62,62,1,0,74,62,0,0,0,0,0,0,0,0,0,0,1
0,0,10,1973685,1973684,0,1,0,0,0,3,11656,-11712,0,0,0,0,2097143,-11710,-12005,1,11801,11789,0,0,0,192736008,69455581,63,63,62,0,0,74,62,0,0,0,0,0,0,0,0,0,0,1
0,0,11,1973686,1973685,1,0,1,0,0,0,11656,-11712,1,10190,-12880,1,2097143,0,0,0,11801,11789,0,0,0,192736008,69455581,63,63,62,0,0,75,62,0,0,0,0,0,0,0,0,0,0,1
0,0,12,1973687,1973686,0,0,0,0,0,1,12016,-11916,0,0,0,0,2097143,0,0,0,11801,11789,1,0,0,192736008,69455581,63,63,62,0,0,75,62,0,0,0,0,0,0,0,0,0,0,1
0,0,13,1973688,1973687,0,0,0,0,0,2,-11888,11912,0,0,0,0,2097143,0,0,0,11801,11789,0,1,430709,208172947,69455581,63,63,62,0,0,75,62,0,0,0,0,0,0,0,0,0,0,1
0,0,14,1973689,1973688,0,1,0,0,0,3,-11888,11912,0,0,0,0,2097143,11786,12041,1,-11980,11584,0,0,0,192134697,69455581,64,64,62,0,0,75,62,0,0,0,0,0,0,0,0,0,0,1
0,0,15,1973690,1973689,1,0,1,0,0,0,-11888,11912,1,10004,-12945,1,2097143,0,0,0,-11980,11584,0,0,0,192134697,69455581,64,64,62,0,0,76,62,0,0,0,0,0,0,0,0,0,0,1
0,0,16,1973691,1973690,0,0,0,0,0,1,-12084,-11500,0,0,0,0,2097143,0,0,0,-11980,11584,1,0,0,192134697,69455581,64,64,62,0,0,76,62,0,0,0,0,0,0,0,0,0,0,1
0,0,17,1973692,1973691,0,0,0,0,0,2,-11736,11520,0,0,0,0,2097143,0,0,0,-11980,11584,0,1,434957,208201399,69455581,64,64,62,0,0,76,62,0,0,0,0,0,0,0,0,0,0,1
0,0,18,1973693,1973692,0,1,0,0,0,3,-11736,11520,0,0,0,0,2097143,11508,-11968,1,11789,11831,0,0,0,192096843,69455581,65,65,62,0,0,76,62,0,0,0,0,0,0,0,0,0,0,1
0,0,19,1973694,1973693,1,0,1,0,0,0,-11736,11520,1,10208,-12999,1,2097143,0,0,0,11789,11831,0,0,0,192096843,69455581,65,65,62,0,0,77,62,0,0,0,0,0,0,0,0,0,0,1
0,0,20,1973695,1973694,0,0,0,0,0,1,12056,-11696,0,0,0,0,2097143,0,0,0,11789,11831,1,0,0,192096843,69455581,65,65,62,0,0,77,62,0,0,0,0,0,0,0,0,0,0,1
0,0,21,1973696,1973695,0,0,0,0,0,2,11876,11740,0,0,0,0,2097143,0,0,0,11789,11831,0,1,2072057,208224844,69455581,65,65,62,0,0,77,62,0,0,0,0,0,0,0,0,0,0,1
0,0,22,1973697,1973696,0,1,0,0,0,3,11876,11740,0,0,0,0,2097143,11650,-11577,1,11530,-11893,0,0,0,192330922,69455581,66,66,62,0,0,77,62,0,0,0,0,0,0,0,0,0,0,1
0,0,23,1973698,1973697,1,0,1,0,0,0,11876,11740,1,-10491,13184,1,2097143,0,0,0,11530,-11893,0,0,0,192330922,69455581,66,66,62,0,0,78,62,0,0,0,0,0,0,0,0,0,0,1
0,0,24,1973699,1973698,0,0,0,0,0,1,-12020,-11516,0,0,0,0,2097143,0,0,0,11530,-11893,1,0,0,192330922,69455581,66,66,62,0,0,78,62,0,0,0,0,0,0,0,0,0,0,1
0,0,25,1973700,1973699,0,0,0,0,0,2,11524,-11996,0,0,0,0,2097143,0,0,0,11530,-11893,0,1,2095893,207536629,69455581,66,66,62,0,0,78,62,0,0,0,0,0,0,0,0,0,0,1
0,0,26,1973701,1973700,0,1,0,0,0,3,11524,-11996,0,0,0,0,2097143,11526,-11610,1,11589,-11545,0,0,0,192107636,69455581,67,67,62,0,0,78,62,0,0,0,0,0,0,0,0,0,0,1
0,0,27,1973702,1973701,1,0,1,0,0,0,11524,-11996,1,13172,10210,1,2097143,0,0,0,11589,-11545,0,0,0,192107636,69455581,67,67,62,0,0,79,62,0,0,0,0,0,0,0,0,0,0,1
0,0,28,1973703,1973702,0,0,0,0,0,1,11908,-11696,0,0,0,0,2097143,0,0,0,11589,-11545,1,0,0,192107636,69455581,67,67,62,0,0,79,62,0,0,0,0,0,0,0,0,0,0,1
0,0,29,1973704,1973703,0,0,0,0,0,2,11744,11868,0,0,0,0,2097143,0,0,0,11589,-11545,0,1,2126858,207783080,69455581,67,67,62,0,0,79,62,0,0,0,0,0,0,0,0,0,0,1
0,0,30,1973705,1973704,0,1,0,0,0,3,11744,11868,0,0,0,0,2097143,11709,-11666,1,11716,-11890,0,0,0,191940178,69455581,68,68,62,0,0,79,62,0,0,0,0,0,0,0,0,0,0,1
0,0,31,1973706,1973705,1,0,1,0,0,0,11744,11868,1,9983,-13088,1,2097143,0,0,0,11716,-11890,0,0,0,191940178,69455581,68,68,62,0,0,80,62,0,0,0,0,0,0,0,0,0,0,1
0,0,32,1973707,1973706,0,0,0,0,0,1,11636,11976,0,0,0,0,2097143,0,0,0,11716,-11890,1,0,0,191940178,69455581,68,68,62,0,0,80,62,0,0,0,0,0,0,0,0,0,0,1
0,0,33,1973708,1973707,0,0,0,0,0,2,-12016,11544,0,0,0,0,2097143,0,0,0,11716,-11890,0,1,456250,208077853,69455581,68,68,62,0,0,80,62,0,0,0,0,0,0,0,0,0,0,1
0,0,34,1973709,1973708,0,1,0,0,0,3,-12016,11544,0,0,0,0,2097143,-12017,11809,1,-11769,12065,0,0,0,191588015,69455581,69,69,62,0,0,80,62,0,0,0,0,0,0,0,0,0,0,1
0,0,35,1973710,1973709,1,0,1,0,0,0,-12016,11544,1,10182,-12947,1,2097143,0,0,0,-11769,12065,0,0,0,191588015,69455581,69,69,62,0,0,81,62,0,0,0,0,0,0,0,0,0,0,1
0,0,36,1973711,1973710,0,0,0,0,0,1,-11968,-11804,0,0,0,0,2097143,0,0,0,-11769,12065,1,0,0,191588015,69455581,69,69,62,0,0,81,62,0,0,0,0,0,0,0,0,0,0,1
0,0,37,1973712,1973711,0,0,0,0,0,2,11868,11588,0,0,0,0,2097143,0,0,0,-11769,12065,0,1,439633,207784111,69455581,69,69,62,0,0,81,62,0,0,0,0,0,0,0,0,0,0,1
0,0,38,1973713,1973712,0,1,0,0,0,3,11868,11588,0,0,0,0,2097143,11836,11732,1,-11745,-12045,0,0,0,191562450,69455581,70,70,62,0,0,81,62,0,0,0,0,0,0,0,0,0,0,1
0,0,39,1973714,1973713,1,0,1,0,0,0,11868,11588,1,10070,-12941,1,2097143,0,0,0,-11745,-12045,0,0,0,191562450,69455581,70,70,62,0,0,82,62,0,0,0,0,0,0,0,0,0,0,1
0,0,40,1973715,1973714,0,0,0,0,0,1,11984,-11536,0,0,0,0,2097143,0,0,0,-11745,-12045,1,0,0,191562450,69455581,70,70,62,0,0,82,62,0,0,0,0,0,0,0,0,0,0,1
0,0,41,1973716,1973715,0,0,0,0,0,2,11556,11676,0,0,0,0,2097143,0,0,0,-11745,-12045,0,1,383330,207946259,69455581,70,70,62,0,0,82,62,0,0,0,0,0,0,0,0,0,0,1
0,0,42,1973717,1973716,0,1,0,0,0,3,11556,11676,0,0,0,0,2097143,11469,-11808,1,11720,12005,0,0,0,191571673,69455581,71,71,62,0,0,82,62,0,0,0,0,0,0,0,0,0,0,1
0,0,43,1973718,1973717,1,0,1,0,0,0,11556,11676,1,10154,-13037,1,2097143,0,0,0,11720,12005,0,0,0,191571673,69455581,71,71,62,0,0,83,62,0,0,0,0,0,0,0,0,0,0,1
0,0,44,1973719,1973718,0,0,0,0,0,1,-11868,-11640,0,0,0,0,2097143,0,0,0,11720,12005,1,0,0,191571673,69455581,71,71,62,0,0,83,62,0,0,0,0,0,0,0,0,0,0,1
0,0,45,1973720,1973719,0,0,0,0,0,2,11588,-11940,0,0,0,0,2097143,0,0,0,11720,12005,0,1,6978817,208394405,69455581,71,71,62,0,0,83,62,0,0,0,0,0,0,0,0,0,0,1
0,0,46,1973721,1973720,0,1,0,0,0,3,11588,-11940,0,0,0,0,2097143,11667,-11627,1,11552,-11845,0,0,0,192494418,69455581,72,72,62,0,0,83,62,0,0,0,0,0,0,0,0,0,0,1
0,0,47,1973722,1973721,1,0,1,0,0,0,11588,-11940,1,-10360,13261,1,2097143,0,0,0,11552,-11845,0,0,0,192494418,69455581,72,72,62,0,0,84,62,0,0,0,0,0,0,0,0,0,0,1
0,0,48,1973723,1973722,0,0,0,0,0,1,-11572,-11624,0,0,0,0,2097143,0,0,0,11552,-11845,1,0,0,192494418,69455581,72,72,62,0,0,84,62,0,0,0,0,0,0,0,0,0,0,1
0,0,49,1973724,1973723,0,0,0,0,0,2,11708,11820,0,0,0,0,2097143,0,0,0,11552,-11845,0,1,2147762,207728107,69455581,72,72,62,0,0,84,62,0,0,0,0,0,0,0,0,0,0,1
0,0,50,1973725,1973724,0,1,0,0,0,3,11708,11820,0,0,0,0,2097143,11547,-11642,1,11699,-11526,0,0,0,192169440,69455581,73,73,62,0,0,84,62,0,0,0,0,0,0,0,0,0,0,1
0,0,51,1973726,1973725,1,0,1,0,0,0,11708,11820,1,-10258,12854,1,2097143,0,0,0,11699,-11526,0,0,0,192169440,69455581,73,73,62,0,0,85,62,0,0,-11608,11921,1,1,0,1,0,0,0
0,0,52,1973727,1973726,0,0,0,0,0,1,-11576,-11576,0,0,0,0,2097143,0,0,0,11699,-11526,1,0,0,192169440,69455581,73,73,62,0,0,85,62,0,0,-11608,11921,0,0,0,1,0,0,0
0,0,53,1973728,1973727,0,0,0,0,0,2,-12020,11740,0,0,0,0,2097143,0,0,0,11699,-11526,0,1,10281232,206811574,69455581,73,73,62,0,0,85,62,0,0,11900,11466,0,0,0,1,0,0,0
0,0,54,1973729,1973728,0,1,0,0,0,3,-12020,11740,0,0,0,0,2097143,11628,-11741,1,11534,-11616,0,0,0,191374530,69455581,74,74,62,0,0,85,62,0,0,11900,11466,0,0,0,1,0,0,0
0,0,55,1973730,1973729,1,0,1,0,0,0,-12020,11740,1,13204,10223,1,2097143,0,0,0,11534,-11616,0,0,0,191374530,69455581,74,74,62,0,0,86,62,0,0,11900,11466,1,0,0,1,0,0,0
0,0,56,1973731,1973730,0,0,0,0,0,1,-11700,-11680,0,0,0,0,2097143,0,0,0,11534,-11616,1,0,0,191374530,69455581,74,74,62,0,0,86,62,0,0,11900,11466,0,0,0,1,0,0,0
0,0,57,1973732,1973731,0,0,0,0,0,2,11868,-11984,0,0,0,0,2097143,0,0,0,11534,-11616,0,1,1999309,207098419,69455581,74,74,62,0,0,86,62,0,0,-11826,11745,0,0,0,1,0,0,0
0,0,58,1973733,1973732,0,1,0,0,0,3,11868,-11984,0,0,0,0,2097143,-11870,11929,1,11820,-11702,0,0,0,191340946,69455581,75,75,62,0,0,86,62,0,0,-11826,11745,0,0,0,1,0,0,0
0,0,59,1973734,1973733,1,0,1,0,0,0,11868,-11984,1,9995,-13298,1,2097143,0,0,0,11820,-11702,0,0,0,191340946,69455581,75,75,62,0,0,87,62,0,0,-11826,11745,1,0,0,1,0,0,0
0,0,60,1973735,1973734,0,0,0,0,0,1,12008,11840,0,0,0,0,2097143,0,0,0,11820,-11702,1,0,0,191340946,69455581,75,75,62,0,0,87,62,0,0,-11826,11745,0,0,0,1,0,0,0
0,0,61,1973736,1973735,0,0,0,0,0,2,11496,12052,0,0,0,0,2097143,0,0,0,11820,-11702,0,1,10304125,207420463,69455581,75,75,62,0,0,87,62,0,0,-11461,-11601,0,0,0,1,0,0,0
0,0,62,1973737,1973736,0,1,0,0,0,3,11496,12052,0,0,0,0,2097143,-11710,11546,1,-11997,11709,0,0,0,191047879,69455581,76,76,62,0,0,87,62,0,0,-11461,-11601,0,0,0,1,0,0,0
0,0,63,1973738,1973737,1,0,1,0,0,0,11496,12052,1,13088,10366,1,2097143,0,0,0,-11997,11709,0,0,0,191047879,69455581,76,76,62,0,0,88,62,0,0,-11461,-11601,1,0,0,1,0,0,0
0,0,64,1973739,1973738,0,0,0,0,0,1,-11896,11704,0,0,0,0,2097143,0,0,0,-11997,11709,1,0,0,191047879,69455581,76,76,62,0,0,88,62,0,0,-11461,-11601,0,0,0,1,0,0,0
0,1,-64,2022943,2022942,1,0,0,0,0,1,11728,-11976,0,0,0,0,2097142,0,0,0,11839,11847,1,0,0,191006204,69305625,43,43,30,0,0,56,62,1,0,-11552,-11600,0,0,0,1,0,2779054081,0
0,1,-63,2022944,2022943,1,0,0,0,0,2,11532,12000,0,0,0,0,2097142,0,0,0,11839,11847,0,1,10304200,207086835,69305625,43,43,30,0,0,56,62,1,0,-11665,11808,0,0,0,1,0,2779054081,0
0,1,-62,2022945,2022944,1,0,0,0,0,3,11532,12000,0,0,0,0,2097142,-11864,11479,1,11659,11667,0,0,0,190936920,69305625,44,44,30,0,0,56,62,1,0,-11665,11808,0,0,0,1,0,2779054081,0
0,1,-61,2022946,2022945,1,1,1,0,0,0,11532,12000,1,7993,14635,1,2097142,0,0,0,11659,11667,0,0,0,190936920,69305625,44,44,30,0,0,57,62,1,0,-11665,11808,1,0,0,1,0,2779054081,0
0,1,-60,2022947,2022946,1,0,0,0,0,1,11532,12000,0,0,0,0,2097142,0,0,0,11659,11667,1,0,0,190936920,69305625,44,44,30,0,0,57,62,1,0,-11665,11808,0,0,0,1,0,2779054081,0
0,1,-59,2022948,2022947,1,0,0,0,0,2,11672,-12080,0,0,0,0,2097142,0,0,0,11659,11667,0,1,7018605,207070685,69305625,44,44,30,0,0,57,62,1,0,-11458,-11898,0,0,0,1,0,2779054081,0
0,1,-58,2022949,2022948,1,0,0,0,0,3,11672,-12080,0,0,0,0,2097142,11755,11842,1,-11807,-11755,0,0,0,191121438,69305625,45,45,30,0,0,57,62,1,0,-11458,-11898,0,0,0,1,0,2779054081,0
0,1,-57,2022950,2022949,1,1,1,0,0,0,11672,-12080,1,-14794,7669,1,2097142,0,0,0,-11807,-11755,0,0,0,191121438,69305625,45,45,30,0,0,58,62,1,0,-11458,-11898,1,0,0,1,0,2779054081,0
0,1,-56,2022951,2022950,1,0,0,0,0,1,11672,-12080,0,0,0,0,2097142,0,0,0,-11807,-11755,1,0,0,191121438,69305625,45,45,30,0,0,58,62,1,0,-11458,-11898,0,0,0,1,0,2779054081,0
0,1,-55,2022952,2022951,1,0,0,0,0,2,11500,12088,0,0,0,0,2097142,0,0,0,-11807,-11755,0,1,5377705,206471880,69305625,45,45,30,0,0,58,62,1,0,-11679,-11590,0,0,0,1,0,2779054081,0
0,1,-54,2022953,2022952,1,0,0,0,0,3,11500,12088,0,0,0,0,2097142,11528,-11977,1,-11719,-11746,0,0,0,190975584,69305625,46,46,30,0,0,58,62,1,0,-11679,-11590,0,0,0,1,0,2779054081,0
0,1,-53,2022954,2022953,1,1,1,0,0,0,11500,12088,1,7941,14444,1,2097142,0,0,0,-11719,-11746,0,0,0,190975584,69305625,46,46,30,0,0,59,62,1,0,-11679,-11590,1,0,0,1,0,2779054081,0
0,1,-52,2022955,2022954,1,0,0,0,0,1,11500,12088,0,0,0,0,2097142,0,0,0,-11719,-11746,1,0,0,190975584,69305625,46,46,30,0,0,59,62,1,0,-11679,-11590,0,0,0,1,0,2779054081,0
0,1,-51,2022956,2022955,1,0,0,0,0,2,11824,-12072,0,0,0,0,2097142,0,0,0,-11719,-11746,0,1,1973045,206332729,69305625,46,46,30,0,0,59,62,1,0,11914,11871,0,0,0,1,0,2779054081,0
0,1,-50,2022957,2022956,1,0,0,0,0,3,11824,-12072,0,0,0,0,2097142,11807,11775,1,11981,11959,0,0,0,190681626,69305625,47,47,30,0,0,59,62,1,0,11914,11871,0,0,0,1,0,2779054081,0
0,1,-49,2022958,2022957,1,1,1,0,0,0,11824,-12072,1,7730,14594,1,2097142,0,0,0,11981,11959,0,0,0,190681626,69305625,47,47,30,0,0,60,62,1,0,11914,11871,1,0,0,1,0,2779054081,0
0,1,-48,2022959,2022958,1,0,0,0,0,1,11824,-12072,0,0,0,0,2097142,0,0,0,11981,11959,1,0,0,190681626,69305625,47,47,30,0,0,60,62,1,0,11914,11871,0,0,0,1,0,2779054081,0
0,1,-47,2022960,2022959,1,0,0,0,0,2,-11920,12008,0,0,0,0,2097142,0,0,0,11981,11959,0,1,5325268,206372551,69305625,47,47,30,0,0,60,62,1,0,-11959,11475,0,0,0,1,0,2779054081,0
0,1,-46,2022961,2022960,1,0,0,0,0,3,-11920,12008,0,0,0,0,2097142,-11998,11564,1,-11975,-12039,0,0,0,190882153,69305625,48,48,30,0,0,60,62,1,0,-11959,11475,0,0,0,1,0,2779054081,0
0,1,-45,2022962,2022961,1,1,1,0,0,0,-11920,12008,1,14494,-8107,1,2097142,0,0,0,-11975,-12039,0,0,0,190882153,69305625,48,48,30,0,0,61,62,1,0,-11959,11475,1,0,0,1,0,2779054081,0
0,1,-44,2022963,2022962,1,0,0,0,0,1,-11920,12008,0,0,0,0,2097142,0,0,0,-11975,-12039,1,0,0,190882153,69305625,48,48,30,0,0,61,62,1,0,-11959,11475,0,0,0,1,0,2779054081,0
0,1,-43,2022964,2022963,1,0,0,0,0,2,11688,-11940,0,0,0,0,2097142,0,0,0,-11975,-12039,0,1,6976385,206279248,69305625,48,48,30,0,0,61,62,1,0,-11443,11700,0,0,0,1,0,2779054081,0
0,1,-42,2022965,2022964,1,0,0,0,0,3,11688,-11940,0,0,0,0,2097142,11703,11607,1,12032,12014,0,0,0,190292805,69305625,49,49,30,0,0,61,62,1,0,-11443,11700,0,0,0,1,0,2779054081,0
0,1,-41,2022966,2022965,1,1,1,0,0,0,11688,-11940,1,7973,14550,1,2097142,0,0,0,12032,12014,0,0,0,190292805,69305625,49,49,30,0,0,62,62,1,0,-11443,11700,1,0,0,1,0,2779054081,0
0,1,-40,2022967,2022966,1,0,0,0,0,1,11688,-11940,0,0,0,0,2097142,0,0,0,12032,12014,1,0,0,190292805,69305625,49,49,30,0,0,62,62,1,0,-11443,11700,0,0,0,1,0,2779054081,0
0,1,-39,2022968,2022967,1,0,0,0,0,2,11816,11656,0,0,0,0,2097142,0,0,0,12032,12014,0,1,10322113,205982223,69305625,49,49,30,0,0,62,62,1,0,-11743,-11991,0,0,0,1,0,2779054081,0
0,1,-38,2022969,2022968,1,0,0,0,0,3,11816,11656,0,0,0,0,2097142,11588,11766,1,-11959,-12070,0,0,0,189948521,69305625,50,50,30,0,0,62,62,1,0,-11743,-11991,0,0,0,1,0,2779054081,0
0,1,-37,2022970,2022969,1,1,1,0,0,0,11816,11656,1,-14846,7942,1,2097142,0,0,0,-11959,-12070,0,0,0,189948521,69305625,50,50,30,0,0,63,62,1,1,-11743,-11991,1,0,0,1,0,2779054081,0
0,1,-36,2022971,2022970,1,0,0,0,0,1,11816,11656,0,0,0,0,2097142,0,0,0,-11959,-12070,1,0,0,189948521,69305625,50,50,30,0,0,63,62,0,0,-11743,-11991,0,0,0,1,0,2779054081,0
0,1,-35,2022972,2022971,1,0,0,0,0,2,-11676,11852,0,0,0,0,2097142,0,0,0,-11959,-12070,0,1,1977937,205399915,69305625,50,50,30,0,0,63,62,0,0,11941,12036,0,0,0,1,0,2779054081,0
0,1,-34,2022973,2022972,1,0,0,0,0,3,-11676,11852,0,0,0,0,2097142,11585,-11900,1,-11555,12050,0,0,0,189681335,69305625,51,51,30,0,0,63,62,0,0,11941,12036,0,0,0,1,0,2779054081,0
0,1,-33,2022974,2022973,1,1,1,0,0,0,-11676,11852,1,14662,-8125,1,2097142,0,0,0,-11555,12050,0,0,0,189681335,69305625,51,51,30,0,0,64,62,0,0,11941,12036,1,0,0,1,0,2779054081,0
0,1,-32,2022975,2022974,1,0,0,0,0,1,-11676,11852,0,0,0,0,2097142,0,0,0,-11555,12050,1,0,0,189681335,69305625,51,51,30,0,0,64,62,0,0,11941,12036,0,0,0,1,0,2779054081,0
0,1,-31,2022976,2022975,1,0,0,0,0,2,-11604,-11896,0,0,0,0,2097142,0,0,0,-11555,12050,0,1,5423120,205307723,69305625,51,51,30,0,0,64,62,0,0,-11995,-12054,0,0,0,1,0,2779054081,0
0,1,-30,2022977,2022976,1,0,0,0,0,3,-11604,-11896,0,0,0,0,2097142,11817,11645,1,11936,11519,0,0,0,189249357,69305625,52,52,30,0,0,64,62,0,0,-11995,-12054,0,0,0,1,0,2779054081,0
0,1,-29,2022978,2022977,1,1,1,0,0,0,-11604,-11896,1,7620,14795,1,2097142,0,0,0,11936,11519,0,0,0,189249357,69305625,52,52,30,0,0,65,62,0,0,-11995,-12054,1,0,0,1,0,2779054081,0
0,1,-28,2022979,2022978,1,0,0,0,0,1,-11604,-11896,0,0,0,0,2097142,0,0,0,11936,11519,1,0,0,189249357,69305625,52,52,30,0,0,65,62,0,0,-11995,-12054,0,0,0,1,0,2779054081,0
0,1,-27,2022980,2022979,1,0,0,0,0,2,-11840,11868,0,0,0,0,2097142,0,0,0,11936,11519,0,1,7089364,205458373,69305625,52,52,30,0,0,65,62,0,0,11969,11966,0,0,0,1,0,2779054081,0
0,1,-26,2022981,2022980,1,0,0,0,0,3,-11840,11868,0,0,0,0,2097142,-11974,11836,1,-11946,11693,0,0,0,189519382,69305625,53,53,30,0,0,65,62,0,0,11969,11966,0,0,0,1,0,2779054081,0
0,1,-25,2022982,2022981,1,1,1,0,0,0,-11840,11868,1,14638,-8240,1,2097142,0,0,0,-11946,11693,0,0,0,189519382,69305625,53,53,30,0,0,66,62,0,0,11969,11966,1,0,0,1,0,2779054081,0
0,1,-24,2022983,2022982,1,0,0,0,0,1,-11840,11868,0,0,0,0,2097142,0,0,0,-11946,11693,1,0,0,189519382,69305625,53,53,30,0,0,66,62,0,0,11969,11966,0,0,0,1,0,2779054081,0
0,1,-23,2022984,2022983,1,0,0,0,0,2,11692,-11716,0,0,0,0,2097142,0,0,0,-11946,11693,0,1,415636,205920116,69305625,53,53,30,0,0,66,62,0,0,11405,-12027,0,0,0,1,0,2779054081,0
0,1,-22,2022985,2022984,1,0,0,0,0,3,11692,-11716,0,0,0,0,2097142,11727,-11978,1,-11504,-11750,0,0,0,189882348,69305625,54,54,30,0,0,66,62,0,0,11405,-12027,0,0,0,1,0,2779054081,0
0,1,-21,2022986,2022985,1,1,1,0,0,0,11692,-11716,1,7564,14870,1,2097142,0,0,0,-11504,-11750,0,0,0,189882348,69305625,54,54,30,0,0,67,62,0,0,11405,-12027,1,0,0,1,0,2779054081,0
0,1,-20,2022987,2022986,1,0,0,0,0,1,11692,-11716,0,0,0,0,2097142,0,0,0,-11504,-11750,1,0,0,189882348,69305625,54,54,30,0,0,67,62,0,0,11405,-12027,0,0,0,1,0,2779054081,0
0,1,-19,2022988,2022987,1,0,0,0,0,2,11812,-11784,0,0,0,0,2097142,0,0,0,-11504,-11750,0,1,2021266,206491163,69305625,54,54,30,0,0,67,62,0,0,11668,11847,0,0,0,1,0,2779054081,0
0,1,-18,2022989,2022988,1,0,0,0,0,3,11812,-11784,0,0,0,0,2097142,11554,11976,1,-11916,-11781,0,0,0,190475184,69305625,55,55,30,0,0,67,62,0,0,11668,11847,0,0,0,1,0,2779054081,0
0,1,-17,2022990,2022989,1,1,1,0,0,0,11812,-11784,1,14782,-8189,1,2097142,0,0,0,-11916,-11781,0,0,0,190475184,69305625,55,55,30,0,0,68,62,0,0,11668,11847,1,0,0,1,0,2779054081,0
0,1,-16,2022991,2022990,1,0,0,0,0,1,11812,-11784,0,0,0,0,2097142,0,0,0,-11916,-11781,1,0,0,190475184,69305625,55,55,30,0,0,68,62,0,0,11668,11847,0,0,0,1,0,2779054081,0
0,1,-15,2022992,2022991,1,0,0,0,0,2,-11588,11628,0,0,0,0,2097142,0,0,0,-11916,-11781,0,1,5106960,206196960,69305625,55,55,30,0,0,68,62,0,0,11509,11591,0,0,0,1,0,2779054081,0
0,1,-14,2022993,2022992,1,0,0,0,0,3,-11588,11628,0,0,0,0,2097142,11680,-12073,1,12050,11880,0,0,0,190526788,69305625,56,56,30,0,0,68,62,0,0,11509,11591,0,0,0,1,0,2779054081,0
0,1,-13,2022994,2022993,1,1,1,0,0,0,-11588,11628,1,-14855,8098,1,2097142,0,0,0,12050,11880,0,0,0,190526788,69305625,56,56,30,0,0,69,62,0,0,11509,11591,1,0,0,1,0,2779054081,0
0,1,-12,2022995,2022994,1,0,0,0,0,1,-11588,11628,0,0,0,0,2097142,0,0,0,12050,11880,1,0,0,190526788,69305625,56,56,30,0,0,69,62,0,0,11509,11591,0,0,0,1,0,2779054081,0
0,1,-11,2022996,2022995,1,0,0,0,0,2,-11852,11788,0,0,0,0,2097142,0,0,0,12050,11880,0,1,11763625,205777078,69305625,56,56,30,0,0,69,62,0,0,11681,-11935,0,0,0,1,0,2779054081,0
0,1,-10,2022997,2022996,1,0,0,0,0,3,-11852,11788,0,0,0,0,2097142,11513,12073,1,-11888,-11822,0,0,0,190047045,69305625,57,57,30,0,0,69,62,0,0,11681,-11935,0,0,0,1,0,2779054081,0
0,1,-9,2022998,2022997,1,1,1,0,0,0,-11852,11788,1,14616,-8096,1,2097142,0,0,0,-11888,-11822,0,0,0,190047045,69305625,57,57,30,0,0,70,62,0,0,11681,-11935,1,0,0,1,0,2779054081,0
0,1,-8,2022999,2022998,1,0,0,0,0,1,-11852,11788,0,0,0,0,2097142,0,0,0,-11888,-11822,1,0,0,190047045,69305625,57,57,30,0,0,70,62,0,0,11681,-11935,0,0,0,1,0,2779054081,0
0,1,-7,2023000,2022999,1,0,0,0,0,2,11900,-11676,0,0,0,0,2097142,0,0,0,-11888,-11822,0,1,5329730,205736766,69305625,57,57,30,0,0,70,62,0,0,-11735,11989,0,0,0,1,0,2779054081,0
0,1,-6,2023001,2023000,1,0,0,0,0,3,11900,-11676,0,0,0,0,2097142,11795,-12101,1,-11521,-11626,0,0,0,189827831,69305625,58,58,30,0,0,70,62,0,0,-11735,11989,0,0,0,1,0,2779054081,0
0,1,-5,2023002,2023001,1,1,1,0,0,0,11900,-11676,1,7985,14549,1,2097142,0,0,0,-11521,-11626,0,0,0,189827831,69305625,58,58,30,0,0,71,62,0,0,-11735,11989,1,0,0,1,0,2779054081,0
0,1,-4,2023003,2023002,1,0,0,0,0,1,11900,-11676,0,0,0,0,2097142,0,0,0,-11521,-11626,1,0,0,189827831,69305625,58,58,30,0,0,71,62,0,0,-11735,11989,0,0,1,0,0,2779054081,1
0,1,-3,2023004,2023003,1,0,0,0,0,2,-11864,-11660,0,0,0,0,2097142,0,0,0,-11521,-11626,0,1,2025721,206116257,69305625,58,58,30,0,0,71,62,0,0,0,0,0,0,0,0,0,2779054081,1
0,1,-2,2023005,2023004,1,0,0,0,0,3,-11864,-11660,0,0,0,0,2097142,-11961,11965,1,-11805,11914,0,0,0,190240470,69305625,59,59,30,0,0,71,62,0,0,0,0,0,0,0,0,0,2779054081,1
0,1,-1,2023006,2023005,1,1,0,0,0,0,-11864,-11660,0,-14580,8012,1,2097142,0,0,0,-11805,11914,0,0,0,190240470,69305625,59,59,30,0,0,72,62,0,0,0,0,0,0,0,0,0,2779054081,1
0,1,0,2023007,2023006,2,0,0,0,0,1,-11864,-11660,0,0,0,0,2097142,0,0,0,-11805,11914,1,0,0,190240470,69305625,59,59,30,0,0,72,62,0,0,0,0,0,0,0,0,1,2779054081,1
0,1,1,2023008,2023007,2,0,0,0,0,2,-11864,-11660,0,0,0,0,2097142,0,0,0,-11805,11914,0,1,439618,206815059,69305625,59,59,30,0,0,72,62,0,0,0,0,0,0,0,0,1,2779054081,1
0,1,2,2023009,2023008,2,0,0,0,0,3,-11864,-11660,0,0,0,0,2097142,11718,-11910,1,11936,-11877,0,0,0,190465154,69305625,60,60,30,0,0,72,62,0,0,0,0,0,0,0,0,1,2779054081,1
0,1,3,2023010,2023009,2,1,1,0,0,0,-11864,-11660,1,-7713,-14720,1,2097142,0,0,0,11936,-11877,0,0,0,190465154,69305625,60,60,30,0,0,73,62,0,0,0,0,0,0,0,0,1,2779054081,1
0,1,4,2023011,2023010,2,0,0,0,0,1,-11864,-11660,0,0,0,0,2097142,0,0,0,11936,-11877,1,0,0,190465154,69305625,60,60,30,0,0,73,62,0,0,0,0,0,0,0,0,1,2779054081,1
0,1,5,2023012,2023011,2,0,0,0,0,2,11640,-11548,0,0,0,0,2097142,0,0,0,11936,-11877,0,1,2060945,207531953,69305625,60,60,30,0,0,73,62,0,0,0,0,0,0,0,0,1,2779054081,1
0,1,6,2023013,2023012,2,0,0,0,0,3,11640,-11548,0,0,0,0,2097142,11811,11658,1,11521,-11640,0,0,0,191324661,69305625,61,61,30,0,0,73,62,0,0,0,0,0,0,0,0,1,2779054081,1
0,1,7,2023014,2023013,2,1,1,0,0,0,11640,-11548,1,-14742,7981,1,2097142,0,0,0,11521,-11640,0,0,0,191324661,69305625,61,61,30,0,0,74,62,0,0,0,0,0,0,0,0,1,2779054081,1
0,1,8,2023015,2023014,2,0,0,0,0,1,11640,-11548,0,0,0,0,2097142,0,0,0,11521,-11640,1,0,0,191324661,69305625,61,61,30,0,0,74,62,0,0,0,0,0,0,0,0,1,2779054081,1
0,1,9,2023016,2023015,2,0,0,0,0,2,11780,-11788,0,0,0,0,2097142,0,0,0,11521,-11640,0,1,1932192,207517734,69305625,61,61,30,0,0,74,62,0,0,0,0,0,0,0,0,1,2779054081,1
0,1,10,2023017,2023016,2,0,0,0,0,3,11780,-11788,0,0,0,0,2097142,-11686,11841,1,11726,11865,0,0,0,191545510,69305625,62,62,30,0,0,74,62,0,0,0,0,0,0,0,0,1,2779054081,1
0,1,11,2023018,2023017,2,1,1,0,0,0,11780,-11788,1,14556,-7880,1,2097142,0,0,0,11726,11865,0,0,0,191545510,69305625,62,62,30,0,0,75,62,0,0,0,0,0,0,0,0,1,2779054081,1
0,1,12,2023019,2023018,2,0,0,0,0,1,11780,-11788,0,0,0,0,2097142,0,0,0,11726,11865,1,0,0,191545510,69305625,62,62,30,0,0,75,62,0,0,0,0,0,0,0,0,1,2779054081,1
0,1,13,2023020,2023019,2,0,0,0,0,2,-11976,11964,0,0,0,0,2097142,0,0,0,11726,11865,0,1,19864993,207759657,69305625,62,62,30,0,0,75,62,0,0,0,0,0,0,0,0,1,2779054081,1
0,1,14,2023021,2023020,2,0,0,0,0,3,-11976,11964,0,0,0,0,2097142,-11564,-11937,1,-11989,11590,0,0,0,191484032,69305625,63,63,30,0,0,75,62,0,0,0,0,0,0,0,0,1,2779054081,1
0,1,15,2023022,2023021,2,1,1,0,0,0,-11976,11964,1,14691,-7910,1,2097142,0,0,0,-11989,11590,0,0,0,191484032,69305625,63,63,30,0,0,76,62,0,0,0,0,0,0,0,0,1,2779054081,1
0,1,16,2023023,2023022,2,0,0,0,0,1,-11976,11964,0,0,0,0,2097142,0,0,0,-11989,11590,1,0,0,191484032,69305625,63,63,30,0,0,76,62,0,0,0,0,0,0,0,0,1,2779054081,1
0,1,17,2023024,2023023,2,0,0,0,0,2,12016,-11760,0,0,0,0,2097142,0,0,0,-11989,11590,0,1,3545693,208093301,69305625,63,63,30,0,0,76,62,0,0,0,0,0,0,0,0,1,2779054081,1
0,1,18,2023025,2023024,2,0,0,0,0,3,12016,-11760,0,0,0,0,2097142,-11841,11866,1,11845,11786,0,0,0,192041077,69305625,64,64,30,0,0,76,62,0,0,0,0,0,0,0,0,1,2779054081,1
0,1,19,2023026,2023025,2,1,1,0,0,0,12016,-11760,1,-14431,7823,1,2097142,0,0,0,11845,11786,0,0,0,192041077,69305625,64,64,30,0,0,77,62,0,0,0,0,0,0,0,0,1,2779054081,1
0,1,20,2023027,2023026,2,0,0,0,0,1,12016,-11760,0,0,0,0,2097142,0,0,0,11845,11786,1,0,0,192041077,69305625,64,64,30,0,0,77,62,0,0,0,0,0,0,0,0,1,2779054081,1
0,1,21,2023028,2023027,2,0,0,0,0,2,-12072,-11508,0,0,0,0,2097142,0,0,0,11845,11786,0,1,3637805,208505310,69305625,64,64,30,0,0,77,62,0,0,0,0,0,0,0,0,1,2779054081,1
0,1,22,2023029,2023028,2,0,0,0,0,3,-12072,-11508,0,0,0,0,2097142,11687,-11722,1,11548,-11925,0,0,0,192034935,69305625,65,65,30,0,0,77,62,0,0,0,0,0,0,0,0,1,2779054081,1
0,1,23,2023030,2023029,2,1,1,0,0,0,-12072,-11508,1,-14730,7901,1,2097142,0,0,0,11548,-11925,0,0,0,192034935,69305625,65,65,30,0,0,78,62,0,0,0,0,0,0,0,0,1,2779054081,1
0,1,24,2023031,2023030,2,0,0,0,0,1,-12072,-11508,0,0,0,0,2097142,0,0,0,11548,-11925,1,0,0,192034935,69305625,65,65,30,0,0,78,62,0,0,0,0,0,0,0,0,1,2779054081,1
0,1,25,2023032,2023031,2,0,0,0,0,2,11984,-11688,0,0,0,0,2097142,0,0,0,11548,-11925,0,1,3733065,209075368,69305625,65,65,30,0,0,78,62,0,0,0,0,0,0,0,0,1,2779054081,1
0,1,26,2023033,2023032,2,0,0,0,0,3,11984,-11688,0,0,0,0,2097142,11785,-11812,1,11602,-11528,0,0,0,192566319,69305625,66,66,30,0,0,78,62,0,0,0,0,0,0,0,0,1,2779054081,1
0,1,27,2023034,2023033,2,1,1,0,0,0,11984,-11688,1,14744,-7782,1,2097142,0,0,0,11602,-11528,0,0,0,192566319,69305625,66,66,30,0,0,79,62,0,0,0,0,0,0,0,0,1,2779054081,1
0,1,28,2023035,2023034,2,0,0,0,0,1,11984,-11688,0,0,0,0,2097142,0,0,0,11602,-11528,1,0,0,192566319,69305625,66,66,30,0,0,79,62,0,0,0,0,0,0,0,0,1,2779054081,1
0,1,29,2023036,2023035,2,0,0,0,0,2,-11936,-11492,0,0,0,0,2097142,0,0,0,11602,-11528,0,1,2138489,209139030,69305625,66,66,30,0,0,79,62,0,0,0,0,0,0,0,0,1,2779054081,1
0,1,30,2023037,2023036,2,0,0,0,0,3,-11936,-11492,0,0,0,0,2097142,-11606,11609,1,11658,-11780,0,0,0,193037600,69305625,67,67,30,0,0,79,62,0,0,0,0,0,0,0,0,1,2779054081,1
0,1,31,2023038,2023037,2,1,1,0,0,0,-11936,-11492,1,0,0,0,2097142,0,0,0,11658,-11780,0,0,0,193037600,69305625,67,67,30,0,0,80,62,0,0,0,0,0,0,0,0,1,2779054081,1
0,1,32,2023039,2023038,2,0,0,0,0,1,-11936,-11492,0,0,0,0,2097142,0,0,0,11658,-11780,1,0,0,193037600,69305625,67,67,30,0,0,80,62,0,0,0,0,0,0,0,0,1,2779054081,1
0,1,33,2023040,2023039,2,0,0,0,0,2,11716,-11824,0,0,0,0,2097142,0,0,0,11658,-11780,0,1,6915245,209008134,69305625,67,67,30,0,0,80,62,0,0,0,0,0,0,0,0,1,2779054081,1
0,1,34,2023041,2023040,2,0,0,0,0,3,11716,-11824,0,0,0,0,2097142,-11844,11796,1,-11926,11986,0,0,0,193123051,69305625,68,68,30,0,0,80,62,0,0,0,0,0,0,0,0,1,2779054081,1
0,1,35,2023042,2023041,2,1,1,0,0,0,11716,-11824,1,-8030,-14569,1,2097142,0,0,0,-11926,11986,0,0,0,193123051,69305625,68,68,30,0,0,81,62,0,0,0,0,0,0,0,0,1,2779054081,1
0,1,36,2023043,2023042,2,0,0,0,0,1,11716,-11824,0,0,0,0,2097142,0,0,0,-11926,11986,1,0,0,193123051,69305625,68,68,30,0,0,81,62,0,0,0,0,0,0,0,0,1,2779054081,1
0,1,37,2023044,2023043,2,0,0,0,0,2,11792,11964,0,0,0,0,2097142,0,0,0,-11926,11986,0,1,14767538,209301671,69305625,68,68,30,0,0,81,62,0,0,0,0,0,0,0,0,1,2779054081,1
0,1,38,2023045,2023044,2,0,0,0,0,3,11792,11964,0,0,0,0,2097142,11921,-11654,1,-11710,-12005,0,0,0,193337962,69305625,69,69,30,0,0,81,62,0,0,0,0,0,0,0,0,1,2779054081,1
0,1,39,2023046,2023045,2,1,1,0,0,0,11792,11964,1,14458,-7733,1,2097142,0,0,0,-11710,-12005,0,0,0,193337962,69305625,69,69,30,0,0,82,62,0,0,0,0,0,0,0,0,1,2779054081,1
0,1,40,2023047,2023046,2,0,0,0,0,1,11792,11964,0,0,0,0,2097142,0,0,0,-11710,-12005,1,0,0,193337962,69305625,69,69,30,0,0,82,62,0,0,0,0,0,0,0,0,1,2779054081,1
0,1,41,2023048,2023047,2,0,0,0,0,2,-11900,-11632,0,0,0,0,2097142,0,0,0,-11710,-12005,0,1,19864913,209503405,69305625,69,69,30,0,0,82,62,0,0,0,0,0,0,0,0,1,2779054081,1
0,1,42,2023049,2023048,2,0,0,0,0,3,-11900,-11632,0,0,0,0,2097142,0,0,0,11786,12041,0,0,0,193571638,69305625,70,70,30,0,0,82,62,0,0,0,0,0,0,0,0,1,2779054081,1
0,1,43,2023050,2023049,2,1,1,0,0,0,-11900,-11632,1,14665,-7918,1,2097142,0,0,0,11786,12041,0,0,0,193571638,69305625,70,70,30,0,0,83,62,0,0,0,0,0,0,0,0,1,2779054081,1
0,1,44,2023051,2023050,2,0,0,0,0,1,-11900,-11632,0,0,0,0,2097142,0,0,0,11786,12041,1,0,0,193571638,69305625,70,70,30,0,0,83,62,0,0,0,0,0,0,0,0,1,2779054081,1
0,1,45,2023052,2023051,2,0,0,0,0,2,11916,-11548,0,0,0,0,2097142,0,0,0,11786,12041,0,1,2068637,209802698,69305625,70,70,30,0,0,83,62,0,0,0,0,0,0,0,0,1,2779054081,1
0,1,46,2023053,2023052,2,0,0,0,0,3,11916,-11548,0,0,0,0,2097142,-11887,-11638,1,11508,-11968,0,0,0,193594470,69305625,71,71,30,0,0,83,62,0,0,0,0,0,0,0,0,1,2779054081,1
0,1,47,2023054,2023053,2,1,1,0,0,0,11916,-11548,1,-14903,8029,1,2097142,0,0,0,11508,-11968,0,0,0,193594470,69305625,71,71,30,0,0,84,62,0,0,0,0,0,0,0,0,1,2779054081,1
0,1,48,2023055,2023054,2,0,0,0,0,1,11916,-11548,0,0,0,0,2097142,0,0,0,11508,-11968,1,0,0,193594470,69305625,71,71,30,0,0,84,62,0,0,0,0,0,0,0,0,1,2779054081,1
0,1,49,2023056,2023055,2,0,0,0,0,2,-11688,-11612,0,0,0,0,2097142,0,0,0,11508,-11968,0,1,2119250,209730239,69305625,71,71,30,0,0,84,62,0,0,0,0,0,0,0,0,1,2779054081,1
0,1,50,2023057,2023056,2,0,0,0,0,3,-11688,-11612,0,0,0,0,2097142,11648,-11540,1,11650,-11577,0,0,0,193926911,69305625,72,72,30,0,0,84,62,0,0,0,0,0,0,0,0,1,2779054081,1
0,1,51,2023058,2023057,2,1,1,0,0,0,-11688,-11612,1,14883,-7823,1,2097142,0,0,0,11650,-11577,0,0,0,193926911,69305625,72,72,30,0,0,85,62,0,0,-11531,11995,1,1,0,1,1,2779054081,0
0,1,52,2023059,2023058,2,0,0,0,0,1,-11688,-11612,0,0,0,0,2097142,0,0,0,11650,-11577,1,0,0,193926911,69305625,72,72,30,0,0,85,62,0,0,-11531,11995,0,0,0,1,1,2779054081,0
0,1,53,2023060,2023059,2,0,0,0,0,2,-11608,-11632,0,0,0,0,2097142,0,0,0,11650,-11577,0,0,0,209438503,69305625,72,72,30,0,0,85,62,0,0,11883,11493,0,0,0,1,1,2779054081,0
0,1,54,2023061,2023060,2,0,0,0,0,3,-11608,-11632,0,0,0,0,2097142,11816,-11754,1,11526,-11610,0,0,0,193380334,69305625,72,72,30,0,0,85,62,0,0,11883,11493,0,0,0,1,1,2779054081,0
0,1,55,2023062,2023061,2,1,1,0,0,0,-11608,-11632,1,-8267,-14487,1,2097142,0,0,0,11526,-11610,0,0,0,193380334,69305625,72,72,30,0,0,86,62,0,0,11883,11493,1,0,0,1,1,2779054081,0
0,1,56,2023063,2023062,2,0,0,0,0,1,-11608,-11632,0,0,0,0,2097142,0,0,0,11526,-11610,1,0,0,193380334,69305625,72,72,30,0,0,86,62,0,0,11883,11493,0,0,0,1,1,2779054081,0
0,1,57,2023064,2023063,2,0,0,0,0,2,-11560,-11560,0,0,0,0,2097142,0,0,0,11526,-11610,0,1,5296010,208773653,69305625,72,72,30,0,0,86,62,0,0,-11920,11640,0,0,0,1,1,2779054081,0
0,1,58,2023065,2023064,2,0,0,0,0,3,-11560,-11560,0,0,0,0,2097142,-11958,11981,1,11709,-11666,0,0,0,193231211,69305625,73,73,30,0,0,86,62,0,0,-11920,11640,0,0,0,1,1,2779054081,0
0,1,59,2023066,2023065,2,1,1,0,0,0,-11560,-11560,1,14832,-7764,1,2097142,0,0,0,11709,-11666,0,0,0,193231211,69305625,73,73,30,0,0,87,62,0,0,-11920,11640,1,0,0,1,1,2779054081,0
0,1,60,2023067,2023066,2,0,0,0,0,1,-11560,-11560,0,0,0,0,2097142,0,0,0,11709,-11666,1,0,0,193231211,69305625,73,73,30,0,0,87,62,0,0,-11920,11640,0,0,0,1,1,2779054081,0
0,1,61,2023068,2023067,2,0,0,0,0,2,-11812,-11768,0,0,0,0,2097142,0,0,0,11709,-11666,0,1,2071066,208918221,69305625,73,73,30,0,0,87,62,0,0,-11453,-11725,0,0,0,1,1,2779054081,0
0,1,62,2023069,2023068,2,0,0,0,0,3,-11812,-11768,0,0,0,0,2097142,12057,-11720,1,-12017,11809,0,0,0,192801429,69305625,74,74,30,0,0,87,62,0,0,-11453,-11725,0,0,0,1,1,2779054081,0
0,1,63,2023070,2023069,2,1,1,0,0,0,-11812,-11768,1,-8142,-14433,1,2097142,0,0,0,-12017,11809,0,0,0,192801429,69305625,74,74,30,0,0,88,62,0,0,-11453,-11725,1,0,0,1,1,2779054081,0
0,1,64,2023071,2023070,2,0,0,0,0,1,-11812,-11768,0,0,0,0,2097142,0,0,0,-12017,11809,1,0,0,192801429,69305625,74,74,30,0,0,88,62,0,0,-11453,-11725,0,0,0,1,1,2779054081,0
1,0,-64,2368147,2368146,1,0,0,0,0,1,11496,-11652,0,0,0,0,2097142,0,0,0,11674,11692,1,0,0,192317006,0,12,12,30,0,0,24,30,1,0,-11432,-11704,0,0,0,1,1,2779054081,0
1,0,-63,2368148,2368147,1,0,0,0,0,2,11764,11888,0,0,0,0,2097142,0,0,0,11674,11692,0,1,5463977,207355803,0,12,12,30,0,0,24,30,1,0,-11580,11725,0,0,0,1,1,2779054081,0
1,0,-62,2368149,2368148,1,1,0,0,0,3,11764,11888,0,0,0,0,2097142,-11637,12033,1,11758,11714,0,0,0,191544402,0,13,13,30,0,0,24,30,1,0,-11580,11725,0,0,0,1,1,2779054081,0
1,0,-61,2368150,2368149,2,0,1,0,0,0,11764,11888,1,15435,5599,1,2097142,0,0,0,11758,11714,0,0,0,191544402,0,13,13,30,0,0,25,30,1,0,-11580,11725,1,0,0,1,1,2779054081,0
1,0,-60,2368151,2368150,1,0,0,0,0,1,11764,11888,0,0,0,0,2097142,0,0,0,11758,11714,1,0,0,191544402,0,13,13,30,0,0,25,30,1,0,-11580,11725,0,0,0,1,1,2779054081,0
1,0,-59,2368152,2368151,1,0,0,0,0,2,-12088,11548,0,0,0,0,2097142,0,0,0,11758,11714,0,1,33745265,206595267,0,13,13,30,0,0,25,30,1,0,-11437,-11650,0,0,0,1,1,2779054081,0
1,0,-58,2368153,2368152,1,1,0,0,0,3,-12088,11548,0,0,0,0,2097142,11973,11507,1,-11616,-11657,0,0,0,190606420,0,14,14,30,0,0,25,30,1,0,-11437,-11650,0,0,0,1,1,2779054081,0
1,0,-57,2368154,2368153,2,0,1,0,0,0,-12088,11548,1,15916,5483,1,2097142,0,0,0,-11616,-11657,0,0,0,190606420,0,14,14,30,0,0,26,30,1,0,-11437,-11650,1,0,0,1,1,2779054081,0
1,0,-56,2368155,2368154,1,0,0,0,0,1,-12088,11548,0,0,0,0,2097142,0,0,0,-11616,-11657,1,0,0,190606420,0,14,14,30,0,0,26,30,1,0,-11437,-11650,0,0,0,1,1,2779054081,0
1,0,-55,2368156,2368155,1,0,0,0,0,2,11928,11776,0,0,0,0,2097142,0,0,0,-11616,-11657,0,1,535833,206624615,0,14,14,30,0,0,26,30,1,0,-11613,-11676,0,0,0,1,1,2779054081,0
1,0,-54,2368157,2368156,1,1,0,0,0,3,11928,11776,0,0,0,0,2097142,-11965,11743,1,-11812,-11821,0,0,0,190595017,0,15,15,30,0,0,26,30,1,0,-11613,-11676,0,0,0,1,1,2779054081,0
1,0,-53,2368158,2368157,2,0,1,0,0,0,11928,11776,1,-16101,-5498,1,2097142,0,0,0,-11812,-11821,0,0,0,190595017,0,15,15,30,0,0,27,30,1,0,-11613,-11676,1,0,0,1,1,2779054081,0
1,0,-52,2368159,2368158,1,0,0,0,0,1,11928,11776,0,0,0,0,2097142,0,0,0,-11812,-11821,1,0,0,190595017,0,15,15,30,0,0,27,30,1,0,-11613,-11676,0,0,0,1,1,2779054081,0
1,0,-51,2368160,2368159,1,0,0,0,0,2,11520,-11984,0,0,0,0,2097142,0,0,0,-11812,-11821,0,1,451600,207295250,0,15,15,30,0,0,27,30,1,0,11842,11650,0,0,0,1,1,2779054081,0
1,0,-50,2368161,2368160,1,1,0,0,0,3,11520,-11984,0,0,0,0,2097142,-11443,-11775,1,11868,11931,0,0,0,190567430,0,16,16,30,0,0,27,30,1,0,11842,11650,0,0,0,1,1,2779054081,0
1,0,-49,2368162,2368161,2,0,1,0,0,0,11520,-11984,1,15888,5452,1,2097142,0,0,0,11868,11931,0,0,0,190567430,0,16,16,30,0,0,28,30,1,0,11842,11650,1,0,0,1,1,2779054081,0
1,0,-48,2368163,2368162,1,0,0,0,0,1,11520,-11984,0,0,0,0,2097142,0,0,0,11868,11931,1,0,0,190567430,0,16,16,30,0,0,28,30,1,0,11842,11650,0,0,0,1,1,2779054081,0
1,0,-47,2368164,2368163,1,0,0,0,0,2,11628,-11508,0,0,0,0,2097142,0,0,0,11868,11931,0,1,1969524,208575617,0,16,16,30,0,0,28,30,1,0,-11738,11431,0,0,0,1,1,2779054081,0
1,0,-46,2368165,2368164,1,1,0,0,0,3,11628,-11508,0,0,0,0,2097142,-11908,-11900,1,-11883,-11945,0,0,0,191718360,0,17,17,30,0,0,28,30,1,0,-11738,11431,0,0,0,1,1,2779054081,0
1,0,-45,2368166,2368165,2,0,1,0,0,0,11628,-11508,1,15428,5483,1,2097142,0,0,0,-11883,-11945,0,0,0,191718360,0,17,17,30,0,0,29,30,1,0,-11738,11431,1,0,0,1,1,2779054081,0
1,0,-44,2368167,2368166,1,0,0,0,0,1,11628,-11508,0,0,0,0,2097142,0,0,0,-11883,-11945,1,0,0,191718360,0,17,17,30,0,0,29,30,1,0,-11738,11431,0,0,0,1,1,2779054081,0
1,0,-43,2368168,2368167,1,0,0,0,0,2,11664,-11832,0,0,0,0,2097142,0,0,0,-11883,-11945,0,1,3682565,209116733,0,17,17,30,0,0,29,30,1,0,-11434,11706,0,0,0,1,1,2779054081,0
1,0,-42,2368169,2368168,1,1,0,0,0,3,11664,-11832,0,0,0,0,2097142,12127,11933,1,11895,11956,0,0,0,192251108,0,18,18,30,0,0,29,30,1,0,-11434,11706,0,0,0,1,1,2779054081,0
1,0,-41,2368170,2368169,2,0,1,0,0,0,11664,-11832,1,5478,-15893,1,2097142,0,0,0,11895,11956,0,0,0,192251108,0,18,18,30,0,0,30,30,1,0,-11434,11706,1,0,0,1,1,2779054081,0
1,0,-40,2368171,2368170,1,0,0,0,0,1,11664,-11832,0,0,0,0,2097142,0,0,0,11895,11956,1,0,0,192251108,0,18,18,30,0,0,30,30,1,0,-11434,11706,0,0,0,1,1,2779054081,0
1,0,-39,2368172,2368171,1,0,0,0,0,2,-11932,12088,0,0,0,0,2097142,0,0,0,11895,11956,0,1,462425,209492500,0,18,18,30,0,0,30,30,1,0,-11760,-11881,0,0,0,1,1,2779054081,0
1,0,-38,2368173,2368172,1,1,0,0,0,3,-11932,12088,0,0,0,0,2097142,-11901,-11855,1,-11774,-12006,0,0,0,192695930,0,19,19,30,0,0,30,30,1,0,-11760,-11881,0,0,0,1,1,2779054081,0
1,0,-37,2368174,2368173,2,0,1,0,0,0,-11932,12088,1,-5590,15936,1,2097142,0,0,0,-11774,-12006,0,0,0,192695930,0,19,19,30,0,0,31,30,1,1,-11760,-11881,1,0,0,1,1,2779054081,0
1,0,-36,2368175,2368174,1,0,0,0,0,1,-11932,12088,0,0,0,0,2097142,0,0,0,-11774,-12006,1,0,0,192695930,0,19,19,30,0,0,31,30,0,0,-11760,-11881,0,0,0,1,1,2779054081,0
1,0,-35,2368176,2368175,1,0,0,0,0,2,-11716,-12080,0,0,0,0,2097142,0,0,0,-11774,-12006,0,1,10368401,209794659,0,19,19,30,0,0,31,30,0,0,11763,11907,0,0,0,1,1,2779054081,0
1,0,-34,2368177,2368176,1,1,0,0,0,3,-11716,-12080,0,0,0,0,2097142,-11536,-11620,1,-11664,11881,0,0,0,193632480,0,20,20,30,0,0,31,30,0,0,11763,11907,0,0,0,1,1,2779054081,0
1,0,-33,2368178,2368177,2,0,1,0,0,0,-11716,-12080,1,-5280,15492,1,2097142,0,0,0,-11664,11881,0,0,0,193632480,0,20,20,30,0,0,32,30,0,0,11763,11907,1,0,0,1,1,2779054081,0
1,0,-32,2368179,2368178,1,0,0,0,0,1,-11716,-12080,0,0,0,0,2097142,0,0,0,-11664,11881,1,0,0,193632480,0,20,20,30,0,0,32,30,0,0,11763,11907,0,0,0,1,1,2779054081,0
1,0,-31,2368180,2368179,1,0,0,0,0,2,11820,12132,0,0,0,0,2097142,0,0,0,-11664,11881,0,1,404521,210297865,0,20,20,30,0,0,32,30,0,0,-11811,-11954,0,0,0,1,1,2779054081,0
1,0,-30,2368181,2368180,1,1,0,0,0,3,11820,12132,0,0,0,0,2097142,-11825,11948,1,11839,11556,0,0,0,194392301,0,21,21,30,0,0,32,30,0,0,-11811,-11954,0,0,0,1,1,2779054081,0
1,0,-29,2368182,2368181,2,0,1,0,0,0,11820,12132,1,-15765,-5585,1,2097142,0,0,0,11839,11556,0,0,0,194392301,0,21,21,30,0,0,33,30,0,0,-11811,-11954,1,0,0,1,1,2779054081,0
1,0,-28,2368183,2368182,1,0,0,0,0,1,11820,12132,0,0,0,0,2097142,0,0,0,11839,11556,1,0,0,194392301,0,21,21,30,0,0,33,30,0,0,-11811,-11954,0,0,0,1,1,2779054081,0
1,0,-27,2368184,2368183,1,0,0,0,0,2,11532,-11992,0,0,0,0,2097142,0,0,0,11839,11556,0,1,2026322,210818402,0,21,21,30,0,0,33,30,0,0,11721,11876,0,0,0,1,1,2779054081,0
1,0,-26,2368185,2368184,1,1,0,0,0,3,11532,-11992,0,0,0,0,2097142,11944,-11939,1,-11809,11753,0,0,0,194607403,0,22,22,30,0,0,33,30,0,0,11721,11876,0,0,0,1,1,2779054081,0
1,0,-25,2368186,2368185,2,0,1,0,0,0,11532,-11992,1,5858,-15659,1,2097142,0,0,0,-11809,11753,0,0,0,194607403,0,22,22,30,0,0,34,30,0,0,11721,11876,1,0,0,1,1,2779054081,0
1,0,-24,2368187,2368186,1,0,0,0,0,1,11532,-11992,0,0,0,0,2097142,0,0,0,-11809,11753,1,0,0,194607403,0,22,22,30,0,0,34,30,0,0,11721,11876,0,0,0,1,1,2779054081,0
1,0,-23,2368188,2368187,1,0,0,0,0,2,11684,-11528,0,0,0,0,2097142,0,0,0,-11809,11753,0,1,429125,210903088,0,22,22,30,0,0,34,30,0,0,11461,-11776,0,0,0,1,1,2779054081,0
1,0,-22,2368189,2368188,1,1,0,0,0,3,11684,-11528,0,0,0,0,2097142,11526,-11620,1,-11532,-11585,0,0,0,195353451,0,23,23,30,0,0,34,30,0,0,11461,-11776,0,0,0,1,1,2779054081,0
1,0,-21,2368190,2368189,2,0,1,0,0,0,11684,-11528,1,-15864,-5413,1,2097142,0,0,0,-11532,-11585,0,0,0,195353451,0,23,23,30,0,0,35,30,0,0,11461,-11776,1,0,0,1,1,2779054081,0
1,0,-20,2368191,2368190,1,0,0,0,0,1,11684,-11528,0,0,0,0,2097142,0,0,0,-11532,-11585,1,0,0,195353451,0,23,23,30,0,0,35,30,0,0,11461,-11776,0,0,0,1,1,2779054081,0
1,0,-19,2368192,2368191,1,0,0,0,0,2,11504,-11648,0,0,0,0,2097142,0,0,0,-11532,-11585,0,1,2021266,211424786,0,23,23,30,0,0,35,30,0,0,11562,11677,0,0,0,1,1,2779054081,0
1,0,-18,2368193,2368192,1,1,0,0,0,3,11504,-11648,0,0,0,0,2097142,11768,11884,1,-11878,-11867,0,0,0,195078175,0,24,24,30,0,0,35,30,0,0,11562,11677,0,0,0,1,1,2779054081,0
1,0,-17,2368194,2368193,2,0,1,0,0,0,11504,-11648,1,-5156,15802,1,2097142,0,0,0,-11878,-11867,0,0,0,195078175,0,24,24,30,0,0,36,30,0,0,11562,11677,1,0,0,1,1,2779054081,0
1,0,-16,2368195,2368194,1,0,0,0,0,1,11504,-11648,0,0,0,0,2097142,0,0,0,-11878,-11867,1,0,0,195078175,0,24,24,30,0,0,36,30,0,0,11562,11677,0,0,0,1,1,2779054081,0
1,0,-15,2368196,2368195,1,0,0,0,0,2,11732,-11684,0,0,0,0,2097142,0,0,0,-11878,-11867,0,1,5261092,211947681,0,24,24,30,0,0,36,30,0,0,11405,11689,0,0,0,1,1,2779054081,0
1,0,-14,2368197,2368196,1,1,0,0,0,3,11732,-11684,0,0,0,0,2097142,-12103,11535,1,11913,11749,0,0,0,195252108,0,25,25,30,0,0,36,30,0,0,11405,11689,0,0,0,1,1,2779054081,0
1,0,-13,2368198,2368197,2,0,1,0,0,0,11732,-11684,1,-5468,15419,1,2097142,0,0,0,11913,11749,0,0,0,195252108,0,25,25,30,0,0,37,30,0,0,11405,11689,1,0,0,1,1,2779054081,0
1,0,-12,2368199,2368198,1,0,0,0,0,1,11732,-11684,0,0,0,0,2097142,0,0,0,11913,11749,1,0,0,195252108,0,25,25,30,0,0,37,30,0,0,11405,11689,0,0,0,1,1,2779054081,0
1,0,-11,2368200,2368199,1,0,0,0,0,2,-12060,11860,0,0,0,0,2097142,0,0,0,11913,11749,0,1,1994632,212411622,0,25,25,30,0,0,37,30,0,0,11714,-11738,0,0,0,1,1,2779054081,0
1,0,-10,2368201,2368200,1,1,0,0,0,3,-12060,11860,0,0,0,0,2097142,11936,11767,1,-11721,-11625,0,0,0,196136280,0,26,26,30,0,0,37,30,0,0,11714,-11738,0,0,0,1,1,2779054081,0
1,0,-9,2368202,2368201,2,0,1,0,0,0,-12060,11860,1,-5359,15725,1,2097142,0,0,0,-11721,-11625,0,0,0,196136280,0,26,26,30,0,0,38,30,0,0,11714,-11738,1,0,0,1,1,2779054081,0
1,0,-8,2368203,2368202,1,0,0,0,0,1,-12060,11860,0,0,0,0,2097142,0,0,0,-11721,-11625,1,0,0,196136280,0,26,26,30,0,0,38,30,0,0,11714,-11738,0,0,0,1,1,2779054081,0
1,0,-7,2368204,2368203,1,0,0,0,0,2,11880,11740,0,0,0,0,2097142,0,0,0,-11721,-11625,0,1,390661,211886519,0,26,26,30,0,0,38,30,0,0,-11562,11737,0,0,0,1,1,2779054081,0
1,0,-6,2368205,2368204,1,1,0,0,0,3,11880,11740,0,0,0,0,2097142,11513,-11988,1,-11532,-11701,0,0,0,196422775,0,27,27,30,0,0,38,30,0,0,-11562,11737,0,0,0,1,1,2779054081,0
1,0,-5,2368206,2368205,2,0,1,0,0,0,11880,11740,1,5488,-16075,1,2097142,0,0,0,-11532,-11701,0,0,0,196422775,0,27,27,30,0,0,39,30,0,0,-11562,11737,1,0,0,1,1,2779054081,0
1,0,-4,2368207,2368206,1,0,0,0,0,1,11880,11740,0,0,0,0,2097142,0,0,0,-11532,-11701,1,0,0,196422775,0,27,27,30,0,0,39,30,0,0,-11562,11737,0,0,1,0,1,2779054081,1
1,0,-3,2368208,2368207,1,0,0,0,0,2,11472,-11820,0,0,0,0,2097142,0,0,0,-11532,-11701,0,1,431749,212155940,0,27,27,30,0,0,39,30,0,0,0,0,0,0,0,0,1,2779054081,1
1,0,-2,2368209,2368208,1,1,0,0,0,3,11472,-11820,0,0,0,0,2097142,11668,-11467,1,-11838,11807,0,0,0,195856921,0,28,28,30,0,0,39,30,0,0,0,0,0,0,0,0,1,2779054081,1
1,0,-1,2368210,2368209,2,0,1,0,0,0,11472,-11820,1,15803,5783,1,2097142,0,0,0,-11838,11807,0,0,0,195856921,0,28,28,30,0,0,40,30,0,0,0,0,0,0,0,0,1,2779054081,1
1,0,0,2368211,2368210,1,0,0,0,0,1,11472,-11820,0,0,0,0,2097142,0,0,0,-11838,11807,1,0,0,195856921,0,28,28,30,0,0,40,30,0,0,0,0,0,0,0,0,1,2779054081,1
1,0,1,2368212,2368211,1,0,0,0,0,2,11672,-11600,0,0,0,0,2097142,0,0,0,-11838,11807,0,1,443581,211877883,0,28,28,30,0,0,40,30,0,0,0,0,0,0,0,0,1,2779054081,1
1,0,2,2368213,2368212,1,1,0,0,0,3,11672,-11600,0,0,0,0,2097142,11677,-11818,1,11756,-11735,0,0,0,195428120,0,29,29,30,0,0,40,30,0,0,0,0,0,0,0,0,1,2779054081,1
1,0,3,2368214,2368213,2,0,1,0,0,0,11672,-11600,1,-15920,-5787,1,2097142,0,0,0,11756,-11735,0,0,0,195428120,0,29,29,30,0,0,41,30,0,0,0,0,0,0,0,0,1,2779054081,1
1,0,4,2368215,2368214,1,0,0,0,0,1,11672,-11600,0,0,0,0,2097142,0,0,0,11756,-11735,1,0,0,195428120,0,29,29,30,0,0,41,30,0,0,0,0,0,0,0,0,1,2779054081,1
1,0,5,2368216,2368215,1,0,0,0,0,2,11564,-11620,0,0,0,0,2097142,0,0,0,11756,-11735,0,1,418093,210471068,0,29,29,30,0,0,41,30,0,0,0,0,0,0,0,0,1,2779054081,1
1,0,6,2368217,2368216,1,1,0,0,0,3,11564,-11620,0,0,0,0,2097142,-11969,12052,1,11490,-11763,0,0,0,195020626,0,30,30,30,0,0,41,30,0,0,0,0,0,0,0,0,1,2779054081,1
1,0,7,2368218,2368217,2,0,1,0,0,0,11564,-11620,1,-5170,15812,1,2097142,0,0,0,11490,-11763,0,0,0,195020626,0,30,30,30,0,0,42,30,0,0,0,0,0,0,0,0,1,2779054081,1
1,0,8,2368219,2368218,1,0,0,0,0,1,11564,-11620,0,0,0,0,2097142,0,0,0,11490,-11763,1,0,0,195020626,0,30,30,30,0,0,42,30,0,0,0,0,0,0,0,0,1,2779054081,1
1,0,9,2368220,2368219,1,0,0,0,0,2,11676,-11732,0,0,0,0,2097142,0,0,0,11490,-11763,0,1,69822836,209738923,0,30,30,30,1,0,42,30,0,0,0,0,0,0,0,0,1,2779054081,1
1,0,10,2368221,2368220,1,1,0,0,0,3,11676,-11732,0,0,0,0,2097142,-11722,-12075,1,11772,11756,0,0,0,193605443,69822836,31,31,30,0,0,42,30,0,0,0,0,0,0,0,0,1,2779054081,1
1,0,11,2368222,2368221,2,0,1,0,0,0,11676,-11732,1,-5509,15461,1,2097142,0,0,0,11772,11756,0,0,0,193605443,69822836,31,31,30,0,0,43,30,0,0,0,0,0,0,0,0,1,2779054081,1
1,0,12,2368223,2368222,1,0,0,0,0,1,11676,-11732,0,0,0,0,2097142,0,0,0,11772,11756,1,0,0,193605443,69822836,31,31,30,0,0,43,30,0,0,0,0,0,0,0,0,1,2779054081,1
1,0,13,2368224,2368223,1,0,0,0,0,2,-11928,11948,0,0,0,0,2097142,0,0,0,11772,11756,0,1,429250,209065656,69822836,31,31,30,0,0,43,30,0,0,0,0,0,0,0,0,1,2779054081,1
1,0,14,2368225,2368224,1,1,0,0,0,3,-11928,11948,0,0,0,0,2097142,11801,12151,1,-11920,11579,0,0,0,192942353,69822836,32,32,30,0,0,43,30,0,0,0,0,0,0,0,0,1,2779054081,1
1,0,15,2368226,2368225,2,0,1,0,0,0,-11928,11948,1,-5295,15491,1,2097142,0,0,0,-11920,11579,0,0,0,192942353,69822836,32,32,30,0,0,44,30,0,0,0,0,0,0,0,0,1,2779054081,1
1,0,16,2368227,2368226,1,0,0,0,0,1,-11928,11948,0,0,0,0,2097142,0,0,0,-11920,11579,1,0,0,192942353,69822836,32,32,30,0,0,44,30,0,0,0,0,0,0,0,0,1,2779054081,1
1,0,17,2368228,2368227,1,0,0,0,0,2,-11752,11508,0,0,0,0,2097142,0,0,0,-11920,11579,0,1,442954,209107042,69822836,32,32,30,0,0,44,30,0,0,0,0,0,0,0,0,1,2779054081,1
1,0,18,2368229,2368228,1,1,0,0,0,3,-11752,11508,0,0,0,0,2097142,11522,-12001,1,11743,11812,0,0,0,192903477,69822836,33,33,30,0,0,44,30,0,0,0,0,0,0,0,0,1,2779054081,1
1,0,19,2368230,2368229,2,0,1,0,0,0,-11752,11508,1,-5484,15622,1,2097142,0,0,0,11743,11812,0,0,0,192903477,69822836,33,33,30,0,0,45,30,0,0,0,0,0,0,0,0,1,2779054081,1
1,0,20,2368231,2368230,1,0,0,0,0,1,-11752,11508,0,0,0,0,2097142,0,0,0,11743,11812,1,0,0,192903477,69822836,33,33,30,0,0,45,30,0,0,0,0,0,0,0,0,1,2779054081,1
1,0,21,2368232,2368231,1,0,0,0,0,2,11896,11768,0,0,0,0,2097142,0,0,0,11743,11812,0,1,2091553,209135739,69822836,33,33,30,0,0,45,30,0,0,0,0,0,0,0,0,1,2779054081,1
1,0,22,2368233,2368232,1,1,0,0,0,3,11896,11768,0,0,0,0,2097142,11683,-11528,1,11576,-11802,0,0,0,193201478,69822836,34,34,30,0,0,45,30,0,0,0,0,0,0,0,0,1,2779054081,1
1,0,23,2368234,2368233,2,0,1,0,0,0,11896,11768,1,5704,-15925,1,2097142,0,0,0,11576,-11802,0,0,0,193201478,69822836,34,34,30,0,0,46,30,0,0,0,0,0,0,0,0,1,2779054081,1
1,0,24,2368235,2368234,1,0,0,0,0,1,11896,11768,0,0,0,0,2097142,0,0,0,11576,-11802,1,0,0,193201478,69822836,34,34,30,0,0,46,30,0,0,0,0,0,0,0,0,1,2779054081,1
1,0,25,2368236,2368235,1,0,0,0,0,2,11496,-12048,0,0,0,0,2097142,0,0,0,11576,-11802,0,1,2122130,208361411,69822836,34,34,30,0,0,46,30,0,0,0,0,0,0,0,0,1,2779054081,1
1,0,26,2368237,2368236,1,1,0,0,0,3,11496,-12048,0,0,0,0,2097142,11490,-11661,1,11632,-11507,0,0,0,192924740,69822836,35,35,30,0,0,46,30,0,0,0,0,0,0,0,0,1,2779054081,1
1,0,27,2368238,2368237,2,0,1,0,0,0,11496,-12048,1,-15803,-5408,1,2097142,0,0,0,11632,-11507,0,0,0,192924740,69822836,35,35,30,0,0,47,30,0,0,0,0,0,0,0,0,1,2779054081,1
1,0,28,2368239,2368238,1,0,0,0,0,1,11496,-12048,0,0,0,0,2097142,0,0,0,11632,-11507,1,0,0,192924740,69822836,35,35,30,0,0,47,30,0,0,0,0,0,0,0,0,1,2779054081,1
1,0,29,2368240,2368239,1,0,0,0,0,2,11772,11920,0,0,0,0,2097142,0,0,0,11632,-11507,0,1,2128129,208731970,69822836,35,35,30,0,0,47,30,0,0,0,0,0,0,0,0,1,2779054081,1
1,0,30,2368241,2368240,1,1,0,0,0,3,11772,11920,0,0,0,0,2097142,11758,-11657,1,11674,-11857,0,0,0,192811774,69822836,36,36,30,0,0,47,30,0,0,0,0,0,0,0,0,1,2779054081,1
1,0,31,2368242,2368241,2,0,1,0,0,0,11772,11920,1,-5191,15632,1,2097142,0,0,0,11674,-11857,0,0,0,192811774,69822836,36,36,30,0,0,48,30,0,0,0,0,0,0,0,0,1,2779054081,1
1,0,32,2368243,2368242,1,0,0,0,0,1,11772,11920,0,0,0,0,2097142,0,0,0,11674,-11857,1,0,0,192811774,69822836,36,36,30,0,0,48,30,0,0,0,0,0,0,0,0,1,2779054081,1
1,0,33,2368244,2368243,1,0,0,0,0,2,-12052,11556,0,0,0,0,2097142,0,0,0,11674,-11857,0,1,460260,209025968,69822836,36,36,30,0,0,48,30,0,0,0,0,0,0,0,0,1,2779054081,1
1,0,34,2368245,2368244,1,1,0,0,0,3,-12052,11556,0,0,0,0,2097142,-12107,11814,1,-11752,11970,0,0,0,192385359,69822836,37,37,30,0,0,48,30,0,0,0,0,0,0,0,0,1,2779054081,1
1,0,35,2368246,2368245,2,0,1,0,0,0,-12052,11556,1,-5467,15520,1,2097142,0,0,0,-11752,11970,0,0,0,192385359,69822836,37,37,30,0,0,49,30,0,0,0,0,0,0,0,0,1,2779054081,1
1,0,36,2368247,2368246,1,0,0,0,0,1,-12052,11556,0,0,0,0,2097142,0,0,0,-11752,11970,1,0,0,192385359,69822836,37,37,30,0,0,49,30,0,0,0,0,0,0,0,0,1,2779054081,1
1,0,37,2368248,2368247,1,0,0,0,0,2,11920,11580,0,0,0,0,2097142,0,0,0,-11752,11970,0,1,440977,208665496,69822836,37,37,30,0,0,49,30,0,0,0,0,0,0,0,0,1,2779054081,1
1,0,38,2368249,2368248,1,1,0,0,0,3,11920,11580,0,0,0,0,2097142,11905,11713,1,-11789,-11873,0,0,0,192330395,69822836,38,38,30,0,0,49,30,0,0,0,0,0,0,0,0,1,2779054081,1
1,0,39,2368250,2368249,2,0,1,0,0,0,11920,11580,1,-5367,15489,1,2097142,0,0,0,-11789,-11873,0,0,0,192330395,69822836,38,38,30,0,0,50,30,0,0,0,0,0,0,0,0,1,2779054081,1
1,0,40,2368251,2368250,1,0,0,0,0,1,11920,11580,0,0,0,0,2097142,0,0,0,-11789,-11873,1,0,0,192330395,69822836,38,38,30,0,0,50,30,0,0,0,0,0,0,0,0,1,2779054081,1
1,0,41,2368252,2368251,1,0,0,0,0,2,11556,11684,0,0,0,0,2097142,0,0,0,-11789,-11873,0,1,373385,208938636,69822836,38,38,30,0,0,50,30,0,0,0,0,0,0,0,0,1,2779054081,1
1,0,42,2368253,2368252,1,1,0,0,0,3,11556,11684,0,0,0,0,2097142,11503,-11789,1,11651,11936,0,0,0,192390154,69822836,39,39,30,0,0,50,30,0,0,0,0,0,0,0,0,1,2779054081,1
1,0,43,2368254,2368253,2,0,1,0,0,0,11556,11684,1,-5420,15638,1,2097142,0,0,0,11651,11936,0,0,0,192390154,69822836,39,39,30,0,0,51,30,0,0,0,0,0,0,0,0,1,2779054081,1
1,0,44,2368255,2368254,1,0,0,0,0,1,11556,11684,0,0,0,0,2097142,0,0,0,11651,11936,1,0,0,192390154,69822836,39,39,30,0,0,51,30,0,0,0,0,0,0,0,0,1,2779054081,1
1,0,45,2368256,2368255,1,0,0,0,0,2,11580,-11996,0,0,0,0,2097142,0,0,0,11651,11936,0,1,7028786,209439098,69822836,39,39,30,0,0,51,30,0,0,0,0,0,0,0,0,1,2779054081,1
1,0,46,2368257,2368256,1,1,0,0,0,3,11580,-11996,0,0,0,0,2097142,11706,-11563,1,11550,-11794,0,0,0,193474892,69822836,40,40,30,0,0,51,30,0,0,0,0,0,0,0,0,1,2779054081,1
1,0,47,2368258,2368257,2,0,1,0,0,0,11580,-11996,1,5553,-15945,1,2097142,0,0,0,11550,-11794,0,0,0,193474892,69822836,40,40,30,0,0,52,30,0,0,0,0,0,0,0,0,1,2779054081,1
1,0,48,2368259,2368258,1,0,0,0,0,1,11580,-11996,0,0,0,0,2097142,0,0,0,11550,-11794,1,0,0,193474892,69822836,40,40,30,0,0,52,30,0,0,0,0,0,0,0,0,1,2779054081,1
1,0,49,2368260,2368259,1,0,0,0,0,2,11720,11852,0,0,0,0,2097142,0,0,0,11550,-11794,0,1,2145145,208677858,69822836,40,40,30,0,0,52,30,0,0,0,0,0,0,0,0,1,2779054081,1
1,0,50,2368261,2368260,1,1,0,0,0,3,11720,11852,0,0,0,0,2097142,11589,-11592,1,11672,-11551,0,0,0,193140079,69822836,41,41,30,0,0,52,30,0,0,0,0,0,0,0,0,1,2779054081,1
1,0,51,2368262,2368261,2,0,1,0,0,0,11720,11852,1,5585,-15472,1,2097142,0,0,0,11672,-11551,0,0,0,193140079,69822836,41,41,30,0,0,53,30,0,0,-11614,11828,1,1,0,1,1,2779054081,0
1,0,52,2368263,2368262,1,0,0,0,0,1,11720,11852,0,0,0,0,2097142,0,0,0,11672,-11551,1,0,0,193140079,69822836,41,41,30,0,0,53,30,0,0,-11614,11828,0,0,0,1,1,2779054081,0
1,0,53,2368264,2368263,1,0,0,0,0,2,-12056,11764,0,0,0,0,2097142,0,0,0,11672,-11551,0,1,10355885,207685802,69822836,41,41,30,0,0,53,30,0,0,11786,11505,0,0,0,1,1,2779054081,0
1,0,54,2368265,2368264,1,1,0,0,0,3,-12056,11764,0,0,0,0,2097142,11707,-11700,1,11507,-11645,0,0,0,192228095,69822836,42,42,30,0,0,53,30,0,0,11786,11505,0,0,0,1,1,2779054081,0
1,0,55,2368266,2368265,2,0,1,0,0,0,-12056,11764,1,-15827,-5432,1,2097142,0,0,0,11507,-11645,0,0,0,192228095,69822836,42,42,30,0,0,54,30,0,0,11786,11505,1,0,0,1,1,2779054081,0
1,0,56,2368267,2368266,1,0,0,0,0,1,-12056,11764,0,0,0,0,2097142,0,0,0,11507,-11645,1,0,0,192228095,69822836,42,42,30,0,0,54,30,0,0,11786,11505,0,0,0,1,1,2779054081,0
1,0,57,2368268,2368267,1,0,0,0,0,2,11904,-12048,0,0,0,0,2097142,0,0,0,11507,-11645,0,1,2013472,208047049,69822836,42,42,30,0,0,54,30,0,0,-11759,11700,0,0,0,1,1,2779054081,0
1,0,58,2368269,2368268,1,1,0,0,0,3,11904,-12048,0,0,0,0,2097142,-11953,11925,1,11765,-11694,0,0,0,192235360,69822836,43,43,30,0,0,54,30,0,0,-11759,11700,0,0,0,1,1,2779054081,0
1,0,59,2368270,2368269,2,0,1,0,0,0,11904,-12048,1,-5120,15845,1,2097142,0,0,0,11765,-11694,0,0,0,192235360,69822836,43,43,30,0,0,55,30,0,0,-11759,11700,1,0,0,1,1,2779054081,0
1,0,60,2368271,2368270,1,0,0,0,0,1,11904,-12048,0,0,0,0,2097142,0,0,0,11765,-11694,1,0,0,192235360,69822836,43,43,30,0,0,55,30,0,0,-11759,11700,0,0,0,1,1,2779054081,0
1,0,61,2368272,2368271,1,0,0,0,0,2,11476,12120,0,0,0,0,2097142,0,0,0,11765,-11694,0,1,10364537,208418195,69822836,43,43,30,0,0,55,30,0,0,-11483,-11536,0,0,0,1,1,2779054081,0
1,0,62,2368273,2368272,1,1,0,0,0,3,11476,12120,0,0,0,0,2097142,-11775,11486,1,-11905,11685,0,0,0,191913569,69822836,44,44,30,0,0,55,30,0,0,-11483,-11536,0,0,0,1,1,2779054081,0
1,0,63,2368274,2368273,2,0,1,0,0,0,11476,12120,1,-15781,-5623,1,2097142,0,0,0,-11905,11685,0,0,0,191913569,69822836,44,44,30,0,0,56,30,0,0,-11483,-11536,1,0,0,1,1,2779054081,0
1,0,64,2368275,2368274,1,0,0,0,0,1,11476,12120,0,0,0,0,2097142,0,0,0,-11905,11685,1,0,0,191913569,69822836,44,44,30,0,0,56,30,0,0,-11483,-11536,0,0,0,1,1,2779054081,0
1,1,-64,2417479,2417478,1,0,0,0,0,1,11540,-11712,0,0,0,0,2097142,0,0,0,11840,11841,1,0,0,189859101,0,12,12,30,0,0,24,30,1,0,-11457,-11699,0,0,0,1,1,2779054081,0
1,1,-63,2417480,2417479,1,0,0,0,0,2,11784,11708,0,0,0,0,2097142,0,0,0,11840,11841,0,1,5414020,204996657,0,12,12,30,0,0,24,30,1,0,-11636,11887,0,0,0,1,1,2779054081,0
1,1,-62,2417481,2417480,1,0,0,0,0,3,11784,11708,0,0,0,0,2097142,-11630,11882,1,11715,11700,0,0,0,189129822,0,13,13,30,0,0,24,30,1,0,-11636,11887,0,0,0,1,1,2779054081,0
1,1,-61,2417482,2417481,1,1,1,0,0,0,11784,11708,1,12400,10631,1,2097142,0,0,0,11715,11700,0,0,0,189129822,0,13,13,30,0,0,25,30,1,0,-11636,11887,1,0,0,1,1,2779054081,0
1,1,-60,2417483,2417482,1,0,0,0,0,1,11784,11708,0,0,0,0,2097142,0,0,0,11715,11700,1,0,0,189129822,0,13,13,30,0,0,25,30,1,0,-11636,11887,0,0,0,1,1,2779054081,0
1,1,-59,2417484,2417483,1,0,0,0,0,2,-11884,11592,0,0,0,0,2097142,0,0,0,11715,11700,0,1,33177856,204361355,0,13,13,30,0,0,25,30,1,0,-11432,-11884,0,0,0,1,1,2779054081,0
1,1,-58,2417485,2417484,1,0,0,0,0,3,-11884,11592,0,0,0,0,2097142,11864,11523,1,-11791,-11755,0,0,0,188743838,0,14,14,30,0,0,25,30,1,0,-11432,-11884,0,0,0,1,1,2779054081,0
1,1,-57,2417486,2417485,1,1,1,0,0,0,-11884,11592,1,12800,10828,1,2097142,0,0,0,-11791,-11755,0,0,0,188743838,0,14,14,30,0,0,26,30,1,0,-11432,-11884,1,0,0,1,1,2779054081,0
1,1,-56,2417487,2417486,1,0,0,0,0,1,-11884,11592,0,0,0,0,2097142,0,0,0,-11791,-11755,1,0,0,188743838,0,14,14,30,0,0,26,30,1,0,-11432,-11884,0,0,0,1,1,2779054081,0
1,1,-55,2417488,2417487,1,0,0,0,0,2,11736,11784,0,0,0,0,2097142,0,0,0,-11791,-11755,0,1,470740,204619139,0,14,14,30,0,0,26,30,1,0,-11733,-11632,0,0,0,1,1,2779054081,0
1,1,-54,2417489,2417488,1,0,0,0,0,3,11736,11784,0,0,0,0,2097142,-11808,11732,1,-11775,-11801,0,0,0,188567685,0,15,15,30,0,0,26,30,1,0,-11733,-11632,0,0,0,1,1,2779054081,0
1,1,-53,2417490,2417489,1,1,1,0,0,0,11736,11784,1,-12779,-10759,1,2097142,0,0,0,-11775,-11801,0,0,0,188567685,0,15,15,30,0,0,27,30,1,0,-11733,-11632,1,0,0,1,1,2779054081,0
1,1,-52,2417491,2417490,1,0,0,0,0,1,11736,11784,0,0,0,0,2097142,0,0,0,-11775,-11801,1,0,0,188567685,0,15,15,30,0,0,27,30,1,0,-11733,-11632,0,0,0,1,1,2779054081,0
1,1,-51,2417492,2417491,1,0,0,0,0,2,11564,-11820,0,0,0,0,2097142,0,0,0,-11775,-11801,0,1,423882,205083336,0,15,15,30,0,0,27,30,1,0,12027,11810,0,0,0,1,1,2779054081,0
1,1,-50,2417493,2417492,1,0,0,0,0,3,11564,-11820,0,0,0,0,2097142,-11465,-11634,1,12051,12033,0,0,0,188794201,0,16,16,30,0,0,27,30,1,0,12027,11810,0,0,0,1,1,2779054081,0
1,1,-49,2417494,2417493,1,1,1,0,0,0,11564,-11820,1,12617,10634,1,2097142,0,0,0,12051,12033,0,0,0,188794201,0,16,16,30,0,0,28,30,1,0,12027,11810,1,0,0,1,1,2779054081,0
1,1,-48,2417495,2417494,1,0,0,0,0,1,11564,-11820,0,0,0,0,2097142,0,0,0,12051,12033,1,0,0,188794201,0,16,16,30,0,0,28,30,1,0,12027,11810,0,0,0,1,1,2779054081,0
1,1,-47,2417496,2417495,1,0,0,0,0,2,11636,-11536,0,0,0,0,2097142,0,0,0,12051,12033,0,1,1969481,205799787,0,16,16,30,0,0,28,30,1,0,-11976,11430,0,0,0,1,1,2779054081,0
1,1,-46,2417497,2417496,1,0,0,0,0,3,11636,-11536,0,0,0,0,2097142,-11843,-11869,1,-12097,-12080,0,0,0,189470917,0,17,17,30,0,0,28,30,1,0,-11976,11430,0,0,0,1,1,2779054081,0
1,1,-45,2417498,2417497,1,1,1,0,0,0,11636,-11536,1,12449,10704,1,2097142,0,0,0,-12097,-12080,0,0,0,189470917,0,17,17,30,0,0,29,30,1,0,-11976,11430,1,0,0,1,1,2779054081,0
1,1,-44,2417499,2417498,1,0,0,0,0,1,11636,-11536,0,0,0,0,2097142,0,0,0,-12097,-12080,1,0,0,189470917,0,17,17,30,0,0,29,30,1,0,-11976,11430,0,0,0,1,1,2779054081,0
1,1,-43,2417500,2417499,1,0,0,0,0,2,11676,-11828,0,0,0,0,2097142,0,0,0,-12097,-12080,0,1,3648109,206075936,0,17,17,30,0,0,29,30,1,0,-11374,11806,0,0,0,1,1,2779054081,0
1,1,-42,2417501,2417500,1,0,0,0,0,3,11676,-11828,0,0,0,0,2097142,11858,11765,1,12083,12100,0,0,0,189731969,0,18,18,30,0,0,29,30,1,0,-11374,11806,0,0,0,1,1,2779054081,0
1,1,-41,2417502,2417501,1,1,1,0,0,0,11676,-11828,1,10859,-12679,1,2097142,0,0,0,12083,12100,0,0,0,189731969,0,18,18,30,0,0,30,30,1,0,-11374,11806,1,0,0,1,1,2779054081,0
1,1,-40,2417503,2417502,1,0,0,0,0,1,11676,-11828,0,0,0,0,2097142,0,0,0,12083,12100,1,0,0,189731969,0,18,18,30,0,0,30,30,1,0,-11374,11806,0,0,0,1,1,2779054081,0
1,1,-39,2417504,2417503,1,0,0,0,0,2,-11756,11932,0,0,0,0,2097142,0,0,0,12083,12100,0,1,444970,206488501,0,18,18,30,0,0,30,30,1,0,-11798,-12062,0,0,0,1,1,2779054081,0
1,1,-38,2417505,2417504,1,0,0,0,0,3,-11756,11932,0,0,0,0,2097142,-11699,-11637,1,-11993,-12140,0,0,0,190196385,0,19,19,30,0,0,30,30,1,0,-11798,-12062,0,0,0,1,1,2779054081,0
1,1,-37,2417506,2417505,1,1,1,0,0,0,-11756,11932,1,-10803,12621,1,2097142,0,0,0,-11993,-12140,0,0,0,190196385,0,19,19,30,0,0,31,30,1,1,-11798,-12062,1,0,0,1,1,2779054081,0
1,1,-36,2417507,2417506,1,0,0,0,0,1,-11756,11932,0,0,0,0,2097142,0,0,0,-11993,-12140,1,0,0,190196385,0,19,19,30,0,0,31,30,0,0,-11798,-12062,0,0,0,1,1,2779054081,0
1,1,-35,2417508,2417507,1,0,0,0,0,2,-11744,-11892,0,0,0,0,2097142,0,0,0,-11993,-12140,0,1,10137892,206847352,0,19,19,30,0,0,31,30,0,0,11986,12109,0,0,0,1,1,2779054081,0
1,1,-34,2417509,2417508,1,0,0,0,0,3,-11744,-11892,0,0,0,0,2097142,-11552,-11667,1,-11637,12033,0,0,0,190902852,0,20,20,30,0,0,31,30,0,0,11986,12109,0,0,0,1,1,2779054081,0
1,1,-33,2417510,2417509,1,1,1,0,0,0,-11744,-11892,1,-10560,12602,1,2097142,0,0,0,-11637,12033,0,0,0,190902852,0,20,20,30,0,0,32,30,0,0,11986,12109,1,0,0,1,1,2779054081,0
1,1,-32,2417511,2417510,1,0,0,0,0,1,-11744,-11892,0,0,0,0,2097142,0,0,0,-11637,12033,1,0,0,190902852,0,20,20,30,0,0,32,30,0,0,11986,12109,0,0,0,1,1,2779054081,0
1,1,-31,2417512,2417511,1,0,0,0,0,2,11644,11916,0,0,0,0,2097142,0,0,0,-11637,12033,0,1,400978,207197560,0,20,20,30,0,0,32,30,0,0,-12045,-12092,0,0,0,1,1,2779054081,0
1,1,-30,2417513,2417512,1,0,0,0,0,3,11644,11916,0,0,0,0,2097142,-11858,11750,1,11973,11507,0,0,0,191420604,0,21,21,30,0,0,32,30,0,0,-12045,-12092,0,0,0,1,1,2779054081,0
1,1,-29,2417514,2417513,1,1,1,0,0,0,11644,11916,1,-12687,-10724,1,2097142,0,0,0,11973,11507,0,0,0,191420604,0,21,21,30,0,0,33,30,0,0,-12045,-12092,1,0,0,1,1,2779054081,0
1,1,-28,2417515,2417514,1,0,0,0,0,1,11644,11916,0,0,0,0,2097142,0,0,0,11973,11507,1,0,0,191420604,0,21,21,30,0,0,33,30,0,0,-12045,-12092,0,0,0,1,1,2779054081,0
1,1,-27,2417516,2417515,1,0,0,0,0,2,11560,-11776,0,0,0,0,2097142,0,0,0,11973,11507,0,1,2026305,207527292,0,21,21,30,0,0,33,30,0,0,11916,12075,0,0,0,1,1,2779054081,0
1,1,-26,2417517,2417516,1,0,0,0,0,3,11560,-11776,0,0,0,0,2097142,11805,-11689,1,-11965,11743,0,0,0,191546463,0,22,22,30,0,0,33,30,0,0,11916,12075,0,0,0,1,1,2779054081,0
1,1,-25,2417518,2417517,1,1,1,0,0,0,11560,-11776,1,10913,-12512,1,2097142,0,0,0,-11965,11743,0,0,0,191546463,0,22,22,30,0,0,34,30,0,0,11916,12075,1,0,0,1,1,2779054081,0
1,1,-24,2417519,2417518,1,0,0,0,0,1,11560,-11776,0,0,0,0,2097142,0,0,0,-11965,11743,1,0,0,191546463,0,22,22,30,0,0,34,30,0,0,11916,12075,0,0,0,1,1,2779054081,0
1,1,-23,2417520,2417519,1,0,0,0,0,2,11664,-11560,0,0,0,0,2097142,0,0,0,-11965,11743,0,1,405773,207441364,0,22,22,30,0,0,34,30,0,0,11447,-11997,0,0,0,1,1,2779054081,0
1,1,-22,2417521,2417520,1,0,0,0,0,3,11664,-11560,0,0,0,0,2097142,11548,-11703,1,-11443,-11775,0,0,0,192053035,0,23,23,30,0,0,34,30,0,0,11447,-11997,0,0,0,1,1,2779054081,0
1,1,-21,2417522,2417521,1,1,1,0,0,0,11664,-11560,1,-12646,-10802,1,2097142,0,0,0,-11443,-11775,0,0,0,192053035,0,23,23,30,0,0,35,30,0,0,11447,-11997,1,0,0,1,1,2779054081,0
1,1,-20,2417523,2417522,1,0,0,0,0,1,11664,-11560,0,0,0,0,2097142,0,0,0,-11443,-11775,1,0,0,192053035,0,23,23,30,0,0,35,30,0,0,11447,-11997,0,0,0,1,1,2779054081,0
1,1,-19,2417524,2417523,1,0,0,0,0,2,11520,-11640,0,0,0,0,2097142,0,0,0,-11443,-11775,0,1,2001082,207843669,0,23,23,30,0,0,35,30,0,0,11622,11868,0,0,0,1,1,2779054081,0
1,1,-18,2417525,2417524,1,0,0,0,0,3,11520,-11640,0,0,0,0,2097142,11756,11737,1,-11908,-11900,0,0,0,191628602,0,24,24,30,0,0,35,30,0,0,11622,11868,0,0,0,1,1,2779054081,0
1,1,-17,2417526,2417525,1,1,1,0,0,0,11520,-11640,1,-10576,12711,1,2097142,0,0,0,-11908,-11900,0,0,0,191628602,0,24,24,30,0,0,36,30,0,0,11622,11868,1,0,0,1,1,2779054081,0
1,1,-16,2417527,2417526,1,0,0,0,0,1,11520,-11640,0,0,0,0,2097142,0,0,0,-11908,-11900,1,0,0,191628602,0,24,24,30,0,0,36,30,0,0,11622,11868,0,0,0,1,1,2779054081,0
1,1,-15,2417528,2417527,1,0,0,0,0,2,11732,-11700,0,0,0,0,2097142,0,0,0,-11908,-11900,0,1,5234314,208189378,0,24,24,30,0,0,36,30,0,0,11478,11659,0,0,0,1,1,2779054081,0
1,1,-14,2417529,2417528,1,0,0,0,0,3,11732,-11700,0,0,0,0,2097142,-11885,11593,1,12127,11933,0,0,0,192095575,0,25,25,30,0,0,36,30,0,0,11478,11659,0,0,0,1,1,2779054081,0
1,1,-13,2417530,2417529,1,1,1,0,0,0,11732,-11700,1,-10670,12434,1,2097142,0,0,0,12127,11933,0,0,0,192095575,0,25,25,30,0,0,37,30,0,0,11478,11659,1,0,0,1,1,2779054081,0
1,1,-12,2417531,2417530,1,0,0,0,0,1,11732,-11700,0,0,0,0,2097142,0,0,0,12127,11933,1,0,0,192095575,0,25,25,30,0,0,37,30,0,0,11478,11659,0,0,0,1,1,2779054081,0
1,1,-11,2417532,2417531,1,0,0,0,0,2,-11884,11688,0,0,0,0,2097142,0,0,0,12127,11933,0,1,1995858,208027536,0,25,25,30,0,0,37,30,0,0,11740,-11948,0,0,0,1,1,2779054081,0
1,1,-10,2417533,2417532,1,0,0,0,0,3,-11884,11688,0,0,0,0,2097142,11718,11802,1,-11901,-11855,0,0,0,192322543,0,26,26,30,0,0,37,30,0,0,11740,-11948,0,0,0,1,1,2779054081,0
1,1,-9,2417534,2417533,1,1,1,0,0,0,-11884,11688,1,-10687,12728,1,2097142,0,0,0,-11901,-11855,0,0,0,192322543,0,26,26,30,0,0,38,30,0,0,11740,-11948,1,0,0,1,1,2779054081,0
1,1,-8,2417535,2417534,1,0,0,0,0,1,-11884,11688,0,0,0,0,2097142,0,0,0,-11901,-11855,1,0,0,192322543,0,26,26,30,0,0,38,30,0,0,11740,-11948,0,0,0,1,1,2779054081,0
1,1,-7,2417536,2417535,1,0,0,0,0,2,11660,11788,0,0,0,0,2097142,0,0,0,-11901,-11855,0,1,395762,207958198,0,26,26,30,0,0,38,30,0,0,-11772,11984,0,0,0,1,1,2779054081,0
1,1,-6,2417537,2417536,1,0,0,0,0,3,11660,11788,0,0,0,0,2097142,11546,-11837,1,-11536,-11620,0,0,0,192410019,0,27,27,30,0,0,38,30,0,0,-11772,11984,0,0,0,1,1,2779054081,0
1,1,-5,2417538,2417537,1,1,1,0,0,0,11660,11788,1,10758,-12840,1,2097142,0,0,0,-11536,-11620,0,0,0,192410019,0,27,27,30,0,0,39,30,0,0,-11772,11984,1,0,0,1,1,2779054081,0
1,1,-4,2417539,2417538,1,0,0,0,0,1,11660,11788,0,0,0,0,2097142,0,0,0,-11536,-11620,1,0,0,192410019,0,27,27,30,0,0,39,30,0,0,-11772,11984,0,0,1,0,1,2779054081,1
1,1,-3,2417540,2417539,1,0,0,0,0,2,11528,-11624,0,0,0,0,2097142,0,0,0,-11536,-11620,0,1,426425,207980203,0,27,27,30,0,0,39,30,0,0,0,0,0,0,0,0,1,2779054081,1
1,1,-2,2417541,2417540,1,0,0,0,0,3,11528,-11624,0,0,0,0,2097142,11648,-11522,1,-11825,11948,0,0,0,191906744,0,28,28,30,0,0,39,30,0,0,0,0,0,0,0,0,1,2779054081,1
1,1,-1,2417542,2417541,1,1,0,0,0,0,11528,-11624,0,12663,10908,1,2097142,0,0,0,-11825,11948,0,0,0,191906744,0,28,28,30,0,0,40,30,0,0,0,0,0,0,0,0,1,2779054081,1
1,1,0,2417543,2417542,2,0,0,0,0,1,11528,-11624,0,0,0,0,2097142,0,0,0,-11825,11948,1,0,0,191906744,0,28,28,30,0,0,40,30,0,0,0,0,0,0,0,0,2,2779054081,1
1,1,1,2417544,2417543,2,0,0,0,0,2,11528,-11624,0,0,0,0,2097142,0,0,0,-11825,11948,0,1,427752,207609723,0,28,28,30,0,0,40,30,0,0,0,0,0,0,0,0,2,2779054081,1
1,1,2,2417545,2417544,2,0,0,0,0,3,11528,-11624,0,0,0,0,2097142,11716,-11787,1,11944,-11939,0,0,0,191691068,0,29,29,30,0,0,40,30,0,0,0,0,0,0,0,0,2,2779054081,1
1,1,3,2417546,2417545,2,1,1,0,0,0,11528,-11624,1,-12565,-10942,1,2097142,0,0,0,11944,-11939,0,0,0,191691068,0,29,29,30,0,0,41,30,0,0,0,0,0,0,0,0,2,2779054081,1
1,1,4,2417547,2417546,2,0,0,0,0,1,11528,-11624,0,0,0,0,2097142,0,0,0,11944,-11939,1,0,0,191691068,0,29,29,30,0,0,41,30,0,0,0,0,0,0,0,0,2,2779054081,1
1,1,5,2417548,2417547,2,0,0,0,0,2,11664,-11636,0,0,0,0,2097142,0,0,0,11944,-11939,0,1,421940,206872229,0,29,29,30,0,0,41,30,0,0,0,0,0,0,0,0,2,2779054081,1
1,1,6,2417549,2417548,2,0,0,0,0,3,11664,-11636,0,0,0,0,2097142,-11757,11933,1,11526,-11620,0,0,0,191280853,0,30,30,30,0,0,41,30,0,0,0,0,0,0,0,0,2,2779054081,1
1,1,7,2417550,2417549,2,1,1,0,0,0,11664,-11636,1,-10575,12666,1,2097142,0,0,0,11526,-11620,0,0,0,191280853,0,30,30,30,0,0,42,30,0,0,0,0,0,0,0,0,2,2779054081,1
1,1,8,2417551,2417550,2,0,0,0,0,1,11664,-11636,0,0,0,0,2097142,0,0,0,11526,-11620,1,0,0,191280853,0,30,30,30,0,0,42,30,0,0,0,0,0,0,0,0,2,2779054081,1
1,1,9,2417552,2417551,2,0,0,0,0,2,11572,-11620,0,0,0,0,2097142,0,0,0,11526,-11620,0,1,68840378,206445184,0,30,30,30,1,0,42,30,0,0,0,0,0,0,0,0,2,2779054081,1
1,1,10,2417553,2417552,2,0,0,0,0,3,11572,-11620,0,0,0,0,2097142,-11717,-11919,1,11768,11884,0,0,0,190528262,68840378,31,31,30,0,0,42,30,0,0,0,0,0,0,0,0,2,2779054081,1
1,1,11,2417554,2417553,2,1,1,0,0,0,11572,-11620,1,-10701,12456,1,2097142,0,0,0,11768,11884,0,0,0,190528262,68840378,31,31,30,0,0,43,30,0,0,0,0,0,0,0,0,2,2779054081,1
1,1,12,2417555,2417554,2,0,0,0,0,1,11572,-11620,0,0,0,0,2097142,0,0,0,11768,11884,1,0,0,190528262,68840378,31,31,30,0,0,43,30,0,0,0,0,0,0,0,0,2,2779054081,1
1,1,13,2417556,2417555,2,0,0,0,0,2,11708,-11752,0,0,0,0,2097142,0,0,0,11768,11884,0,1,434565,206052120,68840378,31,31,30,0,0,43,30,0,0,0,0,0,0,0,0,2,2779054081,1
1,1,14,2417557,2417556,2,0,0,0,0,3,11708,-11752,0,0,0,0,2097142,11625,11935,1,-12103,11535,0,0,0,190153068,68840378,32,32,30,0,0,43,30,0,0,0,0,0,0,0,0,2,2779054081,1
1,1,15,2417558,2417557,2,1,1,0,0,0,11708,-11752,1,-10550,12524,1,2097142,0,0,0,-12103,11535,0,0,0,190153068,68840378,32,32,30,0,0,44,30,0,0,0,0,0,0,0,0,2,2779054081,1
1,1,16,2417559,2417558,2,0,0,0,0,1,11708,-11752,0,0,0,0,2097142,0,0,0,-12103,11535,1,0,0,190153068,68840378,32,32,30,0,0,44,30,0,0,0,0,0,0,0,0,2,2779054081,1
1,1,17,2417560,2417559,2,0,0,0,0,2,-11740,11784,0,0,0,0,2097142,0,0,0,-12103,11535,0,1,426698,206061343,68840378,32,32,30,0,0,44,30,0,0,0,0,0,0,0,0,2,2779054081,1
1,1,18,2417561,2417560,2,0,0,0,0,3,-11740,11784,0,0,0,0,2097142,11537,-11796,1,11936,11767,0,0,0,190107620,68840378,33,33,30,0,0,44,30,0,0,0,0,0,0,0,0,2,2779054081,1
1,1,19,2417562,2417561,2,1,1,0,0,0,-11740,11784,1,-10758,12601,1,2097142,0,0,0,11936,11767,0,0,0,190107620,68840378,33,33,30,0,0,45,30,0,0,0,0,0,0,0,0,2,2779054081,1
1,1,20,2417563,2417562,2,0,0,0,0,1,-11740,11784,0,0,0,0,2097142,0,0,0,11936,11767,1,0,0,190107620,68840378,33,33,30,0,0,45,30,0,0,0,0,0,0,0,0,2,2779054081,1
1,1,21,2417564,2417563,2,0,0,0,0,2,-11788,11536,0,0,0,0,2097142,0,0,0,11936,11767,0,1,2060434,206055036,68840378,33,33,30,0,0,45,30,0,0,0,0,0,0,0,0,2,2779054081,1
1,1,22,2417565,2417564,2,0,0,0,0,3,-11788,11536,0,0,0,0,2097142,11636,-11586,1,11513,-11988,0,0,0,190284387,68840378,34,34,30,0,0,45,30,0,0,0,0,0,0,0,0,2,2779054081,1
1,1,23,2417566,2417565,2,1,1,0,0,0,-11788,11536,1,10910,-12603,1,2097142,0,0,0,11513,-11988,0,0,0,190284387,68840378,34,34,30,0,0,46,30,0,0,0,0,0,0,0,0,2,2779054081,1
1,1,24,2417567,2417566,2,0,0,0,0,1,-11788,11536,0,0,0,0,2097142,0,0,0,11513,-11988,1,0,0,190284387,68840378,34,34,30,0,0,46,30,0,0,0,0,0,0,0,0,2,2779054081,1
1,1,25,2417568,2417567,2,0,0,0,0,2,11728,11788,0,0,0,0,2097142,0,0,0,11513,-11988,0,1,2090689,205556910,68840378,34,34,30,0,0,46,30,0,0,0,0,0,0,0,0,2,2779054081,1
1,1,26,2417569,2417568,2,0,0,0,0,3,11728,11788,0,0,0,0,2097142,11550,-11609,1,11668,-11467,0,0,0,190074207,68840378,35,35,30,0,0,46,30,0,0,0,0,0,0,0,0,2,2779054081,1
1,1,27,2417570,2417569,2,1,1,0,0,0,11728,11788,1,-12566,-10817,1,2097142,0,0,0,11668,-11467,0,0,0,190074207,68840378,35,35,30,0,0,47,30,0,0,0,0,0,0,0,0,2,2779054081,1
1,1,28,2417571,2417570,2,0,0,0,0,1,11728,11788,0,0,0,0,2097142,0,0,0,11668,-11467,1,0,0,190074207,68840378,35,35,30,0,0,47,30,0,0,0,0,0,0,0,0,2,2779054081,1
1,1,29,2417572,2417571,2,0,0,0,0,2,11544,-11912,0,0,0,0,2097142,0,0,0,11668,-11467,0,1,2080145,206099192,68840378,35,35,30,0,0,47,30,0,0,0,0,0,0,0,0,2,2779054081,1
1,1,30,2417573,2417572,2,0,0,0,0,3,11544,-11912,0,0,0,0,2097142,11750,-11681,1,11677,-11818,0,0,0,190168581,68840378,36,36,30,0,0,47,30,0,0,0,0,0,0,0,0,2,2779054081,1
1,1,31,2417574,2417573,2,1,1,0,0,0,11544,-11912,1,0,0,0,2097142,0,0,0,11677,-11818,0,0,0,190168581,68840378,36,36,30,0,0,48,30,0,0,0,0,0,0,0,0,2,2779054081,1
1,1,32,2417575,2417574,2,0,0,0,0,1,11544,-11912,0,0,0,0,2097142,0,0,0,11677,-11818,1,0,0,190168581,68840378,36,36,30,0,0,48,30,0,0,0,0,0,0,0,0,2,2779054081,1
1,1,33,2417576,2417575,2,0,0,0,0,2,11788,11716,0,0,0,0,2097142,0,0,0,11677,-11818,0,1,443725,206069991,68840378,36,36,30,0,0,48,30,0,0,0,0,0,0,0,0,2,2779054081,1
1,1,34,2417577,2417576,2,0,0,0,0,3,11788,11716,0,0,0,0,2097142,-11902,11670,1,-11969,12052,0,0,0,189884125,68840378,37,37,30,0,0,48,30,0,0,0,0,0,0,0,0,2,2779054081,1
1,1,35,2417578,2417577,2,1,1,0,0,0,11788,11716,1,-10560,12509,1,2097142,0,0,0,-11969,12052,0,0,0,189884125,68840378,37,37,30,0,0,49,30,0,0,0,0,0,0,0,0,2,2779054081,1
1,1,36,2417579,2417578,2,0,0,0,0,1,11788,11716,0,0,0,0,2097142,0,0,0,-11969,12052,1,0,0,189884125,68840378,37,37,30,0,0,49,30,0,0,0,0,0,0,0,0,2,2779054081,1
1,1,37,2417580,2417579,2,0,0,0,0,2,-11912,11588,0,0,0,0,2097142,0,0,0,-11969,12052,0,1,419953,206088636,68840378,37,37,30,0,0,49,30,0,0,0,0,0,0,0,0,2,2779054081,1
1,1,38,2417581,2417580,2,0,0,0,0,3,-11912,11588,0,0,0,0,2097142,11659,11788,1,-11722,-12075,0,0,0,189976188,68840378,38,38,30,0,0,49,30,0,0,0,0,0,0,0,0,2,2779054081,1
1,1,39,2417582,2417581,2,1,1,0,0,0,-11912,11588,1,-10695,12532,1,2097142,0,0,0,-11722,-12075,0,0,0,189976188,68840378,38,38,30,0,0,50,30,0,0,0,0,0,0,0,0,2,2779054081,1
1,1,40,2417583,2417582,2,0,0,0,0,1,-11912,11588,0,0,0,0,2097142,0,0,0,-11722,-12075,1,0,0,189976188,68840378,38,38,30,0,0,50,30,0,0,0,0,0,0,0,0,2,2779054081,1
1,1,41,2417584,2417583,2,0,0,0,0,2,11716,11584,0,0,0,0,2097142,0,0,0,-11722,-12075,0,1,389425,206394243,68840378,38,38,30,0,0,50,30,0,0,0,0,0,0,0,0,2,2779054081,1
1,1,42,2417585,2417584,2,0,0,0,0,3,11716,11584,0,0,0,0,2097142,0,0,0,11801,12151,0,0,0,190383643,68840378,39,39,30,0,0,50,30,0,0,0,0,0,0,0,0,2,2779054081,1
1,1,43,2417586,2417585,2,1,1,0,0,0,11716,11584,1,-10604,12508,1,2097142,0,0,0,11801,12151,0,0,0,190383643,68840378,39,39,30,0,0,51,30,0,0,0,0,0,0,0,0,2,2779054081,1
1,1,44,2417587,2417586,2,0,0,0,0,1,11716,11584,0,0,0,0,2097142,0,0,0,11801,12151,1,0,0,190383643,68840378,39,39,30,0,0,51,30,0,0,0,0,0,0,0,0,2,2779054081,1
1,1,45,2417588,2417587,2,0,0,0,0,2,11588,11712,0,0,0,0,2097142,0,0,0,11801,12151,0,1,6912208,206548843,68840378,39,39,30,0,0,51,30,0,0,0,0,0,0,0,0,2,2779054081,1
1,1,46,2417589,2417588,2,0,0,0,0,3,11588,11712,0,0,0,0,2097142,11545,-11606,1,11522,-12001,0,0,0,190846064,68840378,40,40,30,0,0,51,30,0,0,0,0,0,0,0,0,2,2779054081,1
1,1,47,2417590,2417589,2,1,1,0,0,0,11588,11712,1,-10729,12650,1,2097142,0,0,0,11522,-12001,0,0,0,190846064,68840378,40,40,30,0,0,52,30,0,0,0,0,0,0,0,0,2,2779054081,1
1,1,48,2417591,2417590,2,0,0,0,0,1,11588,11712,0,0,0,0,2097142,0,0,0,11522,-12001,1,0,0,190846064,68840378,40,40,30,0,0,52,30,0,0,0,0,0,0,0,0,2,2779054081,1
1,1,49,2417592,2417591,2,0,0,0,0,2,11580,-11848,0,0,0,0,2097142,0,0,0,11522,-12001,0,1,2094557,206027272,68840378,40,40,30,0,0,52,30,0,0,0,0,0,0,0,0,2,2779054081,1
1,1,50,2417593,2417592,2,0,0,0,0,3,11580,-11848,0,0,0,0,2097142,11677,-11622,1,11683,-11528,0,0,0,190475384,68840378,41,41,30,0,0,52,30,0,0,0,0,0,0,0,0,2,2779054081,1
1,1,51,2417594,2417593,2,1,1,0,0,0,11580,-11848,1,10759,-12687,1,2097142,0,0,0,11683,-11528,0,0,0,190475384,68840378,41,41,30,0,0,53,30,0,0,-11625,11992,1,1,0,1,2,2779054081,0
1,1,52,2417595,2417594,2,0,0,0,0,1,11580,-11848,0,0,0,0,2097142,0,0,0,11683,-11528,1,0,0,190475384,68840378,41,41,30,0,0,53,30,0,0,-11625,11992,0,0,0,1,2,2779054081,0
1,1,53,2417596,2417595,2,0,0,0,0,2,11736,11656,0,0,0,0,2097142,0,0,0,11683,-11528,0,0,0,205576265,68840378,41,41,30,0,0,53,30,0,0,11934,11493,0,0,0,1,2,2779054081,0
1,1,54,2417597,2417596,2,0,0,0,0,3,11736,11656,0,0,0,0,2097142,11567,-11624,1,11490,-11661,0,0,0,190108617,68840378,41,41,30,0,0,53,30,0,0,11934,11493,0,0,0,1,2,2779054081,0
1,1,55,2417598,2417597,2,1,1,0,0,0,11736,11656,1,10826,-12443,1,2097142,0,0,0,11490,-11661,0,0,0,190108617,68840378,41,41,30,0,0,54,30,0,0,11934,11493,1,0,0,1,2,2779054081,0
1,1,56,2417599,2417598,2,0,0,0,0,1,11736,11656,0,0,0,0,2097142,0,0,0,11490,-11661,1,0,0,190108617,68840378,41,41,30,0,0,54,30,0,0,11934,11493,0,0,0,1,2,2779054081,0
1,1,57,2417600,2417599,2,0,0,0,0,2,-11884,11800,0,0,0,0,2097142,0,0,0,11490,-11661,0,1,10166020,205818037,68840378,41,41,30,0,0,54,30,0,0,-11952,11702,0,0,0,1,2,2779054081,0
1,1,58,2417601,2417600,2,0,0,0,0,3,-11884,11800,0,0,0,0,2097142,11711,-11746,1,11758,-11657,0,0,0,189984889,68840378,42,42,30,0,0,54,30,0,0,-11952,11702,0,0,0,1,2,2779054081,0
1,1,59,2417602,2417601,2,1,1,0,0,0,-11884,11800,1,-12634,-10811,1,2097142,0,0,0,11758,-11657,0,0,0,189984889,68840378,42,42,30,0,0,55,30,0,0,-11952,11702,1,0,0,1,2,2779054081,0
1,1,60,2417603,2417602,2,0,0,0,0,1,-11884,11800,0,0,0,0,2097142,0,0,0,11758,-11657,1,0,0,189984889,68840378,42,42,30,0,0,55,30,0,0,-11952,11702,0,0,0,1,2,2779054081,0
1,1,61,2417604,2417603,2,0,0,0,0,2,11708,-11880,0,0,0,0,2097142,0,0,0,11758,-11657,0,1,1932048,205926807,68840378,42,42,30,0,0,55,30,0,0,-11406,-11764,0,0,0,1,2,2779054081,0
1,1,62,2417605,2417604,2,0,0,0,0,3,11708,-11880,0,0,0,0,2097142,-11777,11748,1,-12107,11814,0,0,0,189901115,68840378,43,43,30,0,0,55,30,0,0,-11406,-11764,0,0,0,1,2,2779054081,0
1,1,63,2417606,2417605,2,1,1,0,0,0,11708,-11880,1,-10553,12797,1,2097142,0,0,0,-12107,11814,0,0,0,189901115,68840378,43,43,30,0,0,56,30,0,0,-11406,-11764,1,0,0,1,2,2779054081,0
1,1,64,2417607,2417606,2,0,0,0,0,1,11708,-11880,0,0,0,0,2097142,0,0,0,-12107,11814,1,0,0,189901115,68840378,43,43,30,0,0,56,30,0,0,-11406,-11764,0,0,0,1,2,2779054081,0
