1 0 198364 0 0 occ=12333
2 51 98664 0 0 occ=12333
3 0 98664 0 0 occ=12333
4 0 98664 0 0 occ=12333
5 0 98664 0 0 occ=12333
6 0 98664 0 0 occ=12333
7 0 98664 0 0 occ=12333
8 0 98664 0 0 occ=12333
9 0 98664 0 0 occ=12333
10 0 98664 0 0 occ=12333
11 0 98664 0 0 occ=12333
12 0 98664 0 0 occ=12333
13 0 98664 0 0 occ=12333
14 0 98664 0 0 occ=12333
15 0 98664 0 0 occ=12333
16 0 98664 0 0 occ=12333
17 0 98664 0 0 occ=12333
18 0 98664 0 0 occ=12333
19 0 98664 0 0 occ=12333
20 0 98664 0 0 occ=12333
21 0 98664 0 0 occ=12333
22 0 98664 0 0 occ=12333
23 0 98664 0 0 occ=12333
24 0 98664 0 0 occ=12333
25 0 98664 0 0 occ=12333
26 0 98664 0 0 occ=12333
27 0 98664 0 0 occ=12333
28 0 98664 0 0 occ=12333
29 0 98664 0 0 occ=12333
30 0 98664 0 0 occ=12333
31 0 98664 0 0 occ=12333
32 0 98664 0 0 occ=12333
33 0 98664 0 0 occ=12333
34 0 98664 0 0 occ=12333
35 0 98664 0 0 occ=12333
36 0 98664 0 0 occ=12333
37 0 98664 0 0 occ=12333
38 0 98664 0 0 occ=12333
39 0 98664 0 0 occ=12333
40 0 98664 0 0 occ=12333
41 0 98664 0 0 occ=12333
42 0 98664 0 0 occ=12333
43 0 98664 0 0 occ=12333
44 0 98664 0 0 occ=12333
45 0 98664 0 0 occ=12333
46 0 98664 0 0 occ=12333
47 0 98664 0 0 occ=12333
48 0 98664 0 0 occ=12333
49 0 98664 0 0 occ=12333
50 0 98664 0 0 occ=12333
51 0 98664 0 0 occ=12333
52 0 98664 0 0 occ=12333
53 0 98664 0 0 occ=12333
54 0 98664 0 0 occ=12333
55 0 98664 0 0 occ=12333
56 0 98664 0 0 occ=12333
57 0 98664 0 0 occ=12333
58 0 98664 0 0 occ=12333
59 0 98664 0 0 occ=12333
60 0 98664 0 0 occ=12333
61 0 98664 0 0 occ=12333
62 0 98664 0 0 occ=12333
63 0 98664 0 0 occ=12333
64 0 98664 0 0 occ=12333
65 0 98664 0 0 occ=12333
66 0 98664 0 0 occ=12333
67 0 98664 0 0 occ=12333
68 0 98664 0 0 occ=12333
69 0 98664 0 0 occ=12333
70 0 98664 0 0 occ=12333
71 0 98664 0 0 occ=12333
72 0 98664 0 0 occ=12333
73 0 98664 0 0 occ=12333
74 0 98664 0 0 occ=12333
75 0 98664 0 0 occ=12333
76 0 98664 0 0 occ=12333
77 0 98664 0 0 occ=12333
78 0 98664 0 0 occ=12333
79 0 98664 0 0 occ=12333
80 0 98664 0 0 occ=12333
# FORCED fpop at packet 80 clk 7992820 fifo push=56 pop=57 occ=12333
81 0 98664 0 1 occ=12333
82 43 98664 0 1 occ=12333
83 56 98664 0 1 occ=12333
84 56 98664 0 1 occ=12333
85 56 98664 0 1 occ=12333
86 56 98664 0 1 occ=12333
87 56 98664 0 1 occ=12333
88 56 98664 0 1 occ=12333
89 56 98664 0 1 occ=12333
90 56 98664 0 1 occ=12333
91 56 98664 0 1 occ=12333
92 56 98664 0 1 occ=12333
93 56 98664 0 1 occ=12333
94 56 98664 0 1 occ=12333
95 56 98664 0 1 occ=12333
96 56 98664 0 1 occ=12333
97 56 98664 0 1 occ=12333
98 56 98664 0 1 occ=12333
99 56 98664 0 1 occ=12333
100 56 98664 0 1 occ=12333
101 56 98664 0 1 occ=12333
102 56 98664 0 1 occ=12333
103 56 98664 0 1 occ=12333
104 56 98664 0 1 occ=12333
105 56 98664 0 1 occ=12333
106 56 98664 0 1 occ=12333
107 56 98664 0 1 occ=12333
108 56 98664 0 1 occ=12333
109 56 98664 0 1 occ=12333
110 56 98664 0 1 occ=12333
111 56 98664 0 1 occ=12333
112 56 98664 0 1 occ=12333
113 56 98664 0 1 occ=12333
114 56 98664 0 1 occ=12333
115 56 98664 0 1 occ=12333
116 56 98664 0 1 occ=12333
117 56 98664 0 1 occ=12333
118 56 98664 0 1 occ=12333
119 56 98664 0 1 occ=12333
120 56 98664 0 1 occ=12333
121 56 98664 0 1 occ=12333
122 56 98664 0 1 occ=12333
123 56 98664 0 1 occ=12333
124 56 98664 0 1 occ=12333
125 56 98664 0 1 occ=12333
126 56 98664 0 1 occ=12333
127 56 98664 0 1 occ=12333
128 56 98664 0 1 occ=12333
129 56 98664 0 1 occ=12333
130 56 98664 0 1 occ=12333
131 56 98664 0 1 occ=12333
132 56 98664 0 1 occ=12333
133 56 98664 0 1 occ=12333
134 56 98664 0 1 occ=12333
135 56 98664 0 1 occ=12333
136 56 98664 0 1 occ=12333
137 56 98664 0 1 occ=12333
138 56 98664 0 1 occ=12333
139 56 98664 0 1 occ=12333
140 56 98664 0 1 occ=12333
141 56 98664 0 1 occ=12333
142 56 98664 0 1 occ=12333
143 56 98664 0 1 occ=12333
144 56 98664 0 1 occ=12333
145 56 98664 0 1 occ=12333
146 56 98664 0 1 occ=12333
147 56 98664 0 1 occ=12333
148 56 98664 0 1 occ=12333
149 56 98664 0 1 occ=12333
150 56 98664 0 1 occ=12333
151 56 98664 0 1 occ=12333
152 56 98664 0 1 occ=12333
153 56 98664 0 1 occ=12333
154 56 98664 0 1 occ=12333
155 56 98664 0 1 occ=12333
156 56 98664 0 1 occ=12333
157 56 98664 0 1 occ=12333
158 56 98664 0 1 occ=12333
159 56 98664 0 1 occ=12333
160 56 98664 0 1 occ=12333
161 56 98664 0 1 occ=12333
162 56 98664 0 1 occ=12333
163 56 98664 0 1 occ=12333
164 56 98664 0 1 occ=12333
165 56 98664 0 1 occ=12333
166 56 98664 0 1 occ=12333
167 56 98664 0 1 occ=12333
168 56 98664 0 1 occ=12333
169 56 98664 0 1 occ=12333
170 56 98664 0 1 occ=12333
171 56 98664 0 1 occ=12333
172 56 98664 0 1 occ=12333
173 56 98664 0 1 occ=12333
174 56 98664 0 1 occ=12333
175 56 98664 0 1 occ=12333
176 56 98664 0 1 occ=12333
177 56 98664 0 1 occ=12333
178 56 98664 0 1 occ=12333
179 56 98664 0 1 occ=12333
180 56 98664 0 1 occ=12333
181 56 98664 0 1 occ=12333
182 56 98664 0 1 occ=12333
183 56 98664 0 1 occ=12333
184 56 98664 0 1 occ=12333
185 56 98664 0 1 occ=12333
186 56 98664 0 1 occ=12333
187 56 98664 0 1 occ=12333
188 56 98664 0 1 occ=12333
189 56 98664 0 1 occ=12333
190 56 98664 0 1 occ=12333
191 56 98664 0 1 occ=12333
192 56 98664 0 1 occ=12333
193 56 98664 0 1 occ=12333
194 56 98664 0 1 occ=12333
195 56 98664 0 1 occ=12333
196 56 98664 0 1 occ=12333
197 56 98664 0 1 occ=12333
198 56 98664 0 1 occ=12333
199 56 98664 0 1 occ=12333
200 56 98664 0 1 occ=12333
201 56 98664 0 1 occ=12333
202 56 98664 0 1 occ=12333
203 56 98664 0 1 occ=12333
204 56 98664 0 1 occ=12333
205 56 98664 0 1 occ=12333
206 56 98664 0 1 occ=12333
207 56 98664 0 1 occ=12333
208 56 98664 0 1 occ=12333
209 56 98664 0 1 occ=12333
210 56 98664 0 1 occ=12333
211 56 98664 0 1 occ=12333
212 56 98664 0 1 occ=12333
213 56 98664 0 1 occ=12333
214 56 98664 0 1 occ=12333
215 56 98664 0 1 occ=12333
216 56 98664 0 1 occ=12333
217 56 98664 0 1 occ=12333
218 56 98664 0 1 occ=12333
219 56 98664 0 1 occ=12333
220 56 98664 0 1 occ=12333
221 56 98664 0 1 occ=12333
222 56 98664 0 1 occ=12333
223 56 98664 0 1 occ=12333
224 56 98664 0 1 occ=12333
225 56 98664 0 1 occ=12333
226 56 98664 0 1 occ=12333
227 56 98664 0 1 occ=12333
228 56 98664 0 1 occ=12333
229 56 98664 0 1 occ=12333
230 56 98664 0 1 occ=12333
231 56 98664 0 1 occ=12333
232 56 98664 0 1 occ=12333
233 56 98664 0 1 occ=12333
234 56 98664 0 1 occ=12333
235 56 98664 0 1 occ=12333
236 56 98664 0 1 occ=12333
237 56 98664 0 1 occ=12333
238 56 98664 0 1 occ=12333
239 56 98664 0 1 occ=12333
240 56 98664 0 1 occ=12333
241 56 98664 0 1 occ=12333
242 56 98664 0 1 occ=12333
243 56 98664 0 1 occ=12333
244 56 98664 0 1 occ=12333
245 56 98664 0 1 occ=12333
246 56 98664 0 1 occ=12333
247 56 98664 0 1 occ=12333
248 56 98664 0 1 occ=12333
249 56 98664 0 1 occ=12333
250 56 98664 0 1 occ=12333
251 56 98664 0 1 occ=12333
252 56 98664 0 1 occ=12333
253 56 98664 0 1 occ=12333
254 56 98664 0 1 occ=12333
255 56 98664 0 1 occ=12333
256 56 98664 0 1 occ=12333
257 56 98664 0 1 occ=12333
258 56 98664 0 1 occ=12333
259 56 98664 0 1 occ=12333
260 56 98664 0 1 occ=12333
261 56 98664 0 1 occ=12333
262 56 98664 0 1 occ=12333
263 56 98664 0 1 occ=12333
264 56 98664 0 1 occ=12333
265 56 98664 0 1 occ=12333
266 56 98664 0 1 occ=12333
267 56 98664 0 1 occ=12333
268 56 98664 0 1 occ=12333
269 56 98664 0 1 occ=12333
270 56 98664 0 1 occ=12333
271 56 98664 0 1 occ=12333
272 56 98664 0 1 occ=12333
273 56 98664 0 1 occ=12333
274 56 98664 0 1 occ=12333
275 56 98664 0 1 occ=12333
276 56 98664 0 1 occ=12333
277 56 98664 0 1 occ=12333
278 56 98664 0 1 occ=12333
279 56 98664 0 1 occ=12333
280 56 98664 0 1 occ=12333
281 56 98664 0 1 occ=12333
282 56 98664 0 1 occ=12333
283 56 98664 0 1 occ=12333
284 56 98664 0 1 occ=12333
285 56 98664 0 1 occ=12333
286 56 98664 0 1 occ=12333
287 56 98664 0 1 occ=12333
288 56 98664 0 1 occ=12333
289 56 98664 0 1 occ=12333
290 56 98664 0 1 occ=12333
291 56 98664 0 1 occ=12333
292 56 98664 0 1 occ=12333
293 56 98664 0 1 occ=12333
294 56 98664 0 1 occ=12333
295 56 98664 0 1 occ=12333
296 56 98664 0 1 occ=12333
297 56 98664 0 1 occ=12333
298 56 98664 0 1 occ=12333
299 56 98664 0 1 occ=12333
300 56 98664 0 1 occ=12333
301 56 98664 0 1 occ=12333
302 56 98664 0 1 occ=12333
303 56 98664 0 1 occ=12333
304 56 98664 0 1 occ=12333
305 56 98664 0 1 occ=12333
306 56 98664 0 1 occ=12333
307 56 98664 0 1 occ=12333
308 56 98664 0 1 occ=12333
309 56 98664 0 1 occ=12333
310 56 98664 0 1 occ=12333
311 56 98664 0 1 occ=12333
312 56 98664 0 1 occ=12333
313 56 98664 0 1 occ=12333
314 56 98664 0 1 occ=12333
315 56 98664 0 1 occ=12333
316 56 98664 0 1 occ=12333
317 56 98664 0 1 occ=12333
318 56 98664 0 1 occ=12333
319 56 98664 0 1 occ=12333
320 56 98664 0 1 occ=12333
321 56 98664 0 1 occ=12333
322 56 98664 0 1 occ=12333
323 56 98664 0 1 occ=12333
324 56 98664 0 1 occ=12333
325 56 98664 0 1 occ=12333
326 56 98664 0 1 occ=12333
327 56 98664 0 1 occ=12333
328 56 98664 0 1 occ=12333
329 56 98664 0 1 occ=12333
330 56 98664 0 1 occ=12333
331 56 98664 0 1 occ=12333
332 56 98664 0 1 occ=12333
333 56 98664 0 1 occ=12333
334 56 98664 0 1 occ=12333
335 56 98664 0 1 occ=12333
336 56 98664 0 1 occ=12333
337 56 98664 0 1 occ=12333
338 56 98664 0 1 occ=12333
339 56 98664 0 1 occ=12333
340 56 98664 0 1 occ=12333
341 56 98664 0 1 occ=12333
342 56 98664 0 1 occ=12333
343 56 98664 0 1 occ=12333
344 56 98664 0 1 occ=12333
345 56 98664 0 1 occ=12333
346 56 98664 0 1 occ=12333
347 56 98664 0 1 occ=12333
348 56 98664 0 1 occ=12333
349 56 98664 0 1 occ=12333
350 56 98664 0 1 occ=12333
351 56 98664 0 1 occ=12333
352 56 98664 0 1 occ=12333
353 56 98664 0 1 occ=12333
354 56 98664 0 1 occ=12333
355 56 98664 0 1 occ=12333
356 56 98664 0 1 occ=12333
357 56 98664 0 1 occ=12333
358 56 98664 0 1 occ=12333
359 56 98664 0 1 occ=12333
360 56 98664 0 1 occ=12333
361 56 98664 0 1 occ=12333
362 56 98664 0 1 occ=12333
363 56 98664 0 1 occ=12333
364 56 98664 0 1 occ=12333
365 56 98664 0 1 occ=12333
366 56 98664 0 1 occ=12333
367 56 98664 0 1 occ=12333
368 56 98664 0 1 occ=12333
369 56 98664 0 1 occ=12333
370 56 98664 0 1 occ=12333
371 56 98664 0 1 occ=12333
372 56 98664 0 1 occ=12333
373 56 98664 0 1 occ=12333
374 56 98664 0 1 occ=12333
375 56 98664 0 1 occ=12333
376 56 98664 0 1 occ=12333
377 56 98664 0 1 occ=12333
378 56 98664 0 1 occ=12333
379 56 98664 0 1 occ=12333
380 56 98664 0 1 occ=12333
381 56 98664 0 1 occ=12333
382 56 98664 0 1 occ=12333
383 56 98664 0 1 occ=12333
384 56 98664 0 1 occ=12333
385 56 98664 0 1 occ=12333
386 56 98664 0 1 occ=12333
387 56 98664 0 1 occ=12333
388 56 98664 0 1 occ=12333
389 56 98664 0 1 occ=12333
390 56 98664 0 1 occ=12333
391 56 98664 0 1 occ=12333
392 56 98664 0 1 occ=12333
393 56 98664 0 1 occ=12333
394 56 98664 0 1 occ=12333
395 56 98664 0 1 occ=12333
396 56 98664 0 1 occ=12333
397 56 98664 0 1 occ=12333
398 56 98664 0 1 occ=12333
399 56 98664 0 1 occ=12333
400 56 98664 0 1 occ=12333
401 56 98664 0 1 occ=12333
402 56 98664 0 1 occ=12333
403 56 98664 0 1 occ=12333
404 56 98664 0 1 occ=12333
405 56 98664 0 1 occ=12333
406 56 98664 0 1 occ=12333
