1 0 198364 0 0 occ=12333
2 51 98664 0 0 occ=12333
3 0 98664 0 0 occ=12333
4 0 98664 0 0 occ=12333
5 0 98664 0 0 occ=12333
6 0 98664 0 0 occ=12333
7 0 98664 0 0 occ=12333
8 0 98664 0 0 occ=12333
9 0 98664 0 0 occ=12333
10 0 98664 0 0 occ=12333
11 0 98664 0 0 occ=12333
12 0 98664 0 0 occ=12333
13 0 98664 0 0 occ=12333
14 0 98664 0 0 occ=12333
15 0 98664 0 0 occ=12333
16 0 98664 0 0 occ=12333
17 0 98664 0 0 occ=12333
18 0 98664 0 0 occ=12333
19 0 98664 0 0 occ=12333
20 0 98664 0 0 occ=12333
21 0 98664 0 0 occ=12333
22 0 98664 0 0 occ=12333
23 0 98664 0 0 occ=12333
24 0 98664 0 0 occ=12333
25 0 98664 0 0 occ=12333
26 0 98664 0 0 occ=12333
27 0 98664 0 0 occ=12333
28 0 98664 0 0 occ=12333
29 0 98664 0 0 occ=12333
30 0 98664 0 0 occ=12333
31 0 98664 0 0 occ=12333
32 0 98664 0 0 occ=12333
33 0 98664 0 0 occ=12333
34 0 98664 0 0 occ=12333
35 0 98664 0 0 occ=12333
36 0 98664 0 0 occ=12333
37 0 98664 0 0 occ=12333
38 0 98664 0 0 occ=12333
39 0 98664 0 0 occ=12333
40 0 98664 0 0 occ=12333
41 0 98664 0 0 occ=12333
42 0 98664 0 0 occ=12333
43 0 98664 0 0 occ=12333
44 0 98664 0 0 occ=12333
45 0 98664 0 0 occ=12333
46 0 98664 0 0 occ=12333
47 0 98664 0 0 occ=12333
48 0 98664 0 0 occ=12333
49 0 98664 0 0 occ=12333
50 0 98664 0 0 occ=12333
51 0 98664 0 0 occ=12333
52 0 98664 0 0 occ=12333
53 0 98664 0 0 occ=12333
54 0 98664 0 0 occ=12333
55 0 98664 0 0 occ=12333
56 0 98664 0 0 occ=12333
57 0 98664 0 0 occ=12333
58 0 98664 0 0 occ=12333
59 0 98664 0 0 occ=12333
60 0 98664 0 0 occ=12333
61 0 98664 0 0 occ=12333
62 0 98664 0 0 occ=12333
63 0 98664 0 0 occ=12333
64 0 98664 0 0 occ=12333
65 0 98664 0 0 occ=12333
66 0 98664 0 0 occ=12333
67 0 98664 0 0 occ=12333
68 0 98664 0 0 occ=12333
69 0 98664 0 0 occ=12333
70 0 98664 0 0 occ=12333
71 0 98664 0 0 occ=12333
72 0 98664 0 0 occ=12333
73 0 98664 0 0 occ=12333
74 0 98664 0 0 occ=12333
75 0 98664 0 0 occ=12333
76 0 98664 0 0 occ=12333
77 0 98664 0 0 occ=12333
78 0 98664 0 0 occ=12333
79 0 98664 0 0 occ=12333
80 0 98664 0 0 occ=12333
# FORCED fpush at packet 80 clk 7992820 fifo push=57 pop=56 occ=12333
81 0 98664 0 1 occ=12333
82 42 98664 0 1 occ=12333
83 42 98664 0 1 occ=12333
84 42 98664 0 1 occ=12333
85 42 98664 0 1 occ=12333
86 42 98664 0 1 occ=12333
87 42 98664 0 1 occ=12333
88 42 98664 0 1 occ=12333
89 42 98664 0 1 occ=12333
90 42 98664 0 1 occ=12333
91 42 98664 0 1 occ=12333
92 42 98664 0 1 occ=12333
93 42 98664 0 1 occ=12333
94 42 98664 0 1 occ=12333
95 42 98664 0 1 occ=12333
96 42 98664 0 1 occ=12333
97 42 98664 0 1 occ=12333
98 42 98664 0 1 occ=12333
99 42 98664 0 1 occ=12333
100 42 98664 0 1 occ=12333
101 42 98664 0 1 occ=12333
102 42 98664 0 1 occ=12333
103 42 98664 0 1 occ=12333
104 42 98664 0 1 occ=12333
105 42 98664 0 1 occ=12333
106 42 98664 0 1 occ=12333
107 42 98664 0 1 occ=12333
108 42 98664 0 1 occ=12333
109 42 98664 0 1 occ=12333
110 42 98664 0 1 occ=12333
111 42 98664 0 1 occ=12333
112 42 98664 0 1 occ=12333
113 42 98664 0 1 occ=12333
114 42 98664 0 1 occ=12333
115 42 98664 0 1 occ=12333
116 42 98664 0 1 occ=12333
117 42 98664 0 1 occ=12333
118 42 98664 0 1 occ=12333
119 42 98664 0 1 occ=12333
120 42 98664 0 1 occ=12333
121 42 98664 0 1 occ=12333
122 42 98664 0 1 occ=12333
123 42 98664 0 1 occ=12333
124 42 98664 0 1 occ=12333
125 42 98664 0 1 occ=12333
126 42 98664 0 1 occ=12333
127 42 98664 0 1 occ=12333
128 42 98664 0 1 occ=12333
129 42 98664 0 1 occ=12333
130 42 98664 0 1 occ=12333
131 42 98664 0 1 occ=12333
132 42 98664 0 1 occ=12333
133 42 98664 0 1 occ=12333
134 42 98664 0 1 occ=12333
135 42 98664 0 1 occ=12333
136 42 98664 0 1 occ=12333
137 42 98664 0 1 occ=12333
138 42 98664 0 1 occ=12333
139 42 98664 0 1 occ=12333
140 42 98664 0 1 occ=12333
141 42 98664 0 1 occ=12333
142 42 98664 0 1 occ=12333
143 42 98664 0 1 occ=12333
144 42 98664 0 1 occ=12333
145 42 98664 0 1 occ=12333
146 42 98664 0 1 occ=12333
147 42 98664 0 1 occ=12333
148 42 98664 0 1 occ=12333
149 42 98664 0 1 occ=12333
150 42 98664 0 1 occ=12333
151 42 98664 0 1 occ=12333
152 42 98664 0 1 occ=12333
153 42 98664 0 1 occ=12333
154 42 98664 0 1 occ=12333
155 42 98664 0 1 occ=12333
156 42 98664 0 1 occ=12333
157 42 98664 0 1 occ=12333
158 42 98664 0 1 occ=12333
159 42 98664 0 1 occ=12333
160 42 98664 0 1 occ=12333
161 42 98664 0 1 occ=12333
162 42 98664 0 1 occ=12333
163 42 98664 0 1 occ=12333
164 42 98664 0 1 occ=12333
165 42 98664 0 1 occ=12333
166 42 98664 0 1 occ=12333
167 42 98664 0 1 occ=12333
168 42 98664 0 1 occ=12333
169 42 98664 0 1 occ=12333
170 42 98664 0 1 occ=12333
171 42 98664 0 1 occ=12333
172 42 98664 0 1 occ=12333
173 42 98664 0 1 occ=12333
174 42 98664 0 1 occ=12333
175 42 98664 0 1 occ=12333
176 42 98664 0 1 occ=12333
177 42 98664 0 1 occ=12333
178 42 98664 0 1 occ=12333
179 42 98664 0 1 occ=12333
180 42 98664 0 1 occ=12333
181 42 98664 0 1 occ=12333
182 42 98664 0 1 occ=12333
183 42 98664 0 1 occ=12333
184 42 98664 0 1 occ=12333
185 42 98664 0 1 occ=12333
186 42 98664 0 1 occ=12333
187 42 98664 0 1 occ=12333
188 42 98664 0 1 occ=12333
189 42 98664 0 1 occ=12333
190 42 98664 0 1 occ=12333
191 42 98664 0 1 occ=12333
192 42 98664 0 1 occ=12333
193 42 98664 0 1 occ=12333
194 42 98664 0 1 occ=12333
195 42 98664 0 1 occ=12333
196 42 98664 0 1 occ=12333
197 42 98664 0 1 occ=12333
198 42 98664 0 1 occ=12333
199 42 98664 0 1 occ=12333
200 42 98664 0 1 occ=12333
201 42 98664 0 1 occ=12333
202 42 98664 0 1 occ=12333
203 42 98664 0 1 occ=12333
204 42 98664 0 1 occ=12333
205 42 98664 0 1 occ=12333
206 42 98664 0 1 occ=12333
207 42 98664 0 1 occ=12333
208 42 98664 0 1 occ=12333
209 42 98664 0 1 occ=12333
210 42 98664 0 1 occ=12333
211 42 98664 0 1 occ=12333
212 42 98664 0 1 occ=12333
213 42 98664 0 1 occ=12333
214 42 98664 0 1 occ=12333
215 42 98664 0 1 occ=12333
216 42 98664 0 1 occ=12333
217 42 98664 0 1 occ=12333
218 42 98664 0 1 occ=12333
219 42 98664 0 1 occ=12333
220 42 98664 0 1 occ=12333
221 42 98664 0 1 occ=12333
222 42 98664 0 1 occ=12333
223 42 98664 0 1 occ=12333
224 42 98664 0 1 occ=12333
225 42 98664 0 1 occ=12333
226 42 98664 0 1 occ=12333
227 42 98664 0 1 occ=12333
228 42 98664 0 1 occ=12333
229 42 98664 0 1 occ=12333
230 42 98664 0 1 occ=12333
231 42 98664 0 1 occ=12333
232 42 98664 0 1 occ=12333
233 42 98664 0 1 occ=12333
234 42 98664 0 1 occ=12333
235 42 98664 0 1 occ=12333
236 42 98664 0 1 occ=12333
237 42 98664 0 1 occ=12333
238 42 98664 0 1 occ=12333
239 42 98664 0 1 occ=12333
240 42 98664 0 1 occ=12333
241 42 98664 0 1 occ=12333
242 42 98664 0 1 occ=12333
243 42 98664 0 1 occ=12333
244 42 98664 0 1 occ=12333
245 42 98664 0 1 occ=12333
246 42 98664 0 1 occ=12333
247 42 98664 0 1 occ=12333
248 42 98664 0 1 occ=12333
249 42 98664 0 1 occ=12333
250 42 98664 0 1 occ=12333
251 42 98664 0 1 occ=12333
252 42 98664 0 1 occ=12333
253 42 98664 0 1 occ=12333
254 42 98664 0 1 occ=12333
255 42 98664 0 1 occ=12333
256 42 98664 0 1 occ=12333
257 42 98664 0 1 occ=12333
258 42 98664 0 1 occ=12333
259 42 98664 0 1 occ=12333
260 42 98664 0 1 occ=12333
261 42 98664 0 1 occ=12333
262 42 98664 0 1 occ=12333
263 42 98664 0 1 occ=12333
264 42 98664 0 1 occ=12333
265 42 98664 0 1 occ=12333
266 42 98664 0 1 occ=12333
267 42 98664 0 1 occ=12333
268 42 98664 0 1 occ=12333
269 42 98664 0 1 occ=12333
270 42 98664 0 1 occ=12333
271 42 98664 0 1 occ=12333
272 42 98664 0 1 occ=12333
273 42 98664 0 1 occ=12333
274 42 98664 0 1 occ=12333
275 42 98664 0 1 occ=12333
276 42 98664 0 1 occ=12333
277 42 98664 0 1 occ=12333
278 42 98664 0 1 occ=12333
279 42 98664 0 1 occ=12333
280 42 98664 0 1 occ=12333
281 42 98664 0 1 occ=12333
282 42 98664 0 1 occ=12333
283 42 98664 0 1 occ=12333
284 42 98664 0 1 occ=12333
285 42 98664 0 1 occ=12333
286 42 98664 0 1 occ=12333
287 42 98664 0 1 occ=12333
288 42 98664 0 1 occ=12333
289 42 98664 0 1 occ=12333
290 42 98664 0 1 occ=12333
291 42 98664 0 1 occ=12333
292 42 98664 0 1 occ=12333
293 42 98664 0 1 occ=12333
294 42 98664 0 1 occ=12333
295 42 98664 0 1 occ=12333
296 42 98664 0 1 occ=12333
297 42 98664 0 1 occ=12333
298 42 98664 0 1 occ=12333
299 42 98664 0 1 occ=12333
300 42 98664 0 1 occ=12333
301 42 98664 0 1 occ=12333
302 42 98664 0 1 occ=12333
303 42 98664 0 1 occ=12333
304 42 98664 0 1 occ=12333
305 42 98664 0 1 occ=12333
306 42 98664 0 1 occ=12333
307 42 98664 0 1 occ=12333
308 42 98664 0 1 occ=12333
309 42 98664 0 1 occ=12333
310 42 98664 0 1 occ=12333
311 42 98664 0 1 occ=12333
312 42 98664 0 1 occ=12333
313 42 98664 0 1 occ=12333
314 42 98664 0 1 occ=12333
315 42 98664 0 1 occ=12333
316 42 98664 0 1 occ=12333
317 42 98664 0 1 occ=12333
318 42 98664 0 1 occ=12333
319 42 98664 0 1 occ=12333
320 42 98664 0 1 occ=12333
321 42 98664 0 1 occ=12333
322 42 98664 0 1 occ=12333
323 42 98664 0 1 occ=12333
324 42 98664 0 1 occ=12333
325 42 98664 0 1 occ=12333
326 42 98664 0 1 occ=12333
327 42 98664 0 1 occ=12333
328 42 98664 0 1 occ=12333
329 42 98664 0 1 occ=12333
330 42 98664 0 1 occ=12333
331 42 98664 0 1 occ=12333
332 42 98664 0 1 occ=12333
333 42 98664 0 1 occ=12333
334 42 98664 0 1 occ=12333
335 42 98664 0 1 occ=12333
336 42 98664 0 1 occ=12333
337 42 98664 0 1 occ=12333
338 42 98664 0 1 occ=12333
339 42 98664 0 1 occ=12333
340 42 98664 0 1 occ=12333
341 42 98664 0 1 occ=12333
342 42 98664 0 1 occ=12333
343 42 98664 0 1 occ=12333
344 42 98664 0 1 occ=12333
345 42 98664 0 1 occ=12333
346 42 98664 0 1 occ=12333
347 42 98664 0 1 occ=12333
348 42 98664 0 1 occ=12333
349 42 98664 0 1 occ=12333
350 42 98664 0 1 occ=12333
351 42 98664 0 1 occ=12333
352 42 98664 0 1 occ=12333
353 42 98664 0 1 occ=12333
354 42 98664 0 1 occ=12333
355 42 98664 0 1 occ=12333
356 42 98664 0 1 occ=12333
357 42 98664 0 1 occ=12333
358 42 98664 0 1 occ=12333
359 42 98664 0 1 occ=12333
360 42 98664 0 1 occ=12333
361 42 98664 0 1 occ=12333
362 42 98664 0 1 occ=12333
363 42 98664 0 1 occ=12333
364 42 98664 0 1 occ=12333
365 42 98664 0 1 occ=12333
366 42 98664 0 1 occ=12333
367 42 98664 0 1 occ=12333
368 42 98664 0 1 occ=12333
369 42 98664 0 1 occ=12333
370 42 98664 0 1 occ=12333
371 42 98664 0 1 occ=12333
372 42 98664 0 1 occ=12333
373 42 98664 0 1 occ=12333
374 42 98664 0 1 occ=12333
375 42 98664 0 1 occ=12333
376 42 98664 0 1 occ=12333
377 42 98664 0 1 occ=12333
378 42 98664 0 1 occ=12333
379 42 98664 0 1 occ=12333
380 42 98664 0 1 occ=12333
381 42 98664 0 1 occ=12333
382 42 98664 0 1 occ=12333
383 42 98664 0 1 occ=12333
384 42 98664 0 1 occ=12333
385 42 98664 0 1 occ=12333
386 42 98664 0 1 occ=12333
387 42 98664 0 1 occ=12333
388 42 98664 0 1 occ=12333
389 42 98664 0 1 occ=12333
390 42 98664 0 1 occ=12333
391 42 98664 0 1 occ=12333
392 42 98664 0 1 occ=12333
393 42 98664 0 1 occ=12333
394 42 98664 0 1 occ=12333
395 42 98664 0 1 occ=12333
396 42 98664 0 1 occ=12333
397 42 98664 0 1 occ=12333
398 42 98664 0 1 occ=12333
399 42 98664 0 1 occ=12333
400 42 98664 0 1 occ=12333
401 42 98664 0 1 occ=12333
402 42 98664 0 1 occ=12333
403 42 98664 0 1 occ=12333
404 42 98664 0 1 occ=12333
405 42 98664 0 1 occ=12333
406 42 98664 0 1 occ=12333
