1 0 198364 0 0 occ=12333
2 51 98664 0 0 occ=12333
3 0 98664 0 0 occ=12333
4 0 98664 0 0 occ=12333
5 0 98664 0 0 occ=12333
6 0 98664 0 0 occ=12333
7 0 98664 0 0 occ=12333
8 0 98664 0 0 occ=12333
9 0 98664 0 0 occ=12333
10 0 98664 0 0 occ=12333
11 0 98664 0 0 occ=12333
12 0 98664 0 0 occ=12333
13 0 98664 0 0 occ=12333
14 0 98664 0 0 occ=12333
15 0 98664 0 0 occ=12333
16 0 98664 0 0 occ=12333
17 0 98664 0 0 occ=12333
18 0 98664 0 0 occ=12333
19 0 98664 0 0 occ=12333
20 0 98664 0 0 occ=12333
21 0 98664 0 0 occ=12333
22 0 98664 0 0 occ=12333
23 0 98664 0 0 occ=12333
24 0 98664 0 0 occ=12333
25 0 98664 0 0 occ=12333
26 0 98664 0 0 occ=12333
27 0 98664 0 0 occ=12333
28 0 98664 0 0 occ=12333
29 0 98664 0 0 occ=12333
30 0 98664 0 0 occ=12333
31 0 98664 0 0 occ=12333
32 0 98664 0 0 occ=12333
33 0 98664 0 0 occ=12333
34 0 98664 0 0 occ=12333
35 0 98664 0 0 occ=12333
36 0 98664 0 0 occ=12333
37 0 98664 0 0 occ=12333
38 0 98664 0 0 occ=12333
39 0 98664 0 0 occ=12333
40 0 98664 0 0 occ=12333
41 0 98664 0 0 occ=12333
42 0 98664 0 0 occ=12333
43 0 98664 0 0 occ=12333
44 0 98664 0 0 occ=12333
45 0 98664 0 0 occ=12333
46 0 98664 0 0 occ=12333
47 0 98664 0 0 occ=12333
48 0 98664 0 0 occ=12333
49 0 98664 0 0 occ=12333
50 0 98664 0 0 occ=12333
51 0 98664 0 0 occ=12333
52 0 98664 0 0 occ=12333
53 0 98664 0 0 occ=12333
54 0 98664 0 0 occ=12333
55 0 98664 0 0 occ=12333
56 0 98664 0 0 occ=12333
57 0 98664 0 0 occ=12333
58 0 98664 0 0 occ=12333
59 0 98664 0 0 occ=12333
60 0 98664 0 0 occ=12333
61 0 98664 0 0 occ=12333
62 0 98664 0 0 occ=12333
63 0 98664 0 0 occ=12333
64 0 98664 0 0 occ=12333
65 0 98664 0 0 occ=12333
66 0 98664 0 0 occ=12333
67 0 98664 0 0 occ=12333
68 0 98664 0 0 occ=12333
69 0 98664 0 0 occ=12333
70 0 98664 0 0 occ=12333
71 0 98664 0 0 occ=12333
72 0 98664 0 0 occ=12333
73 0 98664 0 0 occ=12333
74 0 98664 0 0 occ=12333
75 0 98664 0 0 occ=12333
76 0 98664 0 0 occ=12333
77 0 98664 0 0 occ=12333
78 0 98664 0 0 occ=12333
79 0 98664 0 0 occ=12333
80 0 98664 0 0 occ=12333
# FORCED foccp1 at packet 80 clk 7992820 fifo push=56 pop=56 occ=12334
81 0 98664 0 1 occ=12334
82 0 98664 0 1 occ=12334
83 0 98664 0 1 occ=12334
84 0 98664 0 1 occ=12334
85 0 98664 0 1 occ=12334
86 0 98664 0 1 occ=12334
87 0 98664 0 1 occ=12334
88 0 98664 0 1 occ=12334
89 0 98664 0 1 occ=12334
90 0 98664 0 1 occ=12334
91 0 98664 0 1 occ=12334
92 0 98664 0 1 occ=12334
93 0 98664 0 1 occ=12334
94 0 98664 0 1 occ=12334
95 0 98664 0 1 occ=12334
96 0 98664 0 1 occ=12334
97 0 98664 0 1 occ=12334
98 0 98664 0 1 occ=12334
99 0 98664 0 1 occ=12334
100 0 98664 0 1 occ=12334
101 0 98664 0 1 occ=12334
102 0 98664 0 1 occ=12334
103 0 98664 0 1 occ=12334
104 0 98664 0 1 occ=12334
105 0 98664 0 1 occ=12334
106 0 98664 0 1 occ=12334
107 0 98664 0 1 occ=12334
108 0 98664 0 1 occ=12334
109 0 98664 0 1 occ=12334
110 0 98664 0 1 occ=12334
111 0 98664 0 1 occ=12334
112 0 98664 0 1 occ=12334
113 0 98664 0 1 occ=12334
114 0 98664 0 1 occ=12334
115 0 98664 0 1 occ=12334
116 0 98664 0 1 occ=12334
117 0 98664 0 1 occ=12334
118 0 98664 0 1 occ=12334
119 0 98664 0 1 occ=12334
120 0 98664 0 1 occ=12334
121 0 98664 0 1 occ=12334
122 0 98664 0 1 occ=12334
123 0 98664 0 1 occ=12334
124 0 98664 0 1 occ=12334
125 0 98664 0 1 occ=12334
126 0 98664 0 1 occ=12334
127 0 98664 0 1 occ=12334
128 0 98664 0 1 occ=12334
129 0 98664 0 1 occ=12334
130 0 98664 0 1 occ=12334
131 0 98664 0 1 occ=12334
132 0 98664 0 1 occ=12334
133 0 98664 0 1 occ=12334
134 0 98664 0 1 occ=12334
135 0 98664 0 1 occ=12334
136 0 98664 0 1 occ=12334
137 0 98664 0 1 occ=12334
138 0 98664 0 1 occ=12334
139 0 98664 0 1 occ=12334
140 0 98664 0 1 occ=12334
141 0 98664 0 1 occ=12334
142 0 98664 0 1 occ=12334
143 0 98664 0 1 occ=12334
144 0 98664 0 1 occ=12334
145 0 98664 0 1 occ=12334
146 0 98664 0 1 occ=12334
147 0 98664 0 1 occ=12334
148 0 98664 0 1 occ=12334
149 0 98664 0 1 occ=12334
150 0 98664 0 1 occ=12334
151 0 98664 0 1 occ=12334
152 0 98664 0 1 occ=12334
153 0 98664 0 1 occ=12334
154 0 98664 0 1 occ=12334
155 0 98664 0 1 occ=12334
156 0 98664 0 1 occ=12334
157 0 98664 0 1 occ=12334
158 0 98664 0 1 occ=12334
159 0 98664 0 1 occ=12334
160 0 98664 0 1 occ=12334
161 0 98664 0 1 occ=12334
162 0 98664 0 1 occ=12334
163 0 98664 0 1 occ=12334
164 0 98664 0 1 occ=12334
165 0 98664 0 1 occ=12334
166 0 98664 0 1 occ=12334
167 0 98664 0 1 occ=12334
168 0 98664 0 1 occ=12334
169 0 98664 0 1 occ=12334
170 0 98664 0 1 occ=12334
171 0 98664 0 1 occ=12334
172 0 98664 0 1 occ=12334
173 0 98664 0 1 occ=12334
174 0 98664 0 1 occ=12334
175 0 98664 0 1 occ=12334
176 0 98664 0 1 occ=12334
177 0 98664 0 1 occ=12334
178 0 98664 0 1 occ=12334
179 0 98664 0 1 occ=12334
180 0 98664 0 1 occ=12334
181 0 98664 0 1 occ=12334
182 0 98664 0 1 occ=12334
183 0 98664 0 1 occ=12334
184 0 98664 0 1 occ=12334
185 0 98664 0 1 occ=12334
186 0 98664 0 1 occ=12334
187 0 98664 0 1 occ=12334
188 0 98664 0 1 occ=12334
189 0 98664 0 1 occ=12334
190 0 98664 0 1 occ=12334
191 0 98664 0 1 occ=12334
192 0 98664 0 1 occ=12334
193 0 98664 0 1 occ=12334
194 0 98664 0 1 occ=12334
195 0 98664 0 1 occ=12334
196 0 98664 0 1 occ=12334
197 0 98664 0 1 occ=12334
198 0 98664 0 1 occ=12334
199 0 98664 0 1 occ=12334
200 0 98664 0 1 occ=12334
201 0 98664 0 1 occ=12334
202 0 98664 0 1 occ=12334
203 0 98664 0 1 occ=12334
204 0 98664 0 1 occ=12334
205 0 98664 0 1 occ=12334
206 0 98664 0 1 occ=12334
207 0 98664 0 1 occ=12334
208 0 98664 0 1 occ=12334
209 0 98664 0 1 occ=12334
210 0 98664 0 1 occ=12334
211 0 98664 0 1 occ=12334
212 0 98664 0 1 occ=12334
213 0 98664 0 1 occ=12334
214 0 98664 0 1 occ=12334
215 0 98664 0 1 occ=12334
216 0 98664 0 1 occ=12334
217 0 98664 0 1 occ=12334
218 0 98664 0 1 occ=12334
219 0 98664 0 1 occ=12334
220 0 98664 0 1 occ=12334
221 0 98664 0 1 occ=12334
222 0 98664 0 1 occ=12334
223 0 98664 0 1 occ=12334
224 0 98664 0 1 occ=12334
225 0 98664 0 1 occ=12334
226 0 98664 0 1 occ=12334
227 0 98664 0 1 occ=12334
228 0 98664 0 1 occ=12334
229 0 98664 0 1 occ=12334
230 0 98664 0 1 occ=12334
231 0 98664 0 1 occ=12334
232 0 98664 0 1 occ=12334
233 0 98664 0 1 occ=12334
234 0 98664 0 1 occ=12334
235 0 98664 0 1 occ=12334
236 0 98664 0 1 occ=12334
237 0 98664 0 1 occ=12334
238 0 98664 0 1 occ=12334
239 0 98664 0 1 occ=12334
240 0 98664 0 1 occ=12334
241 0 98664 0 1 occ=12334
242 0 98664 0 1 occ=12334
243 0 98664 0 1 occ=12334
244 0 98664 0 1 occ=12334
245 0 98664 0 1 occ=12334
246 0 98664 0 1 occ=12334
247 0 98664 0 1 occ=12334
248 0 98664 0 1 occ=12334
249 0 98664 0 1 occ=12334
250 0 98664 0 1 occ=12334
251 0 98664 0 1 occ=12334
252 0 98664 0 1 occ=12334
253 0 98664 0 1 occ=12334
254 0 98664 0 1 occ=12334
255 0 98664 0 1 occ=12334
256 0 98664 0 1 occ=12334
257 0 98664 0 1 occ=12334
258 0 98664 0 1 occ=12334
259 0 98664 0 1 occ=12334
260 0 98664 0 1 occ=12334
261 0 98664 0 1 occ=12334
262 0 98664 0 1 occ=12334
263 0 98664 0 1 occ=12334
264 0 98664 0 1 occ=12334
265 0 98664 0 1 occ=12334
266 0 98664 0 1 occ=12334
267 0 98664 0 1 occ=12334
268 0 98664 0 1 occ=12334
269 0 98664 0 1 occ=12334
270 0 98664 0 1 occ=12334
271 0 98664 0 1 occ=12334
272 0 98664 0 1 occ=12334
273 0 98664 0 1 occ=12334
274 0 98664 0 1 occ=12334
275 0 98664 0 1 occ=12334
276 0 98664 0 1 occ=12334
277 0 98664 0 1 occ=12334
278 0 98664 0 1 occ=12334
279 0 98664 0 1 occ=12334
280 0 98664 0 1 occ=12334
281 0 98664 0 1 occ=12334
282 0 98664 0 1 occ=12334
283 0 98664 0 1 occ=12334
284 0 98664 0 1 occ=12334
285 0 98664 0 1 occ=12334
286 0 98664 0 1 occ=12334
287 0 98664 0 1 occ=12334
288 0 98664 0 1 occ=12334
289 0 98664 0 1 occ=12334
290 0 98664 0 1 occ=12334
291 0 98664 0 1 occ=12334
292 0 98664 0 1 occ=12334
293 0 98664 0 1 occ=12334
294 0 98664 0 1 occ=12334
295 0 98664 0 1 occ=12334
296 0 98664 0 1 occ=12334
297 0 98664 0 1 occ=12334
298 0 98664 0 1 occ=12334
299 0 98664 0 1 occ=12334
300 0 98664 0 1 occ=12334
301 0 98664 0 1 occ=12334
302 0 98664 0 1 occ=12334
303 0 98664 0 1 occ=12334
304 0 98664 0 1 occ=12334
305 0 98664 0 1 occ=12334
306 0 98664 0 1 occ=12334
307 0 98664 0 1 occ=12334
308 0 98664 0 1 occ=12334
309 0 98664 0 1 occ=12334
310 0 98664 0 1 occ=12334
311 0 98664 0 1 occ=12334
312 0 98664 0 1 occ=12334
313 0 98664 0 1 occ=12334
314 0 98664 0 1 occ=12334
315 0 98664 0 1 occ=12334
316 0 98664 0 1 occ=12334
317 0 98664 0 1 occ=12334
318 0 98664 0 1 occ=12334
319 0 98664 0 1 occ=12334
320 0 98664 0 1 occ=12334
321 0 98664 0 1 occ=12334
322 0 98664 0 1 occ=12334
323 0 98664 0 1 occ=12334
324 0 98664 0 1 occ=12334
325 0 98664 0 1 occ=12334
326 0 98664 0 1 occ=12334
327 0 98664 0 1 occ=12334
328 0 98664 0 1 occ=12334
329 0 98664 0 1 occ=12334
330 0 98664 0 1 occ=12334
331 0 98664 0 1 occ=12334
332 0 98664 0 1 occ=12334
333 0 98664 0 1 occ=12334
334 0 98664 0 1 occ=12334
335 0 98664 0 1 occ=12334
336 0 98664 0 1 occ=12334
337 0 98664 0 1 occ=12334
338 0 98664 0 1 occ=12334
339 0 98664 0 1 occ=12334
340 0 98664 0 1 occ=12334
341 0 98664 0 1 occ=12334
342 0 98664 0 1 occ=12334
343 0 98664 0 1 occ=12334
344 0 98664 0 1 occ=12334
345 0 98664 0 1 occ=12334
346 0 98664 0 1 occ=12334
347 0 98664 0 1 occ=12334
348 0 98664 0 1 occ=12334
349 0 98664 0 1 occ=12334
350 0 98664 0 1 occ=12334
351 0 98664 0 1 occ=12334
352 0 98664 0 1 occ=12334
353 0 98664 0 1 occ=12334
354 0 98664 0 1 occ=12334
355 0 98664 0 1 occ=12334
356 0 98664 0 1 occ=12334
357 0 98664 0 1 occ=12334
358 0 98664 0 1 occ=12334
359 0 98664 0 1 occ=12334
360 0 98664 0 1 occ=12334
361 0 98664 0 1 occ=12334
362 0 98664 0 1 occ=12334
363 0 98664 0 1 occ=12334
364 0 98664 0 1 occ=12334
365 0 98664 0 1 occ=12334
366 0 98664 0 1 occ=12334
367 0 98664 0 1 occ=12334
368 0 98664 0 1 occ=12334
369 0 98664 0 1 occ=12334
370 0 98664 0 1 occ=12334
371 0 98664 0 1 occ=12334
372 0 98664 0 1 occ=12334
373 0 98664 0 1 occ=12334
374 0 98664 0 1 occ=12334
375 0 98664 0 1 occ=12334
376 0 98664 0 1 occ=12334
377 0 98664 0 1 occ=12334
378 0 98664 0 1 occ=12334
379 0 98664 0 1 occ=12334
380 0 98664 0 1 occ=12334
381 0 98664 0 1 occ=12334
382 0 98664 0 1 occ=12334
383 0 98664 0 1 occ=12334
384 0 98664 0 1 occ=12334
385 0 98664 0 1 occ=12334
386 0 98664 0 1 occ=12334
387 0 98664 0 1 occ=12334
388 0 98664 0 1 occ=12334
389 0 98664 0 1 occ=12334
390 0 98664 0 1 occ=12334
391 0 98664 0 1 occ=12334
392 0 98664 0 1 occ=12334
393 0 98664 0 1 occ=12334
394 0 98664 0 1 occ=12334
395 0 98664 0 1 occ=12334
396 0 98664 0 1 occ=12334
397 0 98664 0 1 occ=12334
398 0 98664 0 1 occ=12334
399 0 98664 0 1 occ=12334
400 0 98664 0 1 occ=12334
401 0 98664 0 1 occ=12334
402 0 98664 0 1 occ=12334
403 0 98664 0 1 occ=12334
404 0 98664 0 1 occ=12334
405 0 98664 0 1 occ=12334
406 0 98664 0 1 occ=12334
