1 0 198364 0 0 occ=12333
2 51 98664 0 0 occ=12333
3 0 98664 0 0 occ=12333
4 0 98664 0 0 occ=12333
5 0 98664 0 0 occ=12333
6 0 98664 0 0 occ=12333
7 0 98664 0 0 occ=12333
8 0 98664 0 0 occ=12333
9 0 98664 0 0 occ=12333
10 0 98664 0 0 occ=12333
11 0 98664 0 0 occ=12333
12 0 98664 0 0 occ=12333
13 0 98664 0 0 occ=12333
14 0 98664 0 0 occ=12333
15 0 98664 0 0 occ=12333
16 0 98664 0 0 occ=12333
17 0 98664 0 0 occ=12333
18 0 98664 0 0 occ=12333
19 0 98664 0 0 occ=12333
20 0 98664 0 0 occ=12333
21 0 98664 0 0 occ=12333
22 0 98664 0 0 occ=12333
23 0 98664 0 0 occ=12333
24 0 98664 0 0 occ=12333
25 0 98664 0 0 occ=12333
26 0 98664 0 0 occ=12333
27 0 98664 0 0 occ=12333
28 0 98664 0 0 occ=12333
29 0 98664 0 0 occ=12333
30 0 98664 0 0 occ=12333
31 0 98664 0 0 occ=12333
32 0 98664 0 0 occ=12333
33 0 98664 0 0 occ=12333
34 0 98664 0 0 occ=12333
35 0 98664 0 0 occ=12333
36 0 98664 0 0 occ=12333
37 0 98664 0 0 occ=12333
38 0 98664 0 0 occ=12333
39 0 98664 0 0 occ=12333
40 0 98664 0 0 occ=12333
41 0 98664 0 0 occ=12333
42 0 98664 0 0 occ=12333
43 0 98664 0 0 occ=12333
44 0 98664 0 0 occ=12333
45 0 98664 0 0 occ=12333
46 0 98664 0 0 occ=12333
47 0 98664 0 0 occ=12333
48 0 98664 0 0 occ=12333
49 0 98664 0 0 occ=12333
50 0 98664 0 0 occ=12333
51 0 98664 0 0 occ=12333
52 0 98664 0 0 occ=12333
53 0 98664 0 0 occ=12333
54 0 98664 0 0 occ=12333
55 0 98664 0 0 occ=12333
56 0 98664 0 0 occ=12333
57 0 98664 0 0 occ=12333
58 0 98664 0 0 occ=12333
59 0 98664 0 0 occ=12333
60 0 98664 0 0 occ=12333
61 0 98664 0 0 occ=12333
62 0 98664 0 0 occ=12333
63 0 98664 0 0 occ=12333
64 0 98664 0 0 occ=12333
65 0 98664 0 0 occ=12333
66 0 98664 0 0 occ=12333
67 0 98664 0 0 occ=12333
68 0 98664 0 0 occ=12333
69 0 98664 0 0 occ=12333
70 0 98664 0 0 occ=12333
71 0 98664 0 0 occ=12333
72 0 98664 0 0 occ=12333
73 0 98664 0 0 occ=12333
74 0 98664 0 0 occ=12333
75 0 98664 0 0 occ=12333
76 0 98664 0 0 occ=12333
77 0 98664 0 0 occ=12333
78 0 98664 0 0 occ=12333
79 0 98664 0 0 occ=12333
80 0 98664 0 0 occ=12333
# FORCED focc at packet 80 clk 7992820 fifo push=56 pop=56 occ=12333
81 0 98664 0 1 occ=12333
82 0 98664 0 1 occ=12333
83 0 98664 0 1 occ=12333
84 0 98664 0 1 occ=12333
85 0 98664 0 1 occ=12333
86 0 98664 0 1 occ=12333
87 0 98664 0 1 occ=12333
88 0 98664 0 1 occ=12333
89 0 98664 0 1 occ=12333
90 0 98664 0 1 occ=12333
91 0 98664 0 1 occ=12333
92 0 98664 0 1 occ=12333
93 0 98664 0 1 occ=12333
94 0 98664 0 1 occ=12333
95 0 98664 0 1 occ=12333
96 0 98664 0 1 occ=12333
97 0 98664 0 1 occ=12333
98 0 98664 0 1 occ=12333
99 0 98664 0 1 occ=12333
100 0 98664 0 1 occ=12333
101 0 98664 0 1 occ=12333
102 0 98664 0 1 occ=12333
103 0 98664 0 1 occ=12333
104 0 98664 0 1 occ=12333
105 0 98664 0 1 occ=12333
106 0 98664 0 1 occ=12333
107 0 98664 0 1 occ=12333
108 0 98664 0 1 occ=12333
109 0 98664 0 1 occ=12333
110 0 98664 0 1 occ=12333
111 0 98664 0 1 occ=12333
112 0 98664 0 1 occ=12333
113 0 98664 0 1 occ=12333
114 0 98664 0 1 occ=12333
115 0 98664 0 1 occ=12333
116 0 98664 0 1 occ=12333
117 0 98664 0 1 occ=12333
118 0 98664 0 1 occ=12333
119 0 98664 0 1 occ=12333
120 0 98664 0 1 occ=12333
121 0 98664 0 1 occ=12333
122 0 98664 0 1 occ=12333
123 0 98664 0 1 occ=12333
124 0 98664 0 1 occ=12333
125 0 98664 0 1 occ=12333
126 0 98664 0 1 occ=12333
127 0 98664 0 1 occ=12333
128 0 98664 0 1 occ=12333
129 0 98664 0 1 occ=12333
130 0 98664 0 1 occ=12333
131 0 98664 0 1 occ=12333
132 0 98664 0 1 occ=12333
133 0 98664 0 1 occ=12333
134 0 98664 0 1 occ=12333
135 0 98664 0 1 occ=12333
136 0 98664 0 1 occ=12333
137 0 98664 0 1 occ=12333
138 0 98664 0 1 occ=12333
139 0 98664 0 1 occ=12333
140 0 98664 0 1 occ=12333
141 0 98664 0 1 occ=12333
142 0 98664 0 1 occ=12333
143 0 98664 0 1 occ=12333
144 0 98664 0 1 occ=12333
145 0 98664 0 1 occ=12333
146 0 98664 0 1 occ=12333
147 0 98664 0 1 occ=12333
148 0 98664 0 1 occ=12333
149 0 98664 0 1 occ=12333
150 0 98664 0 1 occ=12333
151 0 98664 0 1 occ=12333
152 0 98664 0 1 occ=12333
153 0 98664 0 1 occ=12333
154 0 98664 0 1 occ=12333
155 0 98664 0 1 occ=12333
156 0 98664 0 1 occ=12333
157 0 98664 0 1 occ=12333
158 0 98664 0 1 occ=12333
159 0 98664 0 1 occ=12333
160 0 98664 0 1 occ=12333
161 0 98664 0 1 occ=12333
162 0 98664 0 1 occ=12333
163 0 98664 0 1 occ=12333
164 0 98664 0 1 occ=12333
165 0 98664 0 1 occ=12333
166 0 98664 0 1 occ=12333
167 0 98664 0 1 occ=12333
168 0 98664 0 1 occ=12333
169 0 98664 0 1 occ=12333
170 0 98664 0 1 occ=12333
171 0 98664 0 1 occ=12333
172 0 98664 0 1 occ=12333
173 0 98664 0 1 occ=12333
174 0 98664 0 1 occ=12333
175 0 98664 0 1 occ=12333
176 0 98664 0 1 occ=12333
177 0 98664 0 1 occ=12333
178 0 98664 0 1 occ=12333
179 0 98664 0 1 occ=12333
180 0 98664 0 1 occ=12333
181 0 98664 0 1 occ=12333
182 0 98664 0 1 occ=12333
183 0 98664 0 1 occ=12333
184 0 98664 0 1 occ=12333
185 0 98664 0 1 occ=12333
186 0 98664 0 1 occ=12333
187 0 98664 0 1 occ=12333
188 0 98664 0 1 occ=12333
189 0 98664 0 1 occ=12333
190 0 98664 0 1 occ=12333
191 0 98664 0 1 occ=12333
192 0 98664 0 1 occ=12333
193 0 98664 0 1 occ=12333
194 0 98664 0 1 occ=12333
195 0 98664 0 1 occ=12333
196 0 98664 0 1 occ=12333
197 0 98664 0 1 occ=12333
198 0 98664 0 1 occ=12333
199 0 98664 0 1 occ=12333
200 0 98664 0 1 occ=12333
201 0 98664 0 1 occ=12333
202 0 98664 0 1 occ=12333
203 0 98664 0 1 occ=12333
204 0 98664 0 1 occ=12333
205 0 98664 0 1 occ=12333
206 0 98664 0 1 occ=12333
207 0 98664 0 1 occ=12333
208 0 98664 0 1 occ=12333
209 0 98664 0 1 occ=12333
210 0 98664 0 1 occ=12333
211 0 98664 0 1 occ=12333
212 0 98664 0 1 occ=12333
213 0 98664 0 1 occ=12333
214 0 98664 0 1 occ=12333
215 0 98664 0 1 occ=12333
216 0 98664 0 1 occ=12333
217 0 98664 0 1 occ=12333
218 0 98664 0 1 occ=12333
219 0 98664 0 1 occ=12333
220 0 98664 0 1 occ=12333
221 0 98664 0 1 occ=12333
222 0 98664 0 1 occ=12333
223 0 98664 0 1 occ=12333
224 0 98664 0 1 occ=12333
225 0 98664 0 1 occ=12333
226 0 98664 0 1 occ=12333
227 0 98664 0 1 occ=12333
228 0 98664 0 1 occ=12333
229 0 98664 0 1 occ=12333
230 0 98664 0 1 occ=12333
231 0 98664 0 1 occ=12333
232 0 98664 0 1 occ=12333
233 0 98664 0 1 occ=12333
234 0 98664 0 1 occ=12333
235 0 98664 0 1 occ=12333
236 0 98664 0 1 occ=12333
237 0 98664 0 1 occ=12333
238 0 98664 0 1 occ=12333
239 0 98664 0 1 occ=12333
240 0 98664 0 1 occ=12333
241 0 98664 0 1 occ=12333
242 0 98664 0 1 occ=12333
243 0 98664 0 1 occ=12333
244 0 98664 0 1 occ=12333
245 0 98664 0 1 occ=12333
246 0 98664 0 1 occ=12333
247 0 98664 0 1 occ=12333
248 0 98664 0 1 occ=12333
249 0 98664 0 1 occ=12333
250 0 98664 0 1 occ=12333
251 0 98664 0 1 occ=12333
252 0 98664 0 1 occ=12333
253 0 98664 0 1 occ=12333
254 0 98664 0 1 occ=12333
255 0 98664 0 1 occ=12333
256 0 98664 0 1 occ=12333
257 0 98664 0 1 occ=12333
258 0 98664 0 1 occ=12333
259 0 98664 0 1 occ=12333
260 0 98664 0 1 occ=12333
261 0 98664 0 1 occ=12333
262 0 98664 0 1 occ=12333
263 0 98664 0 1 occ=12333
264 0 98664 0 1 occ=12333
265 0 98664 0 1 occ=12333
266 0 98664 0 1 occ=12333
267 0 98664 0 1 occ=12333
268 0 98664 0 1 occ=12333
269 0 98664 0 1 occ=12333
270 0 98664 0 1 occ=12333
271 0 98664 0 1 occ=12333
272 0 98664 0 1 occ=12333
273 0 98664 0 1 occ=12333
274 0 98664 0 1 occ=12333
275 0 98664 0 1 occ=12333
276 0 98664 0 1 occ=12333
277 0 98664 0 1 occ=12333
278 0 98664 0 1 occ=12333
279 0 98664 0 1 occ=12333
280 0 98664 0 1 occ=12333
281 0 98664 0 1 occ=12333
282 0 98664 0 1 occ=12333
283 0 98664 0 1 occ=12333
284 0 98664 0 1 occ=12333
285 0 98664 0 1 occ=12333
286 0 98664 0 1 occ=12333
287 0 98664 0 1 occ=12333
288 0 98664 0 1 occ=12333
289 0 98664 0 1 occ=12333
290 0 98664 0 1 occ=12333
291 0 98664 0 1 occ=12333
292 0 98664 0 1 occ=12333
293 0 98664 0 1 occ=12333
294 0 98664 0 1 occ=12333
295 0 98664 0 1 occ=12333
296 0 98664 0 1 occ=12333
297 0 98664 0 1 occ=12333
298 0 98664 0 1 occ=12333
299 0 98664 0 1 occ=12333
300 0 98664 0 1 occ=12333
301 0 98664 0 1 occ=12333
302 0 98664 0 1 occ=12333
303 0 98664 0 1 occ=12333
304 0 98664 0 1 occ=12333
305 0 98664 0 1 occ=12333
306 0 98664 0 1 occ=12333
307 0 98664 0 1 occ=12333
308 0 98664 0 1 occ=12333
309 0 98664 0 1 occ=12333
310 0 98664 0 1 occ=12333
311 0 98664 0 1 occ=12333
312 0 98664 0 1 occ=12333
313 0 98664 0 1 occ=12333
314 0 98664 0 1 occ=12333
315 0 98664 0 1 occ=12333
316 0 98664 0 1 occ=12333
317 0 98664 0 1 occ=12333
318 0 98664 0 1 occ=12333
319 0 98664 0 1 occ=12333
320 0 98664 0 1 occ=12333
321 0 98664 0 1 occ=12333
322 0 98664 0 1 occ=12333
323 0 98664 0 1 occ=12333
324 0 98664 0 1 occ=12333
325 0 98664 0 1 occ=12333
326 0 98664 0 1 occ=12333
327 0 98664 0 1 occ=12333
328 0 98664 0 1 occ=12333
329 0 98664 0 1 occ=12333
330 0 98664 0 1 occ=12333
331 0 98664 0 1 occ=12333
332 0 98664 0 1 occ=12333
333 0 98664 0 1 occ=12333
334 0 98664 0 1 occ=12333
335 0 98664 0 1 occ=12333
336 0 98664 0 1 occ=12333
337 0 98664 0 1 occ=12333
338 0 98664 0 1 occ=12333
339 0 98664 0 1 occ=12333
340 0 98664 0 1 occ=12333
341 0 98664 0 1 occ=12333
342 0 98664 0 1 occ=12333
343 0 98664 0 1 occ=12333
344 0 98664 0 1 occ=12333
345 0 98664 0 1 occ=12333
346 0 98664 0 1 occ=12333
347 0 98664 0 1 occ=12333
348 0 98664 0 1 occ=12333
349 0 98664 0 1 occ=12333
350 0 98664 0 1 occ=12333
351 0 98664 0 1 occ=12333
352 0 98664 0 1 occ=12333
353 0 98664 0 1 occ=12333
354 0 98664 0 1 occ=12333
355 0 98664 0 1 occ=12333
356 0 98664 0 1 occ=12333
357 0 98664 0 1 occ=12333
358 0 98664 0 1 occ=12333
359 0 98664 0 1 occ=12333
360 0 98664 0 1 occ=12333
361 0 98664 0 1 occ=12333
362 0 98664 0 1 occ=12333
363 0 98664 0 1 occ=12333
364 0 98664 0 1 occ=12333
365 0 98664 0 1 occ=12333
366 0 98664 0 1 occ=12333
367 0 98664 0 1 occ=12333
368 0 98664 0 1 occ=12333
369 0 98664 0 1 occ=12333
370 0 98664 0 1 occ=12333
371 0 98664 0 1 occ=12333
372 0 98664 0 1 occ=12333
373 0 98664 0 1 occ=12333
374 0 98664 0 1 occ=12333
375 0 98664 0 1 occ=12333
376 0 98664 0 1 occ=12333
377 0 98664 0 1 occ=12333
378 0 98664 0 1 occ=12333
379 0 98664 0 1 occ=12333
380 0 98664 0 1 occ=12333
381 0 98664 0 1 occ=12333
382 0 98664 0 1 occ=12333
383 0 98664 0 1 occ=12333
384 0 98664 0 1 occ=12333
385 0 98664 0 1 occ=12333
386 0 98664 0 1 occ=12333
387 0 98664 0 1 occ=12333
388 0 98664 0 1 occ=12333
389 0 98664 0 1 occ=12333
390 0 98664 0 1 occ=12333
391 0 98664 0 1 occ=12333
392 0 98664 0 1 occ=12333
393 0 98664 0 1 occ=12333
394 0 98664 0 1 occ=12333
395 0 98664 0 1 occ=12333
396 0 98664 0 1 occ=12333
397 0 98664 0 1 occ=12333
398 0 98664 0 1 occ=12333
399 0 98664 0 1 occ=12333
400 0 98664 0 1 occ=12333
401 0 98664 0 1 occ=12333
402 0 98664 0 1 occ=12333
403 0 98664 0 1 occ=12333
404 0 98664 0 1 occ=12333
405 0 98664 0 1 occ=12333
406 0 98664 0 1 occ=12333
