1 0 198364 0 0
2 51 98664 0 0
3 0 98664 0 0
4 0 98664 0 0
5 0 98664 0 0
6 0 98664 0 0
7 0 98664 0 0
8 0 98664 0 0
9 0 98664 0 0
10 0 98664 0 0
11 0 98664 0 0
12 0 98664 0 0
13 0 98664 0 0
14 0 98664 0 0
15 0 98664 0 0
16 0 98664 0 0
17 0 98664 0 0
18 0 98664 0 0
19 0 98664 0 0
20 0 98664 0 0
21 0 98664 0 0
22 0 98664 0 0
23 0 98664 0 0
24 0 98664 0 0
25 0 98664 0 0
26 0 98664 0 0
27 0 98664 0 0
28 0 98664 0 0
29 0 98664 0 0
30 0 98664 0 0
31 0 98664 0 0
32 0 98664 0 0
33 0 98664 0 0
34 0 98664 0 0
35 0 98664 0 0
36 0 98664 0 0
37 0 98664 0 0
38 0 98664 0 0
39 0 98664 0 0
40 0 98664 0 0
41 0 98664 0 0
42 0 98664 0 0
43 0 98664 0 0
44 0 98664 0 0
45 0 98664 0 0
46 0 98664 0 0
47 0 98664 0 0
48 0 98664 0 0
49 0 98664 0 0
50 0 98664 0 0
51 0 98664 0 0
52 0 98664 0 0
53 0 98664 0 0
54 0 98664 0 0
55 0 98664 0 0
56 0 98664 0 0
57 0 98664 0 0
58 0 98664 0 0
59 0 98664 0 0
60 0 98664 0 0
61 0 98664 0 0
62 0 98664 0 0
63 0 98664 0 0
64 0 98664 0 0
65 0 98664 0 0
66 0 98664 0 0
67 0 98664 0 0
68 0 98664 0 0
69 0 98664 0 0
70 0 98664 0 0
71 0 98664 0 0
72 0 98664 0 0
73 0 98664 0 0
74 0 98664 0 0
75 0 98664 0 0
76 0 98664 0 0
77 0 98664 0 0
78 0 98664 0 0
79 0 98664 0 0
80 0 98664 0 0
# FORCED integ at packet 80 clk 7992820
81 0 98664 2 1
82 0 98664 2 1
83 32 98664 2 1
84 0 98664 2 1
85 0 98664 2 1
86 0 98664 2 1
87 0 98664 2 1
88 0 98664 2 1
89 0 98664 2 1
90 0 98664 2 1
91 0 98664 2 1
92 0 98664 2 1
93 0 98664 2 1
94 0 98664 2 1
95 0 98664 2 1
96 0 98664 2 1
97 0 98664 2 1
98 0 98664 2 1
99 0 98664 2 1
100 0 98664 2 1
101 0 98664 2 1
102 0 98664 2 1
103 0 98664 2 1
104 0 98664 2 1
105 0 98664 2 1
106 0 98664 2 1
107 0 98664 2 1
108 0 98664 2 1
109 0 98664 2 1
110 0 98664 2 1
111 0 98664 2 1
112 0 98664 2 1
113 0 98664 2 1
114 0 98664 2 1
115 0 98664 2 1
116 0 98664 2 1
117 0 98664 2 1
118 0 98664 2 1
119 0 98664 2 1
120 0 98664 2 1
121 0 98664 2 1
122 0 98664 2 1
123 0 98664 2 1
124 0 98664 2 1
125 0 98664 2 1
126 0 98664 2 1
127 0 98664 2 1
128 0 98664 2 1
129 0 98664 2 1
130 0 98664 2 1
131 0 98664 2 1
132 0 98664 2 1
133 0 98664 2 1
134 0 98664 2 1
135 0 98664 2 1
136 0 98664 2 1
137 0 98664 2 1
138 0 98664 2 1
139 0 98664 2 1
140 0 98664 2 1
141 0 98664 2 1
142 0 98664 2 1
143 0 98664 2 1
144 0 98664 2 1
145 0 98664 2 1
146 0 98664 2 1
147 0 98664 2 1
148 0 98664 2 1
149 0 98664 2 1
150 0 98664 2 1
151 0 98664 2 1
152 0 98664 2 1
153 0 98664 2 1
154 0 98664 2 1
155 0 98664 2 1
156 0 98664 2 1
157 0 98664 2 1
