1 0 198364 0 0
2 51 98664 0 0
3 0 98664 0 0
4 0 98664 0 0
5 0 98664 0 0
6 0 98664 0 0
7 0 98664 0 0
8 0 98664 0 0
9 0 98664 0 0
10 0 98664 0 0
11 0 98664 0 0
12 0 98664 0 0
13 0 98664 0 0
14 0 98664 0 0
15 0 98664 0 0
16 0 98664 0 0
17 0 98664 0 0
18 0 98664 0 0
19 0 98664 0 0
20 0 98664 0 0
21 0 98664 0 0
22 0 98664 0 0
23 0 98664 0 0
24 0 98664 0 0
25 0 98664 0 0
26 0 98664 0 0
27 0 98664 0 0
28 0 98664 0 0
29 0 98664 0 0
30 0 98664 0 0
31 0 98664 0 0
32 0 98664 0 0
33 0 98664 0 0
34 0 98664 0 0
35 0 98664 0 0
36 0 98664 0 0
37 0 98664 0 0
38 0 98664 0 0
39 0 98664 0 0
40 0 98664 0 0
41 0 98664 0 0
42 0 98664 0 0
43 0 98664 0 0
44 0 98664 0 0
45 0 98664 0 0
46 0 98664 0 0
47 0 98664 0 0
48 0 98664 0 0
49 0 98664 0 0
50 0 98664 0 0
51 0 98664 0 0
52 0 98664 0 0
53 0 98664 0 0
54 0 98664 0 0
55 0 98664 0 0
56 0 98664 0 0
57 0 98664 0 0
58 0 98664 0 0
59 0 98664 0 0
60 0 98664 0 0
61 0 98664 0 0
62 0 98664 0 0
63 0 98664 0 0
64 0 98664 0 0
65 0 98664 0 0
66 0 98664 0 0
67 0 98664 0 0
68 0 98664 0 0
69 0 98664 0 0
70 0 98664 0 0
71 0 98664 0 0
72 0 98664 0 0
73 0 98664 0 0
74 0 98664 0 0
75 0 98664 0 0
76 0 98664 0 0
77 0 98664 0 0
78 0 98664 0 0
79 0 98664 0 0
80 0 98664 0 0
# FORCED ss at packet 80 clk 7992820
81 0 98664 0 1
82 0 116208 0 1
83 57 98664 0 1
84 56 98664 0 1
85 57 227704 0 1
86 50 68288 0 1
87 47 98664 0 1
88 68 98664 0 1
89 61 227704 0 1
90 63 68288 0 1
91 52 98664 0 1
92 63 197328 0 1
93 57 98664 0 1
94 63 98664 0 1
95 59 197328 0 1
96 60 98664 0 1
97 59 98664 0 1
98 63 227704 0 1
99 63 68288 0 1
100 64 98664 0 1
101 66 98664 0 1
102 63 197328 0 1
103 63 98664 0 1
104 63 98664 0 1
105 63 197328 0 1
106 63 98664 0 1
107 63 98664 0 1
108 62 197328 0 1
109 52 98664 0 1
110 63 98664 0 1
111 59 227704 0 1
112 63 68288 0 1
113 54 98664 0 1
114 63 227704 0 1
115 63 68288 0 1
116 50 98664 0 1
117 63 98664 0 1
118 63 197328 0 1
119 55 98664 0 1
120 63 98664 0 1
121 63 227704 0 1
122 63 68288 0 1
123 60 98664 0 1
124 56 197328 0 1
125 63 98664 0 1
126 54 98664 0 1
127 63 227704 0 1
128 63 68288 0 1
129 69 98664 0 1
130 63 98664 0 1
131 63 227704 0 1
132 58 68288 0 1
133 61 98664 0 1
134 67 197328 0 1
135 63 98664 0 1
136 64 98664 0 1
