1 0 198364 0 0
2 51 98664 0 0
3 0 98664 0 0
4 0 98664 0 0
5 0 98664 0 0
6 0 98664 0 0
7 0 98664 0 0
8 0 98664 0 0
9 0 98664 0 0
10 0 98664 0 0
11 0 98664 0 0
12 0 98664 0 0
13 0 98664 0 0
14 0 98664 0 0
15 0 98664 0 0
16 0 98664 0 0
17 0 98664 0 0
18 0 98664 0 0
19 0 98664 0 0
20 0 98664 0 0
21 0 98664 0 0
22 0 98664 0 0
23 0 98664 0 0
24 0 98664 0 0
25 0 98664 0 0
26 0 98664 0 0
27 0 98664 0 0
28 0 98664 0 0
29 0 98664 0 0
30 0 98664 0 0
31 0 98664 0 0
32 0 98664 0 0
33 0 98664 0 0
34 0 98664 0 0
35 0 98664 0 0
36 0 98664 0 0
37 0 98664 0 0
38 0 98664 0 0
39 0 98664 0 0
40 0 98664 0 0
41 0 98664 0 0
42 0 98664 0 0
43 0 98664 0 0
44 0 98664 0 0
45 0 98664 0 0
46 0 98664 0 0
47 0 98664 0 0
48 0 98664 0 0
49 0 98664 0 0
50 0 98664 0 0
51 0 98664 0 0
52 0 98664 0 0
53 0 98664 0 0
54 0 98664 0 0
55 0 98664 0 0
56 0 98664 0 0
57 0 98664 0 0
58 0 98664 0 0
59 0 98664 0 0
60 0 98664 0 0
61 0 98664 0 0
62 0 98664 0 0
63 0 98664 0 0
64 0 98664 0 0
65 0 98664 0 0
66 0 98664 0 0
67 0 98664 0 0
68 0 98664 0 0
69 0 98664 0 0
70 0 98664 0 0
71 0 98664 0 0
72 0 98664 0 0
73 0 98664 0 0
74 0 98664 0 0
75 0 98664 0 0
76 0 98664 0 0
77 0 98664 0 0
78 0 98664 0 0
79 0 98664 0 0
80 0 98664 0 0
# FORCED ta at packet 80 clk 7992820
81 0 98408 0 1
82 0 98664 0 1
83 68 98664 0 1
84 68 98664 0 1
85 68 98664 0 1
86 68 98664 0 1
87 68 98664 0 1
88 68 98664 0 1
89 68 98664 0 1
90 68 98664 0 1
91 68 98664 0 1
92 68 98664 0 1
93 68 98664 0 1
94 68 98664 0 1
95 68 98664 0 1
96 68 98664 0 1
97 68 98664 0 1
98 68 98664 0 1
99 68 98664 0 1
100 68 98664 0 1
101 68 98664 0 1
102 68 98664 0 1
103 68 98664 0 1
104 68 98664 0 1
105 68 98664 0 1
106 68 98664 0 1
107 68 98664 0 1
108 68 98664 0 1
109 68 98664 0 1
110 68 98664 0 1
111 68 98664 0 1
112 68 98664 0 1
113 68 98664 0 1
114 68 98664 0 1
115 68 98664 0 1
116 68 98664 0 1
117 68 98664 0 1
118 68 98664 0 1
119 68 98664 0 1
120 68 98664 0 1
121 68 98664 0 1
122 68 98664 0 1
123 68 98664 0 1
124 68 98664 0 1
125 68 98664 0 1
126 68 98664 0 1
127 68 98664 0 1
128 68 98664 0 1
129 68 98664 0 1
130 68 98664 0 1
131 68 98664 0 1
132 68 98664 0 1
133 68 98664 0 1
134 68 98664 0 1
135 68 98664 0 1
136 68 98664 0 1
137 68 98664 0 1
138 68 98664 0 1
139 68 98664 0 1
140 68 98664 0 1
141 68 98664 0 1
142 68 98664 0 1
143 68 98664 0 1
144 68 98664 0 1
145 68 98664 0 1
146 68 98664 0 1
147 68 98664 0 1
148 68 98664 0 1
149 68 98664 0 1
150 68 98664 0 1
151 68 98664 0 1
152 68 98664 0 1
153 68 98664 0 1
154 68 98664 0 1
