# rxframe clk nbytes ok allzero seq hdr16
1 296542 1528 0 1 0 00000000000000000000000000000000
2 395166 1528 0 1 0 00000000000000000000000000000000
3 493486 1528 0 1 0 00000000000000000000000000000000
4 592278 1528 1 0 1 514bec0501000000214e4754383ffffa
5 690814 1528 0 1 0 00000000000000000000000000000000
6 789614 1528 1 0 2 514bec0502000000214e47545b3cb8b3
7 888142 1528 0 1 0 00000000000000000000000000000000
8 986990 1528 1 0 3 514bec0503000000214e47547a3d7dfc
9 1184326 1528 0 1 0 00000000000000000000000000000000
10 1381574 1528 0 1 0 00000000000000000000000000000000
11 1480126 1528 0 1 0 00000000000000000000000000000000
12 1578910 1528 1 0 6 514bec0506000000214e4754df38bcbf
13 1776278 1528 0 1 0 00000000000000000000000000000000
14 1874782 1528 0 1 0 00000000000000000000000000000000
15 1973518 1528 1 0 8 514bec0508000000214e4754113613cf
16 2072110 1528 0 1 0 00000000000000000000000000000000
17 2170918 1528 1 0 9 514bec0509000000214e47543037d680
18 2269438 1528 0 1 0 00000000000000000000000000000000
19 2368278 1528 1 0 10 514bec050a000000214e4754533491c9
20 2565582 1528 0 1 0 00000000000000000000000000000000
21 2664094 1528 0 1 0 00000000000000000000000000000000
22 2762910 1528 1 0 12 514bec050c000000214e4754953217c3
23 2861422 1528 0 1 0 00000000000000000000000000000000
24 2960182 1528 1 0 13 514bec050d000000214e4754b433d28c
25 3058750 1528 0 1 0 00000000000000000000000000000000
26 3157566 1528 1 0 14 514bec050e000000214e4754d73095c5
27 3256078 1528 0 1 0 00000000000000000000000000000000
28 3354886 1528 1 0 15 514bec050f000000214e4754f631508a
29 3453406 1528 0 1 0 00000000000000000000000000000000
30 3552214 1528 1 0 16 514bec0510000000214e4754286dee6f
31 3650734 1528 0 1 0 00000000000000000000000000000000
32 3749686 1528 1 0 17 514bec0511000000214e4754096c2b20
33 3946838 1528 0 1 0 00000000000000000000000000000000
34 4045390 1528 0 0 0 40000000000000000000000000000000
35 4144118 1528 1 0 19 514bec0513000000214e47544b6ea926
36 4242718 1528 0 1 0 00000000000000000000000000000000
37 4341550 1528 1 0 20 514bec0514000000214e4754ac69ea63
38 4440046 1528 0 1 0 00000000000000000000000000000000
39 4538934 1528 1 0 21 514bec0515000000214e47548d682f2c
40 4736198 1528 0 1 0 00000000000000000000000000000000
41 4834702 1528 0 1 0 00000000000000000000000000000000
42 4933454 1528 1 0 23 514bec0517000000214e4754cf6aad2a
43 5130822 1528 0 1 0 00000000000000000000000000000000
44 5229358 1528 0 1 0 00000000000000000000000000000000
45 5328174 1528 1 0 25 514bec0519000000214e47540164025a
46 5426686 1528 0 1 0 00000000000000000000000000000000
47 5525470 1528 1 0 26 514bec051a000000214e475462674513
48 5722782 1528 0 1 0 00000000000000000000000000000000
49 5821342 1528 0 1 0 00000000000000000000000000000000
50 5920166 1528 1 0 28 514bec051c000000214e4754a461c319
51 6117454 1528 0 1 0 00000000000000000000000000000000
52 6215998 1528 0 1 0 00000000000000000000000000000000
53 6314806 1528 1 0 30 514bec051e000000214e4754e663411f
54 6512190 1528 0 1 0 00000000000000000000000000000000
55 6709430 1528 0 0 0 40000000000000000000000000000000
56 6906782 1528 0 1 0 00000000000000000000000000000000
57 7005310 1528 0 1 0 00000000000000000000000000000000
58 7104126 1528 1 0 34 514bec0522000000214e4754399a100f
59 7202638 1528 0 1 0 00000000000000000000000000000000
60 7301366 1528 1 0 35 514bec0523000000214e4754189bd540
61 7399966 1528 0 1 0 00000000000000000000000000000000
62 7498814 1528 1 0 36 514bec0524000000214e4754ff9c9605
63 7696102 1528 0 1 0 00000000000000000000000000000000
64 7893510 1528 0 1 0 00000000000000000000000000000000
65 7991950 1528 0 1 0 00000000000000000000000000000000
66 8090702 1528 1 0 39 514bec0527000000214e47549c9fd14c
67 8189278 1528 0 1 0 00000000000000000000000000000000
68 8288070 1528 1 0 40 514bec0528000000214e47547390bb73
69 8485478 1528 0 1 0 00000000000000000000000000000000
70 8583934 1528 0 1 0 00000000000000000000000000000000
71 8682710 1528 1 0 42 514bec052a000000214e475431923975
72 8781262 1528 0 1 0 00000000000000000000000000000000
73 8880054 1528 1 0 43 514bec052b000000214e47541093fc3a
74 8978590 1528 0 1 0 00000000000000000000000000000000
75 9077430 1528 1 0 44 514bec052c000000214e4754f794bf7f
76 9175918 1528 0 1 0 00000000000000000000000000000000
77 9274734 1528 1 0 45 514bec052d000000214e4754d6957a30
78 9373246 1528 0 1 0 00000000000000000000000000000000
79 9472062 1528 1 0 46 514bec052e000000214e4754b5963d79
80 9570574 1528 0 1 0 00000000000000000000000000000000
81 9669278 1528 1 0 47 514bec052f000000214e47549497f836
82 9767902 1528 0 1 0 00000000000000000000000000000000
83 9866718 1528 1 0 48 514bec0530000000214e47544acb46d3
84 10064006 1528 0 1 0 00000000000000000000000000000000
85 10162558 1528 0 1 0 00000000000000000000000000000000
86 10261342 1528 1 0 50 514bec0532000000214e475408c9c4d5
87 10359886 1528 0 1 0 00000000000000000000000000000000
88 10458678 1528 1 0 51 514bec0533000000214e475429c8019a
89 10656102 1528 0 1 0 00000000000000000000000000000000
90 10754542 1528 0 1 0 00000000000000000000000000000000
91 10853318 1528 1 0 53 514bec0535000000214e4754efce8790
92 10951870 1528 0 1 0 00000000000000000000000000000000
93 11050694 1528 1 0 54 514bec0536000000214e47548ccdc0d9
94 11248014 1528 0 1 0 00000000000000000000000000000000
95 11346526 1528 0 1 0 00000000000000000000000000000000
96 11445502 1528 1 0 56 514bec0538000000214e475442c36fa9
97 11543854 1528 0 1 0 00000000000000000000000000000000
98 11642558 1528 1 0 57 514bec0539000000214e475463c2aae6
99 11741182 1528 0 1 0 00000000000000000000000000000000
100 11840030 1528 1 0 58 514bec053a000000214e475400c1edaf
101 11938510 1528 0 1 0 00000000000000000000000000000000
102 12037254 1528 1 0 59 514bec053b000000214e475421c028e0
103 12135838 1528 0 1 0 00000000000000000000000000000000
104 12234654 1528 1 0 60 514bec053c000000214e4754c6c76ba5
105 12431942 1528 0 1 0 00000000000000000000000000000000
106 12530494 1528 0 1 0 00000000000000000000000000000000
107 12629310 1528 1 0 62 514bec053e000000214e475484c5e9a3
108 12727822 1528 0 1 0 00000000000000000000000000000000
109 12826606 1528 1 0 63 514bec053f000000214e4754a5c42cec
110 12925150 1528 0 1 0 00000000000000000000000000000000
111 13023854 1528 1 0 64 514bec0540000000214e4754dd72627c
112 13122478 1528 0 1 0 00000000000000000000000000000000
113 13221302 1528 1 0 65 514bec0541000000214e4754fc73a733
114 13319806 1528 0 1 0 00000000000000000000000000000000
115 13418670 1528 1 0 66 514bec0542000000214e47549f70e07a
116 13517134 1528 0 1 0 00000000000000000000000000000000
117 13615966 1528 1 0 67 514bec0543000000214e4754be712535
118 13714462 1528 0 1 0 00000000000000000000000000000000
119 13813230 1528 1 0 68 514bec0544000000214e475459766670
120 13911790 1528 0 1 0 00000000000000000000000000000000
121 14010550 1528 1 0 69 514bec0545000000214e47547877a33f
122 14208102 1528 0 1 0 00000000000000000000000000000000
123 14405446 1528 0 1 0 00000000000000000000000000000000
124 14503774 1528 0 1 0 00000000000000000000000000000000
125 14602518 1528 1 0 72 514bec0548000000214e4754d57a4b06
126 14799942 1528 0 1 0 00000000000000000000000000000000
127 14898430 1528 0 1 0 00000000000000000000000000000000
128 14997254 1528 1 0 74 514bec054a000000214e47549778c900
129 15194598 1528 0 1 0 00000000000000000000000000000000
130 15293086 1528 0 1 0 00000000000000000000000000000000
131 15391902 1528 1 0 76 514bec054c000000214e4754517e4f0a
132 15589190 1528 0 1 0 00000000000000000000000000000000
133 15786542 1528 0 1 0 00000000000000000000000000000000
134 15885070 1528 0 1 0 00000000000000000000000000000000
135 15983878 1528 1 0 79 514bec054f000000214e4754327d0843
136 16181206 1528 0 1 0 00000000000000000000000000000000
137 16279726 1528 0 1 0 00000000000000000000000000000000
138 16378534 1528 1 0 81 514bec0551000000214e4754cd2073e9
139 16477054 1528 0 1 0 00000000000000000000000000000000
140 16575830 1528 1 0 82 514bec0552000000214e4754ae2334a0
141 16773150 1528 0 1 0 00000000000000000000000000000000
142 16970534 1528 0 1 0 00000000000000000000000000000000
143 17069038 1528 0 1 0 00000000000000000000000000000000
144 17167870 1528 1 0 85 514bec0555000000214e4754492477e5
145 17266366 1528 0 1 0 00000000000000000000000000000000
146 17365118 1528 1 0 86 514bec0556000000214e47542a2730ac
147 17463694 1528 0 1 0 00000000000000000000000000000000
148 17562454 1528 0 0 87 114bec0557000000214e47540b26f5e3
149 17661022 1528 0 1 0 00000000000000000000000000000000
150 17759766 1528 1 0 88 514bec0558000000214e4754e4299fdc
151 17858350 1528 0 1 0 00000000000000000000000000000000
152 17957326 1528 0 0 89 114bec0559000000214e4754c5285a93
153 18055678 1528 0 1 0 00000000000000000000000000000000
154 18154558 1528 1 0 90 514bec055a000000214e4754a62b1dda
155 18351798 1528 0 1 0 00000000000000000000000000000000
156 18450334 1528 0 1 0 00000000000000000000000000000000
157 18549086 1528 1 0 92 514bec055c000000214e4754602d9bd0
158 18746462 1528 0 1 0 00000000000000000000000000000000
159 18943814 1528 0 1 0 00000000000000000000000000000000
160 19042318 1528 0 1 0 00000000000000000000000000000000
161 19141110 1528 1 0 95 514bec055f000000214e4754032edc99
162 19239646 1528 0 1 0 00000000000000000000000000000000
163 19338486 1528 1 0 96 514bec0560000000214e4754bfd4cac0
164 19436974 1528 0 1 0 00000000000000000000000000000000
165 19535974 1528 1 0 97 514bec0561000000214e47549ed50f8f
166 19634310 1528 0 1 0 00000000000000000000000000000000
167 19733118 1528 0 0 1310785536 6c0562000000214e4754fdd648c6b149
168 19831630 1528 0 0 0 40000000000000000000000000000000
169 19930374 1528 1 0 99 514bec0563000000214e4754dcd78d89
170 20028958 1528 0 1 0 00000000000000000000000000000000
171 20127734 1528 1 0 100 514bec0564000000214e47543bd0cecc
172 20324990 1528 0 1 0 00000000000000000000000000000000
173 20522326 1528 0 1 0 00000000000000000000000000000000
174 20620942 1528 0 1 0 00000000000000000000000000000000
175 20719662 1528 1 0 103 514bec0567000000214e475458d38985
176 20917062 1528 0 1 0 00000000000000000000000000000000
177 21015598 1528 0 1 0 00000000000000000000000000000000
178 21114414 1528 1 0 105 514bec0569000000214e475496dd26f5
179 21311670 1528 0 1 0 00000000000000000000000000000000
180 21410254 1528 0 1 0 00000000000000000000000000000000
181 21509038 1528 1 0 107 514bec056b000000214e4754d4dfa4f3
182 21706374 1528 0 1 0 00000000000000000000000000000000
183 21804910 1528 0 1 0 00000000000000000000000000000000
184 21903782 1528 1 0 109 514bec056d000000214e475412d922f9
185 22002238 1528 0 1 0 00000000000000000000000000000000
186 22101030 1528 1 0 110 514bec056e000000214e475471da65b0
187 22199566 1528 0 1 0 00000000000000000000000000000000
188 22298382 1528 1 0 111 514bec056f000000214e475450dba0ff
189 22495742 1528 0 1 0 00000000000000000000000000000000
190 22594222 1528 0 1 0 00000000000000000000000000000000
191 22693190 1528 1 0 113 514bec0571000000214e4754af86db55
192 22890526 1528 0 1 0 00000000000000000000000000000000
193 22988878 1528 0 1 0 00000000000000000000000000000000
194 23087654 1528 1 0 115 514bec0573000000214e4754ed845953
195 23285174 1528 0 1 0 00000000000000000000000000000000
196 23383534 1528 0 1 0 00000000000000000000000000000000
197 23482486 1528 1 0 117 514bec0575000000214e47542b82df59
198 23580862 1528 0 1 0 00000000000000000000000000000000
199 23679670 1528 1 0 118 514bec0576000000214e475448819810
200 23876990 1528 0 1 0 00000000000000000000000000000000
201 23975518 1528 0 1 0 00000000000000000000000000000000
202 24074382 1528 1 0 120 514bec0578000000214e4754868f3760
203 24172846 1528 0 1 0 00000000000000000000000000000000
204 24271598 1528 1 0 121 514bec0579000000214e4754a78ef22f
205 24370174 1528 0 1 0 00000000000000000000000000000000
206 24468998 1528 0 0 122 114bec057a000000214e4754c48db566
207 24567502 1528 0 1 0 00000000000000000000000000000000
208 24666302 1528 1 0 123 514bec057b000000214e4754e58c7029
209 24863606 1528 0 1 0 00000000000000000000000000000000
210 24962158 1528 0 1 0 00000000000000000000000000000000
211 25060982 1528 1 0 125 514bec057d000000214e4754238af623
212 25159486 1528 0 1 0 00000000000000000000000000000000
213 25258318 1528 1 0 126 514bec057e000000214e47544089b16a
214 25356814 1528 0 1 0 00000000000000000000000000000000
215 25455694 1528 1 0 127 514bec057f000000214e475461887425
216 25554142 1528 0 1 0 00000000000000000000000000000000
217 25652902 1528 1 0 128 514bec0580000000214e475491a68a27
218 25751470 1528 0 1 0 00000000000000000000000000000000
219 25850278 1528 1 0 129 514bec0581000000214e4754b0a74f68
220 26047566 1528 0 1 0 00000000000000000000000000000000
221 26146126 1528 0 1 0 00000000000000000000000000000000
222 26244934 1528 1 0 131 514bec0583000000214e4754f2a5cd6e
223 26442278 1528 0 1 0 00000000000000000000000000000000
224 26639606 1528 0 1 0 00000000000000000000000000000000
