# rxframe clk nbytes ok allzero seq hdr16
1 296542 1528 0 1 0 00000000000000000000000000000000
2 395166 1528 0 1 0 00000000000000000000000000000000
3 493486 1528 0 1 0 00000000000000000000000000000000
4 592270 1528 1 0 1 514bec0501000000214e4754383ffffa
5 690814 1528 0 1 0 00000000000000000000000000000000
6 789790 1528 1 0 2 514bec0502000000214e47545b3cb8b3
7 986910 1528 0 1 0 00000000000000000000000000000000
8 1085470 1528 0 1 0 00000000000000000000000000000000
9 1184222 1528 1 0 4 514bec0504000000214e47549d3a3eb9
10 1381534 1528 0 1 0 00000000000000000000000000000000
11 1480126 1528 0 1 0 00000000000000000000000000000000
12 1578934 1528 1 0 6 514bec0506000000214e4754df38bcbf
13 1677454 1528 0 1 0 00000000000000000000000000000000
14 1776286 1528 1 0 7 514bec0507000000214e4754fe3979f0
15 1874782 1528 0 1 0 00000000000000000000000000000000
16 1973558 1528 1 0 8 514bec0508000000214e4754113613cf
17 2170894 1528 0 1 0 00000000000000000000000000000000
18 2269438 1528 0 1 0 00000000000000000000000000000000
19 2368222 1528 1 0 10 514bec050a000000214e4754533491c9
20 2466766 1528 0 1 0 00000000000000000000000000000000
21 2565582 1528 1 0 11 514bec050b000000214e475472355486
22 2664094 1528 0 1 0 00000000000000000000000000000000
23 2762894 1528 1 0 12 514bec050c000000214e4754953217c3
24 2861422 1528 0 1 0 00000000000000000000000000000000
25 2960158 1528 1 0 13 514bec050d000000214e4754b433d28c
26 3058750 1528 0 1 0 00000000000000000000000000000000
27 3157526 1528 1 0 14 514bec050e000000214e4754d73095c5
28 3354886 1528 0 1 0 00000000000000000000000000000000
29 3552166 1528 0 1 0 00000000000000000000000000000000
30 3650734 1528 0 1 0 00000000000000000000000000000000
31 3749534 1528 1 0 17 514bec0511000000214e4754096c2b20
32 3946758 1528 0 1 0 00000000000000000000000000000000
33 4144158 1528 0 1 0 00000000000000000000000000000000
34 4242718 1528 0 1 0 00000000000000000000000000000000
35 4341542 1528 1 0 20 514bec0514000000214e4754ac69ea63
36 4440046 1528 0 1 0 00000000000000000000000000000000
37 4538950 1528 1 0 21 514bec0515000000214e47548d682f2c
38 4637374 1528 0 1 0 00000000000000000000000000000000
39 4736206 1528 1 0 22 514bec0516000000214e4754ee6b6865
40 4834702 1528 0 1 0 00000000000000000000000000000000
41 4933406 1528 1 0 23 514bec0517000000214e4754cf6aad2a
42 5032030 1528 0 1 0 00000000000000000000000000000000
43 5130902 1528 1 0 24 514bec0518000000214e47542065c715
44 5229358 1528 0 1 0 00000000000000000000000000000000
45 5328110 1528 1 0 25 514bec0519000000214e47540164025a
46 5426686 1528 0 1 0 00000000000000000000000000000000
47 5525558 1528 0 0 26 114bec051a000000214e475462674513
48 5624014 1528 0 1 0 00000000000000000000000000000000
49 5722774 1528 1 0 27 514bec051b000000214e47544366805c
50 5920334 1528 0 1 0 00000000000000000000000000000000
51 6117534 1528 0 1 0 00000000000000000000000000000000
52 6215998 1528 0 1 0 00000000000000000000000000000000
53 6314814 1528 1 0 30 514bec051e000000214e4754e663411f
54 6512142 1528 0 1 0 00000000000000000000000000000000
55 6610654 1528 0 1 0 00000000000000000000000000000000
56 6709502 1528 1 0 32 514bec0520000000214e47547b989209
57 6807982 1528 0 1 0 00000000000000000000000000000000
58 6906862 1528 1 0 33 514bec0521000000214e47545a995746
59 7104142 1528 0 1 0 00000000000000000000000000000000
60 7202638 1528 0 1 0 00000000000000000000000000000000
61 7301334 1528 1 0 35 514bec0523000000214e4754189bd540
62 7399966 1528 0 1 0 00000000000000000000000000000000
63 7498742 1528 1 0 36 514bec0524000000214e4754ff9c9605
64 7696054 1528 0 1 0 00000000000000000000000000000000
65 7794622 1528 0 1 0 00000000000000000000000000000000
66 7893438 1528 1 0 38 514bec0526000000214e4754bd9e1403
67 8090742 1528 0 1 0 00000000000000000000000000000000
68 8288038 1528 0 1 0 00000000000000000000000000000000
69 8386606 1528 0 1 0 00000000000000000000000000000000
70 8485478 1528 1 0 41 514bec0529000000214e475452917e3c
71 8583934 1528 0 1 0 00000000000000000000000000000000
72 8682718 1528 1 0 42 514bec052a000000214e475431923975
73 8781262 1528 0 1 0 00000000000000000000000000000000
74 8880062 1528 1 0 43 514bec052b000000214e47541093fc3a
75 8978590 1528 0 1 0 00000000000000000000000000000000
76 9077382 1528 1 0 44 514bec052c000000214e4754f794bf7f
77 9274758 1528 0 1 0 00000000000000000000000000000000
78 9373246 1528 0 1 0 00000000000000000000000000000000
79 9472054 1528 1 0 46 514bec052e000000214e4754b5963d79
80 9570574 1528 0 1 0 00000000000000000000000000000000
81 9669390 1528 1 0 47 514bec052f000000214e47549497f836
82 9767902 1528 0 1 0 00000000000000000000000000000000
83 9866678 1528 1 0 48 514bec0530000000214e47544acb46d3
84 9965230 1528 0 1 0 00000000000000000000000000000000
85 10064078 1528 1 0 49 514bec0531000000214e47546bca839c
86 10162558 1528 0 1 0 00000000000000000000000000000000
87 10261534 1528 1 0 50 514bec0532000000214e475408c9c4d5
88 10359886 1528 0 1 0 00000000000000000000000000000000
89 10458694 1528 1 0 51 514bec0533000000214e475429c8019a
90 10557214 1528 0 1 0 00000000000000000000000000000000
91 10656054 1528 1 0 52 514bec0534000000214e4754cecf42df
92 10754542 1528 0 1 0 00000000000000000000000000000000
93 10853342 1528 1 0 53 514bec0535000000214e4754efce8790
94 10951870 1528 0 1 0 00000000000000000000000000000000
95 11050646 1528 1 0 54 514bec0536000000214e47548ccdc0d9
96 11149198 1528 0 1 0 00000000000000000000000000000000
97 11248022 1528 1 0 55 514bec0537000000214e4754adcc0596
98 11346526 1528 0 1 0 00000000000000000000000000000000
99 11445222 1528 1 0 56 514bec0538000000214e475442c36fa9
100 11543854 1528 0 1 0 00000000000000000000000000000000
101 11642654 1528 1 0 57 514bec0539000000214e475463c2aae6
102 11840014 1528 0 1 0 00000000000000000000000000000000
103 11938510 1528 0 1 0 00000000000000000000000000000000
104 12037302 1528 1 0 59 514bec053b000000214e475421c028e0
105 12135838 1528 0 1 0 00000000000000000000000000000000
106 12234678 1528 1 0 60 514bec053c000000214e4754c6c76ba5
107 12432046 1528 0 1 0 00000000000000000000000000000000
108 12629278 1528 0 1 0 00000000000000000000000000000000
109 12826670 1528 0 1 0 00000000000000000000000000000000
110 13023958 1528 0 1 0 00000000000000000000000000000000
111 13122478 1528 0 1 0 00000000000000000000000000000000
112 13221302 1528 1 0 65 514bec0541000000214e4754fc73a733
113 13319806 1528 0 1 0 00000000000000000000000000000000
114 13418614 1528 1 0 66 514bec0542000000214e47549f70e07a
115 13615894 1528 0 1 0 00000000000000000000000000000000
116 13714462 1528 0 0 0 40000000000000000000000000000000
117 13813270 1528 1 0 68 514bec0544000000214e475459766670
118 13911790 1528 0 1 0 00000000000000000000000000000000
119 14010542 1528 1 0 69 514bec0545000000214e47547877a33f
120 14109118 1528 0 1 0 00000000000000000000000000000000
121 14207958 1528 0 0 70 114bec0546000000214e47541b74e476
122 14405270 1528 0 1 0 00000000000000000000000000000000
123 14503774 1528 0 1 0 00000000000000000000000000000000
124 14602646 1528 1 0 72 514bec0548000000214e4754d57a4b06
125 14799950 1528 0 1 0 00000000000000000000000000000000
126 14898430 1528 0 1 0 00000000000000000000000000000000
127 14997182 1528 1 0 74 514bec054a000000214e47549778c900
128 15095758 1528 0 1 0 00000000000000000000000000000000
129 15194574 1528 0 0 75 114bec054b000000214e4754b6790c4f
130 15293086 1528 0 1 0 00000000000000000000000000000000
131 15391894 1528 1 0 76 514bec054c000000214e4754517e4f0a
132 15589246 1528 0 1 0 00000000000000000000000000000000
133 15687742 1528 0 0 0 40000000000000000000000000000000
134 15786638 1528 1 0 78 514bec054e000000214e4754137ccd0c
135 15885070 1528 0 1 0 00000000000000000000000000000000
136 15983838 1528 0 0 79 114bec054f000000214e4754327d0843
137 16082398 1528 0 1 0 00000000000000000000000000000000
138 16181190 1528 1 0 80 514bec0550000000214e4754ec21b6a6
139 16279726 1528 0 1 0 00000000000000000000000000000000
140 16378542 1528 1 0 81 514bec0551000000214e4754cd2073e9
141 16575926 1528 0 1 0 00000000000000000000000000000000
142 16674382 1528 0 1 0 00000000000000000000000000000000
143 16773246 1528 1 0 83 514bec0553000000214e47548f22f1ef
144 16970534 1528 0 1 0 00000000000000000000000000000000
145 17069038 1528 0 1 0 00000000000000000000000000000000
146 17167854 1528 1 0 85 514bec0555000000214e4754492477e5
147 17365246 1528 0 1 0 00000000000000000000000000000000
148 17463694 1528 0 1 0 00000000000000000000000000000000
149 17562518 1528 1 0 87 514bec0557000000214e47540b26f5e3
150 17661022 1528 0 1 0 00000000000000000000000000000000
151 17759790 1528 1 0 88 514bec0558000000214e4754e4299fdc
152 17858350 1528 0 1 0 00000000000000000000000000000000
153 17957334 1528 1 0 89 514bec0559000000214e4754c5285a93
154 18055686 1528 0 1 0 00000000000000000000000000000000
155 18154478 1528 0 0 1310785536 6c055a000000214e4754a62b1dda0ad8
156 18253006 1528 0 0 0 40000000000000000000000000000000
157 18351838 1528 1 0 91 514bec055b000000214e4754872ad895
158 18450334 1528 0 1 0 00000000000000000000000000000000
159 18549222 1528 1 0 92 514bec055c000000214e4754602d9bd0
160 18647662 1528 0 1 0 00000000000000000000000000000000
161 18746486 1528 1 0 93 514bec055d000000214e4754412c5e9f
162 18943814 1528 0 1 0 00000000000000000000000000000000
163 19042318 1528 0 1 0 00000000000000000000000000000000
164 19141110 1528 1 0 95 514bec055f000000214e4754032edc99
165 19239646 1528 0 1 0 00000000000000000000000000000000
166 19338470 1528 1 0 96 514bec0560000000214e4754bfd4cac0
167 19436974 1528 0 1 0 00000000000000000000000000000000
168 19535806 1528 1 0 97 514bec0561000000214e47549ed50f8f
169 19733142 1528 0 1 0 00000000000000000000000000000000
170 19930398 1528 0 1 0 00000000000000000000000000000000
171 20028958 1528 0 1 0 00000000000000000000000000000000
172 20127798 1528 1 0 100 514bec0564000000214e47543bd0cecc
173 20226286 1528 0 1 0 00000000000000000000000000000000
174 20325094 1528 1 0 101 514bec0565000000214e47541ad10b83
175 20522382 1528 0 1 0 00000000000000000000000000000000
176 20620942 1528 0 1 0 00000000000000000000000000000000
177 20719822 1528 1 0 103 514bec0567000000214e475458d38985
178 20818270 1528 0 1 0 00000000000000000000000000000000
179 20917086 1528 1 0 104 514bec0568000000214e4754b7dce3ba
180 21015598 1528 0 1 0 00000000000000000000000000000000
181 21114462 1528 1 0 105 514bec0569000000214e475496dd26f5
182 21212926 1528 0 1 0 00000000000000000000000000000000
183 21311702 1528 1 0 106 514bec056a000000214e4754f5de61bc
184 21509110 1528 0 1 0 00000000000000000000000000000000
185 21607582 1528 0 1 0 00000000000000000000000000000000
186 21706366 1528 1 0 108 514bec056c000000214e475433d8e7b6
187 21903718 1528 0 1 0 00000000000000000000000000000000
188 22100998 1528 0 1 0 00000000000000000000000000000000
189 22199566 1528 0 1 0 00000000000000000000000000000000
190 22298406 1528 1 0 111 514bec056f000000214e475450dba0ff
191 22396894 1528 0 1 0 00000000000000000000000000000000
192 22495694 1528 1 0 112 514bec0570000000214e47548e871e1a
193 22693022 1528 0 1 0 00000000000000000000000000000000
194 22791550 1528 0 1 0 00000000000000000000000000000000
195 22890406 1528 1 0 114 514bec0572000000214e4754cc859c1c
196 22988878 1528 0 1 0 00000000000000000000000000000000
197 23087710 1528 1 0 115 514bec0573000000214e4754ed845953
198 23186206 1528 0 1 0 00000000000000000000000000000000
199 23284990 1528 1 0 116 514bec0574000000214e47540a831a16
200 23383534 1528 0 1 0 00000000000000000000000000000000
201 23482350 1528 1 0 117 514bec0575000000214e47542b82df59
202 23580862 1528 0 1 0 00000000000000000000000000000000
203 23679646 1528 1 0 118 514bec0576000000214e475448819810
204 23876998 1528 0 1 0 00000000000000000000000000000000
205 23975518 1528 0 1 0 00000000000000000000000000000000
206 24074366 1528 1 0 120 514bec0578000000214e4754868f3760
207 24172846 1528 0 1 0 00000000000000000000000000000000
208 24271670 1528 1 0 121 514bec0579000000214e4754a78ef22f
209 24468974 2800 0 0 0 00000000000000000000000000000000
210 24567502 1528 0 0 0 40000000000000000000000000000000
211 24666302 1528 1 0 123 514bec057b000000214e4754e58c7029
212 24764830 1528 0 1 0 00000000000000000000000000000000
213 24863534 1528 1 0 124 514bec057c000000214e4754028b336c
214 24962158 1528 0 1 0 00000000000000000000000000000000
215 25060918 1528 1 0 125 514bec057d000000214e4754238af623
216 25159486 1528 0 1 0 00000000000000000000000000000000
217 25258262 1528 1 0 126 514bec057e000000214e47544089b16a
218 25455646 1528 0 1 0 00000000000000000000000000000000
219 25554142 1528 0 1 0 00000000000000000000000000000000
220 25652894 1528 1 0 128 514bec0580000000214e475491a68a27
221 25751470 1528 0 1 0 00000000000000000000000000000000
222 25850446 1528 0 0 129 114bec0581000000214e4754b0a74f68
223 25948798 1528 0 1 0 00000000000000000000000000000000
224 26047590 1528 1 0 130 514bec0582000000214e4754d3a40821
225 26146126 1528 0 1 0 00000000000000000000000000000000
226 26245006 1528 1 0 131 514bec0583000000214e4754f2a5cd6e
227 26343454 1528 0 1 0 00000000000000000000000000000000
228 26442254 1528 1 0 132 514bec0584000000214e475415a28e2b
229 26639638 1528 0 1 0 00000000000000000000000000000000
230 26738110 1528 0 1 0 00000000000000000000000000000000
231 26836918 1528 1 0 134 514bec0586000000214e475457a00c2d
232 27034190 1528 0 1 0 00000000000000000000000000000000
233 27132766 1528 0 1 0 00000000000000000000000000000000
234 27231622 1528 1 0 136 514bec0588000000214e475499aea35d
235 27330094 1528 0 1 0 00000000000000000000000000000000
236 27429038 1528 1 0 137 514bec0589000000214e4754b8af6612
237 27626270 1528 0 1 0 00000000000000000000000000000000
238 27724750 1528 0 1 0 00000000000000000000000000000000
239 27823526 1528 1 0 139 514bec058b000000214e4754faade414
240 27922078 1528 0 1 0 00000000000000000000000000000000
241 28020774 1528 1 0 140 514bec058c000000214e47541daaa751
242 28119406 1528 0 1 0 00000000000000000000000000000000
243 28218198 1528 1 0 141 514bec058d000000214e47543cab621e
244 28316734 1528 0 1 0 00000000000000000000000000000000
245 28415574 1528 1 0 142 514bec058e000000214e47545fa82557
246 28612862 1528 0 1 0 00000000000000000000000000000000
247 28711390 1528 0 1 0 00000000000000000000000000000000
248 28810214 1528 1 0 144 514bec0590000000214e4754a0f55efd
249 29007718 1528 0 1 0 00000000000000000000000000000000
250 29106046 1528 0 1 0 00000000000000000000000000000000
251 29204862 1528 1 0 146 514bec0592000000214e4754e2f7dcfb
252 29303374 1528 0 1 0 00000000000000000000000000000000
253 29402254 1528 1 0 147 514bec0593000000214e4754c3f619b4
254 29500702 1528 0 1 0 00000000000000000000000000000000
255 29599486 1528 1 0 148 514bec0594000000214e475424f15af1
256 29698030 1528 0 1 0 00000000000000000000000000000000
257 29796862 1528 1 0 149 514bec0595000000214e475405f09fbe
258 29895358 1528 0 1 0 00000000000000000000000000000000
259 29994166 1528 1 0 150 514bec0596000000214e475466f3d8f7
260 30092686 1528 0 1 0 00000000000000000000000000000000
261 30191438 1528 1 0 151 514bec0597000000214e475447f21db8
262 30290014 1528 0 1 0 00000000000000000000000000000000
263 30388910 1528 0 0 152 114bec0598000000214e4754a8fd7787
264 30586174 1528 0 1 0 00000000000000000000000000000000
265 30684670 1528 0 1 0 00000000000000000000000000000000
266 30783462 1528 1 0 154 514bec059a000000214e4754eafff581
267 30881998 1528 0 1 0 00000000000000000000000000000000
268 30980966 1528 1 0 155 514bec059b000000214e4754cbfe30ce
269 31079326 1528 0 1 0 00000000000000000000000000000000
270 31178110 1528 1 0 156 514bec059c000000214e47542cf9738b
271 31276654 1528 0 1 0 00000000000000000000000000000000
272 31375638 1528 1 0 157 514bec059d000000214e47540df8b6c4
273 31572702 1528 0 1 0 00000000000000000000000000000000
274 31770078 1528 0 1 0 00000000000000000000000000000000
275 31868638 1528 0 1 0 00000000000000000000000000000000
276 31967398 1528 1 0 160 514bec05a0000000214e4754f300229b
277 32065966 1528 0 1 0 00000000000000000000000000000000
278 32164846 1528 1 0 161 514bec05a1000000214e4754d201e7d4
279 32263294 1528 0 1 0 00000000000000000000000000000000
280 32362246 1528 1 0 162 514bec05a2000000214e4754b102a09d
281 32559430 1528 0 1 0 00000000000000000000000000000000
282 32657950 1528 0 1 0 00000000000000000000000000000000
283 32756742 1528 1 0 164 514bec05a4000000214e475477042697
284 32855278 1528 0 1 0 00000000000000000000000000000000
285 32954054 1528 1 0 165 514bec05a5000000214e47545605e3d8
286 33052606 1528 0 1 0 00000000000000000000000000000000
287 33151422 1528 1 0 166 514bec05a6000000214e47543506a491
288 33348766 1528 0 1 0 00000000000000000000000000000000
289 33447262 1528 0 1 0 00000000000000000000000000000000
290 33546062 1528 1 0 168 514bec05a8000000214e4754fb080be1
291 33644590 1528 0 1 0 00000000000000000000000000000000
292 33743462 1528 1 0 169 514bec05a9000000214e4754da09ceae
293 33940694 1528 0 1 0 00000000000000000000000000000000
294 34138062 1528 0 0 0 40000000000000000000000000000000
295 34335414 1528 0 1 0 00000000000000000000000000000000
296 34433902 1528 0 1 0 00000000000000000000000000000000
297 34532670 1528 1 0 173 514bec05ad000000214e47545e0dcaa2
298 34631230 1528 0 1 0 00000000000000000000000000000000
299 34730054 1528 1 0 174 514bec05ae000000214e47543d0e8deb
300 34927374 1528 0 1 0 00000000000000000000000000000000
301 35025886 1528 0 1 0 00000000000000000000000000000000
302 35124694 1528 1 0 176 514bec05b0000000214e4754c253f641
303 35223214 1528 0 1 0 00000000000000000000000000000000
304 35321990 1528 1 0 177 514bec05b1000000214e4754e352330e
305 35519366 1528 0 1 0 00000000000000000000000000000000
306 35617870 1528 0 1 0 00000000000000000000000000000000
307 35716694 1528 1 0 179 514bec05b3000000214e4754a150b108
308 35815198 1528 0 1 0 00000000000000000000000000000000
309 35914062 1528 1 0 180 514bec05b4000000214e47544657f24d
310 36111318 1528 0 1 0 00000000000000000000000000000000
311 36209854 1528 0 1 0 00000000000000000000000000000000
312 36308638 1528 1 0 182 514bec05b6000000214e47540455704b
313 36505974 1528 0 1 0 00000000000000000000000000000000
314 36604510 1528 0 1 0 00000000000000000000000000000000
315 36703326 1528 1 0 184 514bec05b8000000214e4754ca5bdf3b
316 36900598 1528 0 1 0 00000000000000000000000000000000
317 37097934 1528 0 1 0 00000000000000000000000000000000
318 37295310 1528 0 1 0 00000000000000000000000000000000
319 37393822 1528 0 1 0 00000000000000000000000000000000
320 37492782 1528 1 0 188 514bec05bc000000214e47544e5fdb37
321 37689966 1528 0 1 0 00000000000000000000000000000000
322 37887270 1528 0 1 0 00000000000000000000000000000000
323 38084622 1528 0 1 0 00000000000000000000000000000000
324 38281862 1528 0 1 0 00000000000000000000000000000000
325 38479414 1528 0 1 0 00000000000000000000000000000000
326 38577790 1528 0 1 0 00000000000000000000000000000000
327 38676574 1528 1 0 194 514bec05c2000000214e475417e850e8
328 38775118 1528 0 1 0 00000000000000000000000000000000
329 38873966 1528 1 0 195 514bec05c3000000214e475436e995a7
330 39071286 1528 0 1 0 00000000000000000000000000000000
331 39268494 1528 0 1 0 00000000000000000000000000000000
332 39367102 1528 0 1 0 00000000000000000000000000000000
333 39465942 1528 1 0 198 514bec05c6000000214e475493ec54e4
334 39663254 1528 0 1 0 00000000000000000000000000000000
335 39860510 1528 0 1 0 00000000000000000000000000000000
336 39959086 1528 0 1 0 00000000000000000000000000000000
337 40057910 1528 1 0 201 514bec05c9000000214e47547ce33edb
338 40156414 1528 0 1 0 00000000000000000000000000000000
339 40255286 1528 1 0 202 514bec05ca000000214e47541fe07992
340 40353742 1528 0 1 0 00000000000000000000000000000000
341 40452574 1528 1 0 203 514bec05cb000000214e47543ee1bcdd
342 40551070 1528 0 1 0 00000000000000000000000000000000
343 40649774 1528 1 0 204 514bec05cc000000214e4754d9e6ff98
344 40847102 1528 0 1 0 00000000000000000000000000000000
345 40945726 1528 0 1 0 00000000000000000000000000000000
346 41044542 1528 1 0 206 514bec05ce000000214e47549be47d9e
347 41241814 1528 0 1 0 00000000000000000000000000000000
348 41340382 1528 0 1 0 00000000000000000000000000000000
349 41439118 1528 1 0 208 514bec05d0000000214e475464b90634
350 41537710 1528 0 1 0 00000000000000000000000000000000
351 41636534 1528 1 0 209 514bec05d1000000214e475445b8c37b
352 41735038 1528 0 1 0 00000000000000000000000000000000
353 41833870 1528 1 0 210 514bec05d2000000214e475426bb8432
354 42031286 1528 0 1 0 00000000000000000000000000000000
355 42129694 1528 0 1 0 00000000000000000000000000000000
356 42228462 1528 1 0 212 514bec05d4000000214e4754e0bd0238
357 42327022 1528 0 1 0 00000000000000000000000000000000
358 42425798 1528 1 0 213 514bec05d5000000214e4754c1bcc777
359 42623110 1528 0 1 0 00000000000000000000000000000000
360 42721678 1528 0 1 0 00000000000000000000000000000000
361 42820502 1528 1 0 215 514bec05d7000000214e475483be4571
362 43017734 1528 0 1 0 00000000000000000000000000000000
363 43116334 1528 0 1 0 00000000000000000000000000000000
364 43215126 1528 1 0 217 514bec05d9000000214e47544db0ea01
365 43313662 1528 0 1 0 00000000000000000000000000000000
366 43412398 1528 1 0 218 514bec05da000000214e47542eb3ad48
367 43510990 1528 0 1 0 00000000000000000000000000000000
368 43609806 1528 1 0 219 514bec05db000000214e47540fb26807
369 43807054 1528 0 1 0 00000000000000000000000000000000
370 43905646 1528 0 1 0 00000000000000000000000000000000
371 44004470 1528 1 0 221 514bec05dd000000214e4754c9b4ee0d
372 44102974 1528 0 1 0 00000000000000000000000000000000
373 44201838 1528 1 0 222 514bec05de000000214e4754aab7a944
374 44300302 1528 0 1 0 00000000000000000000000000000000
375 44399166 1528 1 0 223 514bec05df000000214e47548bb66c0b
376 44596390 1528 0 1 0 00000000000000000000000000000000
377 44694958 1528 0 1 0 00000000000000000000000000000000
378 44793806 1528 1 0 225 514bec05e1000000214e4754164dbf1d
379 44892286 1528 0 1 0 00000000000000000000000000000000
380 44991094 1528 1 0 226 514bec05e2000000214e4754754ef854
381 45089614 1528 0 1 0 00000000000000000000000000000000
382 45188382 1528 1 0 227 514bec05e3000000214e4754544f3d1b
383 45385678 1528 0 1 0 00000000000000000000000000000000
384 45484270 1528 0 1 0 00000000000000000000000000000000
385 45583110 1528 1 0 229 514bec05e5000000214e47549249bb11
386 45780414 1528 0 1 0 00000000000000000000000000000000
387 45977614 1528 0 1 0 00000000000000000000000000000000
388 46076254 1528 0 1 0 00000000000000000000000000000000
389 46175022 1528 1 0 232 514bec05e8000000214e47543f445328
390 46273582 1528 0 1 0 00000000000000000000000000000000
391 46372390 1528 1 0 233 514bec05e9000000214e47541e459667
392 46470910 1528 0 1 0 00000000000000000000000000000000
393 46569630 1528 1 0 234 514bec05ea000000214e47547d46d12e
394 46766966 1528 0 1 0 00000000000000000000000000000000
395 46964358 1528 0 1 0 00000000000000000000000000000000
396 47062894 1528 0 1 0 00000000000000000000000000000000
397 47161662 1528 1 0 237 514bec05ed000000214e47549a41926b
398 47260222 1528 0 1 0 00000000000000000000000000000000
399 47359022 1528 1 0 238 514bec05ee000000214e4754f942d522
400 47457550 1528 0 1 0 00000000000000000000000000000000
