# ep clk heldts dheldts toff accoff runmax thr nxcd nnewpk nsync pkts rxframes
0 99355 12324 -1 12324 12324 68459125 200769022 1 1 0 0 0
1 198403 24609 12285 12276 12276 66618973 201016125 1 1 1 1 0
2 297163 36930 12321 12264 12264 68018634 206490719 1 1 1 2 1
3 395827 49263 12333 12264 12264 67584857 200794649 1 1 1 3 2
4 494491 61596 12333 12264 12264 67322281 201870909 1 1 1 4 3
5 593155 73929 12333 12264 12264 67387690 200791442 1 1 1 5 4
6 691819 86262 12333 12264 12264 67568544 202470158 1 1 1 6 5
7 790483 98595 12333 12264 12264 67436993 200774301 1 1 1 7 6
8 889147 110928 12333 12264 12264 67469992 202006704 1 1 1 8 7
9 987811 123261 12333 12264 12264 67436948 200775710 1 1 1 9 8
10 1086475 135594 12333 12264 12264 67535749 202450774 1 1 1 10 9
11 1185139 147927 12333 12264 12264 67650661 200798381 1 1 1 11 10
12 1283803 160260 12333 12264 12264 67535525 201809445 1 1 1 12 11
13 1382467 172593 12333 12264 12264 67749362 200674011 1 1 1 13 12
14 1481131 184926 12333 12264 12264 67404136 202908514 1 1 1 14 13
15 1579795 197259 12333 12264 12264 67272805 200809135 1 1 1 15 14
16 1678459 209592 12333 12264 12264 67387685 202023856 1 1 1 16 15
17 1777123 221925 12333 12264 12264 67256570 200818522 1 1 1 17 16
18 1875787 234258 12333 12264 12264 67601333 201905499 1 1 1 18 17
19 1974451 246591 12333 12264 12264 67256801 200686678 1 1 1 19 18
20 2073115 258924 12333 12264 12264 67387690 201839875 1 1 1 20 19
21 2171779 271257 12333 12264 12264 67436993 200808833 2 2 1 21 20
22 2270443 283590 12333 12264 12264 67387706 201798143 1 1 1 22 21
23 2369107 295923 12333 12264 12264 67256977 200823794 1 1 1 23 22
24 2467771 308256 12333 12264 12264 67486250 201622491 1 1 1 24 23
25 2566435 320589 12333 12264 12264 67354853 200691548 1 1 1 25 24
26 2665099 332922 12333 12264 12264 67420521 202653396 1 1 1 26 25
27 2763763 345255 12333 12264 12264 67782289 200665049 1 1 1 27 26
28 2862427 357588 12333 12264 12264 67256410 203449203 1 1 1 28 27
29 2961091 369921 12333 12264 12264 67272813 200659458 1 1 1 29 28
30 3059755 382254 12333 12264 12264 67371268 203708998 1 1 1 30 29
31 3158419 394587 12333 12264 12264 67453385 200801307 1 1 1 31 30
32 3257083 406920 12333 12264 12264 68062621 202001367 1 1 1 32 31
33 3355747 419253 12333 12264 12264 67765833 200642081 1 1 1 33 32
34 3454411 431586 12333 12264 12264 67223610 202477196 1 1 1 34 33
35 3553075 443919 12333 12264 12264 67437169 200793131 1 1 1 35 34
36 3651739 456252 12333 12264 12264 67387762 201529650 1 1 1 36 35
37 3750403 468585 12333 12264 12264 67436980 200770261 1 1 1 37 36
38 3849067 480918 12333 12264 12264 67420570 202299055 1 1 1 38 37
39 3947731 493251 12333 12264 12264 67502737 200638157 1 1 1 39 38
40 4046395 505584 12333 12264 12264 67338440 202730285 1 1 1 40 39
41 4145059 517917 12333 12264 12264 67453418 200777214 1 1 1 41 40
42 4243723 530250 12333 12264 12264 67305616 201867565 1 1 1 42 41
43 4342387 542583 12333 12264 12264 67798765 200645051 1 1 1 43 42
44 4441051 554916 12333 12264 12264 67190818 202851315 1 1 1 44 43
45 4539715 567249 12333 12264 12264 67354898 200652954 1 1 1 45 44
46 4638379 579582 12333 12264 12264 67650650 201933513 1 1 1 46 45
47 4737043 591915 12333 12264 12264 67930580 200679573 1 1 1 47 46
48 4835707 604248 12333 12264 12264 67190809 201812712 1 1 1 48 47
49 4934371 616581 12333 12264 12264 67765993 200815692 1 1 1 49 48
50 5033035 628914 12333 12264 12264 67716522 202202015 1 1 1 50 49
51 5131699 641247 12333 12264 12264 67436948 200674482 1 1 1 51 50
52 5230363 653580 12333 12264 12264 67420810 201702119 1 1 1 52 51
53 5329027 665913 12333 12264 12264 67272904 200831867 2 2 1 53 52
54 5427691 678246 12333 12264 12264 67650821 203661363 1 1 1 54 53
55 5526355 690579 12333 12264 12264 67420521 200831828 1 1 1 55 54
56 5625019 702912 12333 12264 12264 67650634 201315514 1 1 1 56 55
57 5723683 715245 12333 12264 12264 67273000 200823652 1 1 1 57 56
58 5822347 727578 12333 12264 12264 67650706 203092608 1 1 1 58 57
59 5921011 739911 12333 12264 12264 67617733 200816982 1 1 1 59 58
60 6019675 752244 12333 12264 12264 67535645 201517202 1 1 1 60 59
61 6118339 764577 12333 12264 12264 67256402 200793021 1 1 1 61 60
62 6217003 776910 12333 12264 12264 67502656 201954117 1 1 1 62 61
63 6315667 789243 12333 12264 12264 67617765 200653027 1 1 1 63 62
64 6414331 801576 12333 12264 12264 67420570 202996282 1 1 1 64 63
65 6512995 813909 12333 12264 12264 67420537 200791768 1 1 1 65 64
66 6611659 826242 12333 12264 12264 67387682 201706774 1 1 1 66 65
67 6710323 838575 12333 12264 12264 67289353 200778071 1 1 1 67 66
68 6808987 850908 12333 12264 12264 67404100 202855029 1 1 1 68 67
69 6907651 863241 12333 12264 12264 67371345 200770135 1 1 1 69 68
70 7006315 875574 12333 12264 12264 67568464 202386410 1 1 1 70 69
71 7104979 887907 12333 12264 12264 67272840 200754556 1 1 1 71 70
72 7203643 900240 12333 12264 12264 67420621 202425375 1 1 1 72 71
73 7302307 912573 12333 12264 12264 67289225 200783696 1 1 1 73 72
74 7400971 924906 12333 12264 12264 67502720 201826702 1 1 1 74 73
75 7499635 937239 12333 12264 12264 67634432 200654154 1 1 1 75 74
76 7598299 949572 12333 12264 12264 67387682 202182421 1 1 1 76 75
77 7696963 961905 12333 12264 12264 67716442 200802249 1 1 1 77 76
78 7795627 974238 12333 12264 12264 67584890 202085590 1 1 1 78 77
79 7894291 986571 12333 12264 12264 67420546 200811573 1 1 1 79 78
80 7992955 998904 12333 12264 12264 67387802 201691590 1 1 1 80 79
81 8091619 1011237 12333 12264 12264 67568500 200670486 1 1 1 81 80
82 8190283 1023570 12333 12264 12264 67256405 201972179 1 1 1 82 81
83 8288947 1035903 12333 12264 12264 67371313 200831543 1 1 1 83 82
84 8387611 1048236 12333 12264 12264 67683610 202257710 1 1 1 84 83
85 8486275 1060569 12333 12264 12264 67371588 200677176 1 1 1 85 84
86 8584939 1072902 12333 12264 12264 67387706 201852532 1 1 1 86 85
87 8683603 1085235 12333 12264 12264 67371300 200815556 1 1 1 87 86
88 8782267 1097568 12333 12264 12264 67650641 201427623 1 1 1 88 87
89 8880931 1109901 12333 12264 12264 67404125 200809277 1 1 1 89 88
90 8979595 1122234 12333 12264 12264 67568401 202843549 1 1 1 90 89
91 9078259 1134567 12333 12264 12264 67256417 200674786 1 1 1 91 90
92 9176923 1146900 12333 12264 12264 67404100 201291474 1 1 1 92 91
93 9275587 1159233 12333 12264 12264 67568436 200802547 1 1 1 93 92
94 9374251 1171566 12333 12264 12264 67519114 202000349 1 1 1 94 93
95 9472915 1183899 12333 12264 12264 67289218 200778177 1 1 1 95 94
96 9571579 1196232 12333 12264 12264 67420570 201647237 1 1 1 96 95
97 9670243 1208565 12333 12264 12264 67387706 200648703 1 1 1 97 96
98 9768907 1220898 12333 12264 12264 67387762 202009179 1 1 1 98 97
99 9867571 1233231 12333 12264 12264 67338485 200630080 1 1 1 99 98
100 9966235 1245564 12333 12264 12264 67650626 202445277 1 1 1 100 99
101 10064899 1257897 12333 12264 12264 67552025 200654367 1 1 1 101 100
102 10163563 1270230 12333 12264 12264 67256465 201255386 1 1 1 102 101
103 10262227 1282563 12333 12264 12264 67420530 200778756 1 1 1 103 102
104 10360891 1294896 12333 12264 12264 67601453 201668606 1 1 1 104 103
105 10459555 1307229 12333 12264 12264 67371364 200786510 1 1 1 105 104
106 10558219 1319562 12333 12264 12264 67387682 201769426 1 1 1 106 105
107 10656883 1331895 12333 12264 12264 67354853 200665269 1 1 1 107 106
108 10755547 1344228 12333 12264 12264 67650626 202647697 1 1 1 108 107
109 10854211 1356561 12333 12264 12264 67601300 200815671 1 1 1 109 108
110 10952875 1368894 12333 12264 12264 67535624 202464600 1 1 1 110 109
111 11051539 1381227 12333 12264 12264 67436945 200823592 1 1 1 111 110
112 11150203 1393560 12333 12264 12264 67568521 201895941 1 1 1 112 111
113 11248867 1405893 12333 12264 12264 67519138 200805060 1 1 1 113 112
114 11347531 1418226 12333 12264 12264 67469992 201018728 1 1 1 114 113
115 11446195 1430559 12333 12264 12264 67404104 200823840 1 1 1 115 114
116 11544859 1442892 12333 12264 12264 67552025 201216296 1 1 1 116 115
117 11643523 1455225 12333 12264 12264 67305632 200827958 1 1 1 117 116
118 11742187 1467558 12333 12264 12264 67568401 202867195 1 1 1 118 117
119 11840851 1479891 12333 12264 12264 67437025 200830605 1 1 1 119 118
120 11939515 1492224 12333 12264 12264 67650706 201452955 1 1 1 120 119
121 12038179 1504557 12333 12264 12264 67667076 200668828 2 2 1 121 120
122 12136843 1516890 12333 12264 12264 67256405 203044414 1 1 1 122 121
123 12235507 1529223 12333 12264 12264 67387762 200801247 1 1 1 123 122
124 12334171 1541556 12333 12264 12264 67699984 202178746 1 1 1 124 123
125 12432835 1553889 12333 12264 12264 67305620 200818532 1 1 1 125 124
126 12531499 1566222 12333 12264 12264 67568401 203058109 1 1 1 126 125
127 12630163 1578555 12333 12264 12264 67420537 200777040 1 1 1 127 126
128 12728827 1590888 12333 12264 12264 67584985 201887726 1 1 1 128 127
129 12827491 1603221 12333 12264 12264 67469800 200783772 1 1 1 129 128
130 12926155 1615554 12333 12264 12264 68029604 201619676 1 1 1 130 129
131 13024819 1627887 12333 12264 12264 67256450 200789095 1 1 1 131 130
132 13123483 1640220 12333 12264 12264 67634212 203062543 1 1 1 132 131
133 13222147 1652553 12333 12264 12264 67486229 200633326 1 1 1 133 132
134 13320811 1664886 12333 12264 12264 67338452 201868484 1 1 1 134 133
135 13419475 1677219 12333 12264 12264 67289258 200774492 1 1 1 135 134
136 13518139 1689552 12333 12264 12264 67535720 203675463 1 1 1 136 135
137 13616803 1701885 12333 12264 12264 67436953 200779655 1 1 1 137 136
138 13715467 1714218 12333 12264 12264 67436980 201769970 1 1 1 138 137
139 13814131 1726551 12333 12264 12264 67256426 200820870 1 1 1 139 138
140 13912795 1738884 12333 12264 12264 67502692 202757095 1 1 1 140 139
141 14011459 1751217 12333 12264 12264 67404221 200810429 1 1 1 141 140
142 14110123 1763550 12333 12264 12264 67469965 202879729 1 1 1 142 141
143 14208787 1775883 12333 12264 12264 67436944 200831744 1 1 1 143 142
144 14307451 1788216 12333 12264 12264 67568596 202436794 1 1 1 144 143
145 14406115 1800549 12333 12264 12264 67749370 200696965 1 1 1 145 144
146 14504779 1812882 12333 12264 12264 67404100 202069784 1 1 1 146 145
147 14603443 1825215 12333 12264 12264 67436960 200798331 1 1 1 147 146
148 14702107 1837548 12333 12264 12264 67420585 202548243 1 1 1 148 147
149 14800771 1849881 12333 12264 12264 68128685 200682472 1 1 1 149 148
150 14899435 1862214 12333 12264 12264 67469877 202348489 1 1 1 150 149
151 14998099 1874547 12333 12264 12264 67240121 200827546 1 1 1 151 150
152 15096763 1886880 12333 12264 12264 67387717 201770260 1 1 1 152 151
153 15195427 1899213 12333 12264 12264 67371300 200813129 1 1 1 153 152
154 15294091 1911546 12333 12264 12264 67683530 201900472 1 1 1 154 153
155 15392755 1923879 12333 12264 12264 67305665 200789355 1 1 1 155 154
156 15491419 1936212 12333 12264 12264 67535624 202721906 1 1 1 156 155
157 15590083 1948545 12333 12264 12264 67502656 200787583 1 1 1 157 156
158 15688747 1960878 12333 12264 12264 67305617 202230330 1 1 1 158 157
159 15787411 1973211 12333 12264 12264 67930600 200639560 1 1 1 159 158
160 15886075 1985544 12333 12264 12264 67207213 201597889 1 1 1 160 159
161 15984739 1997877 12333 12264 12264 67420525 200782293 1 1 1 161 160
162 16083403 2010210 12333 12264 12264 67436948 202348393 1 1 1 162 161
163 16182067 2022543 12333 12264 12264 67305632 200779910 1 1 1 163 162
164 16280731 2034876 12333 12264 12264 67568596 202943756 1 1 1 164 163
165 16379395 2047209 12333 12264 12264 67305641 200761276 1 1 1 165 164
166 16478059 2059542 12333 12264 12264 67683698 203076716 1 1 1 166 165
167 16576723 2071875 12333 12264 12264 67436945 200795824 1 1 1 167 166
168 16675387 2084208 12333 12264 12264 67683629 201968124 1 1 1 168 167
169 16774051 2096541 12333 12264 12264 67354930 200795601 1 1 1 169 168
170 16872715 2108874 12333 12264 12264 67634297 201838049 1 1 1 170 169
171 16971379 2121207 12333 12264 12264 67272868 200813127 1 1 1 171 170
172 17070043 2133540 12333 12264 12264 67387681 203129929 1 1 1 172 171
173 17168707 2145873 12333 12264 12264 67338461 200674539 1 1 1 173 172
174 17267371 2158206 12333 12264 12264 67683529 202090529 1 1 1 174 173
175 17366035 2170539 12333 12264 12264 67338661 200826196 1 1 1 175 174
176 17464699 2182872 12333 12264 12264 67387717 202314648 1 1 1 176 175
177 17563363 2195205 12333 12264 12264 67272925 200827718 1 1 1 177 176
178 17662027 2207538 12333 12264 12264 67519138 201561951 1 1 1 178 177
179 17760691 2219871 12333 12264 12264 67404109 200843850 1 1 1 179 178
180 17859355 2232204 12333 12264 12264 67436993 202205869 1 1 1 180 179
181 17958019 2244537 12333 12264 12264 67930733 200827784 1 1 1 181 180
182 18056683 2256870 12333 12264 12264 67831796 202675160 1 1 1 182 181
183 18155347 2269203 12333 12264 12264 67354874 200683389 1 1 1 183 182
184 18254011 2281536 12333 12264 12264 67650689 203313565 1 1 1 184 183
185 18352675 2293869 12333 12264 12264 67453385 200803810 1 1 1 185 184
186 18451339 2306202 12333 12264 12264 67535693 201412086 1 1 1 186 185
187 18550003 2318535 12333 12264 12264 67453538 200794316 1 1 1 187 186
188 18648667 2330868 12333 12264 12264 67535813 201627727 1 1 1 188 187
189 18747331 2343201 12333 12264 12264 67273380 200646873 1 1 1 189 188
190 18845995 2355534 12333 12264 12264 67371264 203062894 1 1 1 190 189
191 18944659 2367867 12333 12264 12264 67420570 200813040 1 1 1 191 190
192 19043323 2380200 12333 12264 12264 67683545 201919271 1 1 1 192 191
193 19141987 2392533 12333 12264 12264 67371280 200787667 1 1 1 193 192
194 19240651 2404866 12333 12264 12264 67404296 201932549 1 1 1 194 193
195 19339315 2417199 12333 12264 12264 67354865 200750664 1 1 1 195 194
196 19437979 2429532 12333 12264 12264 67387685 202576695 1 1 1 196 195
197 19536643 2441865 12333 12264 12264 67453418 200787401 1 1 1 197 196
198 19635307 2454198 12333 12264 12264 67420746 201777665 1 1 1 198 197
199 19733971 2466531 12333 12264 12264 67371265 200644805 1 1 1 199 198
200 19832635 2478864 12333 12264 12264 67420585 202373984 1 1 1 200 199
201 19931299 2491197 12333 12264 12264 67404244 200795716 1 1 1 201 200
202 20029963 2503530 12333 12264 12264 67568416 202810507 1 1 1 202 201
203 20128627 2515863 12333 12264 12264 67469812 200787711 1 1 1 203 202
204 20227291 2528196 12333 12264 12264 68046197 201761462 1 1 1 204 203
205 20325955 2540529 12333 12264 12264 67322029 200826645 1 1 1 205 204
206 20424619 2552862 12333 12264 12264 67535645 202956655 1 1 1 206 205
207 20523283 2565195 12333 12264 12264 67782305 200683572 1 1 1 207 206
208 20621947 2577528 12333 12264 12264 67305620 202589283 1 1 1 208 207
209 20720611 2589861 12333 12264 12264 67420746 200834513 1 1 1 209 208
210 20819275 2602194 12333 12264 12264 67683529 201819616 1 1 1 210 209
211 20917939 2614527 12333 12264 12264 67486261 200683538 1 1 1 211 210
212 21016603 2626860 12333 12264 12264 67256410 201525916 1 1 1 212 211
213 21115267 2639193 12333 12264 12264 67338440 200805320 1 1 1 213 212
214 21213931 2651526 12333 12264 12264 67486226 201265075 1 1 1 214 213
215 21312595 2663859 12333 12264 12264 67272808 200825135 1 1 1 215 214
216 21411259 2676192 12333 12264 12264 67519125 202409031 1 1 1 216 215
217 21509923 2688525 12333 12264 12264 67650629 200819618 1 1 1 217 216
218 21608587 2700858 12333 12264 12264 67420717 202712343 1 1 1 218 217
219 21707251 2713191 12333 12264 12264 67289213 200801171 1 1 1 219 218
220 21805915 2725524 12333 12264 12264 67420585 201685985 1 1 1 220 219
221 21904579 2737857 12333 12264 12264 67322050 200812980 1 1 1 221 220
222 22003243 2750190 12333 12264 12264 67519098 202833654 1 1 1 222 221
223 22101907 2762523 12333 12264 12264 67519170 200631920 1 1 1 223 222
224 22200571 2774856 12333 12264 12264 67420522 202251791 1 1 1 224 223
225 22299235 2787189 12333 12264 12264 67354858 200650293 1 1 1 225 224
226 22397899 2799522 12333 12264 12264 67650629 202027004 1 1 1 226 225
227 22496563 2811855 12333 12264 12264 67273060 200768937 1 1 1 227 226
228 22595227 2824188 12333 12264 12264 67502800 202088398 1 1 1 228 227
229 22693891 2836521 12333 12264 12264 67387745 200777206 1 1 1 229 228
230 22792555 2848854 12333 12264 12264 67568481 202489839 1 1 1 230 229
231 22891219 2861187 12333 12264 12264 67404125 200780956 1 1 1 231 230
232 22989883 2873520 12333 12264 12264 67683578 202012309 1 1 1 232 231
233 23088547 2885853 12333 12264 12264 67322061 200794291 1 1 1 233 232
234 23187211 2898186 12333 12264 12264 67387685 203020478 1 1 1 234 233
235 23285875 2910519 12333 12264 12264 67256450 200819836 1 1 1 235 234
236 23384539 2922852 12333 12264 12264 67502737 201782449 1 1 1 236 235
237 23483203 2935185 12333 12264 12264 67322074 200666209 1 1 1 237 236
238 23581867 2947518 12333 12264 12264 67667101 202609911 1 1 1 238 237
239 23680531 2959851 12333 12264 12264 67420585 200817552 1 1 1 239 238
240 23779195 2972184 12333 12264 12264 67436960 201729865 1 1 1 240 239
241 23877859 2984517 12333 12264 12264 67437088 200822566 1 1 1 241 240
242 23976523 2996850 12333 12264 12264 67568464 202292377 1 1 1 242 241
243 24075187 3009183 12333 12264 12264 67322509 200685157 1 1 1 243 242
244 24173851 3021516 12333 12264 12264 67683538 202715004 1 1 1 244 243
245 24272515 3033849 12333 12264 12264 67420522 200815608 2 2 1 245 244
246 24371179 3046182 12333 12264 12264 67552025 201921501 1 1 1 246 245
247 24469843 3058515 12333 12264 12264 67420585 200796937 1 1 1 247 246
248 24568507 3070848 12333 12264 12264 67387690 202346163 1 1 1 248 247
249 24667171 3083181 12333 12264 12264 67519345 200678082 1 1 1 249 248
250 24765835 3095514 12333 12264 12264 67256501 201477615 1 1 1 250 249
251 24864499 3107847 12333 12264 12264 67272904 200787554 1 1 1 251 250
252 24963163 3120180 12333 12264 12264 67650706 202540609 1 1 1 252 251
253 25061827 3132513 12333 12264 12264 67798757 200651541 1 1 1 253 252
254 25160491 3144846 12333 12264 12264 67387685 204190426 1 1 1 254 253
255 25259155 3157179 12333 12264 12264 67469896 200648795 1 1 1 255 254
256 25357819 3169512 12333 12264 12264 67371265 201781509 1 1 1 256 255
