# rxframe clk nbytes ok allzero seq hdr16
1 296542 1528 0 1 0 00000000000000000000000000000000
2 394910 1528 0 1 0 00000000000000000000000000000000
3 493486 1528 0 1 0 00000000000000000000000000000000
4 592150 1528 1 0 1 514bec0501000000214e4754383ffffa
5 690814 1528 0 1 0 00000000000000000000000000000000
6 789478 1528 1 0 2 514bec0502000000214e47545b3cb8b3
7 888142 1528 0 1 0 00000000000000000000000000000000
8 986806 1528 1 0 3 514bec0503000000214e47547a3d7dfc
9 1085470 1528 0 1 0 00000000000000000000000000000000
10 1184134 1528 1 0 4 514bec0504000000214e47549d3a3eb9
11 1282798 1528 0 1 0 00000000000000000000000000000000
12 1381462 1528 1 0 5 514bec0505000000214e4754bc3bfbf6
13 1480126 1528 0 1 0 00000000000000000000000000000000
14 1578790 1528 1 0 6 514bec0506000000214e4754df38bcbf
15 1677454 1528 0 1 0 00000000000000000000000000000000
16 1776118 1528 1 0 7 514bec0507000000214e4754fe3979f0
17 1874782 1528 0 1 0 00000000000000000000000000000000
18 1973446 1528 1 0 8 514bec0508000000214e4754113613cf
19 2072110 1528 0 1 0 00000000000000000000000000000000
20 2170774 1528 1 0 9 514bec0509000000214e47543037d680
21 2269438 1528 0 1 0 00000000000000000000000000000000
22 2368102 1528 1 0 10 514bec050a000000214e4754533491c9
23 2466766 1528 0 1 0 00000000000000000000000000000000
24 2565430 1528 1 0 11 514bec050b000000214e475472355486
25 2664094 1528 0 1 0 00000000000000000000000000000000
26 2762758 1528 1 0 12 514bec050c000000214e4754953217c3
27 2861422 1528 0 1 0 00000000000000000000000000000000
28 2960086 1528 1 0 13 514bec050d000000214e4754b433d28c
29 3058750 1528 0 1 0 00000000000000000000000000000000
30 3157414 1528 1 0 14 514bec050e000000214e4754d73095c5
31 3256078 1528 0 1 0 00000000000000000000000000000000
32 3354742 1528 1 0 15 514bec050f000000214e4754f631508a
33 3453406 1528 0 1 0 00000000000000000000000000000000
34 3552070 1528 1 0 16 514bec0510000000214e4754286dee6f
35 3650734 1528 0 1 0 00000000000000000000000000000000
36 3749398 1528 1 0 17 514bec0511000000214e4754096c2b20
37 3848062 1528 0 1 0 00000000000000000000000000000000
38 3946726 1528 1 0 18 514bec0512000000214e47546a6f6c69
39 4045390 1528 0 1 0 00000000000000000000000000000000
40 4144054 1528 1 0 19 514bec0513000000214e47544b6ea926
41 4242718 1528 0 1 0 00000000000000000000000000000000
42 4341382 1528 1 0 20 514bec0514000000214e4754ac69ea63
43 4440046 1528 0 1 0 00000000000000000000000000000000
44 4538710 1528 1 0 21 514bec0515000000214e47548d682f2c
45 4637374 1528 0 1 0 00000000000000000000000000000000
46 4736038 1528 1 0 22 514bec0516000000214e4754ee6b6865
47 4834702 1528 0 1 0 00000000000000000000000000000000
48 4933366 1528 1 0 23 514bec0517000000214e4754cf6aad2a
49 5032030 1528 0 1 0 00000000000000000000000000000000
50 5130694 1528 1 0 24 514bec0518000000214e47542065c715
51 5229358 1528 0 1 0 00000000000000000000000000000000
52 5328022 1528 1 0 25 514bec0519000000214e47540164025a
53 5426686 1528 0 1 0 00000000000000000000000000000000
54 5525350 1528 1 0 26 514bec051a000000214e475462674513
55 5624014 1528 0 1 0 00000000000000000000000000000000
56 5722678 1528 1 0 27 514bec051b000000214e47544366805c
57 5821342 1528 0 1 0 00000000000000000000000000000000
58 5920006 1528 1 0 28 514bec051c000000214e4754a461c319
59 6018670 1528 0 1 0 00000000000000000000000000000000
60 6117334 1528 1 0 29 514bec051d000000214e475485600656
61 6215998 1528 0 1 0 00000000000000000000000000000000
62 6314662 1528 1 0 30 514bec051e000000214e4754e663411f
63 6413326 1528 0 1 0 00000000000000000000000000000000
64 6511990 1528 1 0 31 514bec051f000000214e4754c7628450
65 6610654 1528 0 1 0 00000000000000000000000000000000
66 6709318 1528 1 0 32 514bec0520000000214e47547b989209
67 6807982 1528 0 1 0 00000000000000000000000000000000
68 6906646 1528 1 0 33 514bec0521000000214e47545a995746
69 7005310 1528 0 1 0 00000000000000000000000000000000
70 7103974 1528 1 0 34 514bec0522000000214e4754399a100f
71 7202638 1528 0 1 0 00000000000000000000000000000000
72 7301302 1528 1 0 35 514bec0523000000214e4754189bd540
73 7399966 1528 0 1 0 00000000000000000000000000000000
74 7498630 1528 1 0 36 514bec0524000000214e4754ff9c9605
75 7597294 1528 0 1 0 00000000000000000000000000000000
76 7695958 1528 1 0 37 514bec0525000000214e4754de9d534a
77 7794622 1528 0 1 0 00000000000000000000000000000000
78 7893286 1528 1 0 38 514bec0526000000214e4754bd9e1403
79 7991950 1528 0 1 0 00000000000000000000000000000000
80 8090614 1528 1 0 39 514bec0527000000214e47549c9fd14c
81 8189278 1528 0 1 0 00000000000000000000000000000000
82 8287942 1528 1 0 40 514bec0528000000214e47547390bb73
83 8386606 1528 0 1 0 00000000000000000000000000000000
84 8485270 1528 1 0 41 514bec0529000000214e475452917e3c
85 8583934 1528 0 1 0 00000000000000000000000000000000
86 8682598 1528 1 0 42 514bec052a000000214e475431923975
87 8781262 1528 0 1 0 00000000000000000000000000000000
88 8879926 1528 1 0 43 514bec052b000000214e47541093fc3a
89 8978590 1528 0 1 0 00000000000000000000000000000000
90 9077254 1528 1 0 44 514bec052c000000214e4754f794bf7f
91 9175918 1528 0 1 0 00000000000000000000000000000000
92 9274582 1528 1 0 45 514bec052d000000214e4754d6957a30
93 9373246 1528 0 1 0 00000000000000000000000000000000
94 9471910 1528 1 0 46 514bec052e000000214e4754b5963d79
95 9570574 1528 0 1 0 00000000000000000000000000000000
96 9669238 1528 1 0 47 514bec052f000000214e47549497f836
97 9767902 1528 0 1 0 00000000000000000000000000000000
98 9866566 1528 1 0 48 514bec0530000000214e47544acb46d3
99 9965230 1528 0 1 0 00000000000000000000000000000000
100 10063894 1528 1 0 49 514bec0531000000214e47546bca839c
101 10162558 1528 0 1 0 00000000000000000000000000000000
102 10261222 1528 1 0 50 514bec0532000000214e475408c9c4d5
103 10359886 1528 0 1 0 00000000000000000000000000000000
104 10458550 1528 1 0 51 514bec0533000000214e475429c8019a
105 10557214 1528 0 1 0 00000000000000000000000000000000
106 10655878 1528 1 0 52 514bec0534000000214e4754cecf42df
107 10754542 1528 0 1 0 00000000000000000000000000000000
108 10853206 1528 1 0 53 514bec0535000000214e4754efce8790
109 10951870 1528 0 1 0 00000000000000000000000000000000
110 11050534 1528 1 0 54 514bec0536000000214e47548ccdc0d9
111 11149198 1528 0 1 0 00000000000000000000000000000000
112 11247862 1528 1 0 55 514bec0537000000214e4754adcc0596
113 11346526 1528 0 1 0 00000000000000000000000000000000
114 11445190 1528 1 0 56 514bec0538000000214e475442c36fa9
115 11543854 1528 0 1 0 00000000000000000000000000000000
116 11642518 1528 1 0 57 514bec0539000000214e475463c2aae6
117 11741182 1528 0 1 0 00000000000000000000000000000000
118 11839846 1528 1 0 58 514bec053a000000214e475400c1edaf
119 11938510 1528 0 1 0 00000000000000000000000000000000
120 12037174 1528 1 0 59 514bec053b000000214e475421c028e0
121 12135838 1528 0 1 0 00000000000000000000000000000000
122 12234502 1528 1 0 60 514bec053c000000214e4754c6c76ba5
123 12333166 1528 0 1 0 00000000000000000000000000000000
124 12431830 1528 1 0 61 514bec053d000000214e4754e7c6aeea
125 12530494 1528 0 1 0 00000000000000000000000000000000
126 12629158 1528 1 0 62 514bec053e000000214e475484c5e9a3
127 12727822 1528 0 1 0 00000000000000000000000000000000
128 12826486 1528 1 0 63 514bec053f000000214e4754a5c42cec
129 12925150 1528 0 1 0 00000000000000000000000000000000
130 13023814 1528 1 0 64 514bec0540000000214e4754dd72627c
131 13122478 1528 0 1 0 00000000000000000000000000000000
132 13221142 1528 1 0 65 514bec0541000000214e4754fc73a733
133 13319806 1528 0 1 0 00000000000000000000000000000000
134 13418470 1528 1 0 66 514bec0542000000214e47549f70e07a
135 13517134 1528 0 1 0 00000000000000000000000000000000
136 13615798 1528 1 0 67 514bec0543000000214e4754be712535
137 13714462 1528 0 1 0 00000000000000000000000000000000
138 13813126 1528 1 0 68 514bec0544000000214e475459766670
139 13911790 1528 0 1 0 00000000000000000000000000000000
140 14010454 1528 1 0 69 514bec0545000000214e47547877a33f
141 14109118 1528 0 1 0 00000000000000000000000000000000
142 14207782 1528 1 0 70 514bec0546000000214e47541b74e476
143 14306446 1528 0 1 0 00000000000000000000000000000000
144 14405110 1528 1 0 71 514bec0547000000214e47543a752139
145 14503774 1528 0 1 0 00000000000000000000000000000000
146 14602438 1528 1 0 72 514bec0548000000214e4754d57a4b06
147 14701102 1528 0 1 0 00000000000000000000000000000000
148 14799766 1528 1 0 73 514bec0549000000214e4754f47b8e49
149 14898430 1528 0 1 0 00000000000000000000000000000000
150 14997094 1528 1 0 74 514bec054a000000214e47549778c900
151 15095758 1528 0 1 0 00000000000000000000000000000000
152 15194422 1528 1 0 75 514bec054b000000214e4754b6790c4f
153 15293086 1528 0 1 0 00000000000000000000000000000000
154 15391750 1528 1 0 76 514bec054c000000214e4754517e4f0a
155 15490414 1528 0 1 0 00000000000000000000000000000000
156 15589078 1528 1 0 77 514bec054d000000214e4754707f8a45
157 15687742 1528 0 1 0 00000000000000000000000000000000
158 15786406 1528 1 0 78 514bec054e000000214e4754137ccd0c
159 15885070 1528 0 1 0 00000000000000000000000000000000
160 15983734 1528 1 0 79 514bec054f000000214e4754327d0843
161 16082398 1528 0 1 0 00000000000000000000000000000000
162 16181062 1528 1 0 80 514bec0550000000214e4754ec21b6a6
163 16279726 1528 0 1 0 00000000000000000000000000000000
164 16378390 1528 1 0 81 514bec0551000000214e4754cd2073e9
165 16477054 1528 0 1 0 00000000000000000000000000000000
166 16575718 1528 1 0 82 514bec0552000000214e4754ae2334a0
167 16674382 1528 0 1 0 00000000000000000000000000000000
168 16773046 1528 1 0 83 514bec0553000000214e47548f22f1ef
169 16871710 1528 0 1 0 00000000000000000000000000000000
170 16970374 1528 1 0 84 514bec0554000000214e47546825b2aa
171 17069038 1528 0 1 0 00000000000000000000000000000000
172 17167702 1528 1 0 85 514bec0555000000214e4754492477e5
173 17266366 1528 0 1 0 00000000000000000000000000000000
174 17365030 1528 1 0 86 514bec0556000000214e47542a2730ac
175 17463694 1528 0 1 0 00000000000000000000000000000000
176 17562358 1528 1 0 87 514bec0557000000214e47540b26f5e3
177 17661022 1528 0 1 0 00000000000000000000000000000000
178 17759686 1528 1 0 88 514bec0558000000214e4754e4299fdc
179 17858350 1528 0 1 0 00000000000000000000000000000000
180 17957014 1528 1 0 89 514bec0559000000214e4754c5285a93
181 18055678 1528 0 1 0 00000000000000000000000000000000
182 18154342 1528 1 0 90 514bec055a000000214e4754a62b1dda
183 18253006 1528 0 1 0 00000000000000000000000000000000
184 18351670 1528 1 0 91 514bec055b000000214e4754872ad895
185 18450334 1528 0 1 0 00000000000000000000000000000000
186 18548998 1528 1 0 92 514bec055c000000214e4754602d9bd0
187 18647662 1528 0 1 0 00000000000000000000000000000000
188 18746326 1528 1 0 93 514bec055d000000214e4754412c5e9f
189 18844990 1528 0 1 0 00000000000000000000000000000000
190 18943654 1528 1 0 94 514bec055e000000214e4754222f19d6
191 19042318 1528 0 1 0 00000000000000000000000000000000
192 19140982 1528 1 0 95 514bec055f000000214e4754032edc99
193 19239646 1528 0 1 0 00000000000000000000000000000000
194 19338310 1528 1 0 96 514bec0560000000214e4754bfd4cac0
195 19436974 1528 0 1 0 00000000000000000000000000000000
196 19535638 1528 1 0 97 514bec0561000000214e47549ed50f8f
197 19634302 1528 0 1 0 00000000000000000000000000000000
198 19732966 1528 1 0 98 514bec0562000000214e4754fdd648c6
199 19831630 1528 0 1 0 00000000000000000000000000000000
200 19930294 1528 1 0 99 514bec0563000000214e4754dcd78d89
201 20028958 1528 0 1 0 00000000000000000000000000000000
202 20127622 1528 1 0 100 514bec0564000000214e47543bd0cecc
203 20226286 1528 0 1 0 00000000000000000000000000000000
204 20324950 1528 1 0 101 514bec0565000000214e47541ad10b83
205 20423614 1528 0 1 0 00000000000000000000000000000000
206 20522278 1528 1 0 102 514bec0566000000214e475479d24cca
207 20620942 1528 0 1 0 00000000000000000000000000000000
208 20719606 1528 1 0 103 514bec0567000000214e475458d38985
209 20818270 1528 0 1 0 00000000000000000000000000000000
210 20916934 1528 1 0 104 514bec0568000000214e4754b7dce3ba
211 21015598 1528 0 1 0 00000000000000000000000000000000
212 21114262 1528 1 0 105 514bec0569000000214e475496dd26f5
213 21212926 1528 0 1 0 00000000000000000000000000000000
214 21311590 1528 1 0 106 514bec056a000000214e4754f5de61bc
215 21410254 1528 0 1 0 00000000000000000000000000000000
216 21508918 1528 1 0 107 514bec056b000000214e4754d4dfa4f3
217 21607582 1528 0 1 0 00000000000000000000000000000000
218 21706246 1528 1 0 108 514bec056c000000214e475433d8e7b6
219 21804910 1528 0 1 0 00000000000000000000000000000000
220 21903574 1528 1 0 109 514bec056d000000214e475412d922f9
221 22002238 1528 0 1 0 00000000000000000000000000000000
222 22100902 1528 1 0 110 514bec056e000000214e475471da65b0
223 22199566 1528 0 1 0 00000000000000000000000000000000
224 22298230 1528 1 0 111 514bec056f000000214e475450dba0ff
225 22396894 1528 0 1 0 00000000000000000000000000000000
226 22495558 1528 1 0 112 514bec0570000000214e47548e871e1a
227 22594222 1528 0 1 0 00000000000000000000000000000000
228 22692886 1528 1 0 113 514bec0571000000214e4754af86db55
229 22791550 1528 0 1 0 00000000000000000000000000000000
230 22890214 1528 1 0 114 514bec0572000000214e4754cc859c1c
231 22988878 1528 0 1 0 00000000000000000000000000000000
232 23087542 1528 1 0 115 514bec0573000000214e4754ed845953
233 23186206 1528 0 1 0 00000000000000000000000000000000
234 23284870 1528 1 0 116 514bec0574000000214e47540a831a16
235 23383534 1528 0 1 0 00000000000000000000000000000000
236 23482198 1528 1 0 117 514bec0575000000214e47542b82df59
237 23580862 1528 0 1 0 00000000000000000000000000000000
238 23679526 1528 1 0 118 514bec0576000000214e475448819810
239 23778190 1528 0 1 0 00000000000000000000000000000000
240 23876854 1528 1 0 119 514bec0577000000214e475469805d5f
241 23975518 1528 0 1 0 00000000000000000000000000000000
242 24074182 1528 1 0 120 514bec0578000000214e4754868f3760
243 24172846 1528 0 1 0 00000000000000000000000000000000
244 24271510 1528 1 0 121 514bec0579000000214e4754a78ef22f
245 24370174 1528 0 1 0 00000000000000000000000000000000
246 24468838 1528 1 0 122 514bec057a000000214e4754c48db566
247 24567502 1528 0 1 0 00000000000000000000000000000000
248 24666166 1528 1 0 123 514bec057b000000214e4754e58c7029
249 24764830 1528 0 1 0 00000000000000000000000000000000
250 24863494 1528 1 0 124 514bec057c000000214e4754028b336c
251 24962158 1528 0 1 0 00000000000000000000000000000000
252 25060822 1528 1 0 125 514bec057d000000214e4754238af623
253 25159486 1528 0 1 0 00000000000000000000000000000000
254 25258150 1528 1 0 126 514bec057e000000214e47544089b16a
255 25356814 1528 0 1 0 00000000000000000000000000000000
256 25455478 1528 1 0 127 514bec057f000000214e475461887425
257 25554142 1528 0 1 0 00000000000000000000000000000000
258 25652806 1528 1 0 128 514bec0580000000214e475491a68a27
259 25751470 1528 0 1 0 00000000000000000000000000000000
260 25850134 1528 1 0 129 514bec0581000000214e4754b0a74f68
261 25948798 1528 0 1 0 00000000000000000000000000000000
262 26047462 1528 1 0 130 514bec0582000000214e4754d3a40821
263 26146126 1528 0 1 0 00000000000000000000000000000000
264 26244790 1528 1 0 131 514bec0583000000214e4754f2a5cd6e
265 26343454 1528 0 1 0 00000000000000000000000000000000
266 26442118 1528 1 0 132 514bec0584000000214e475415a28e2b
267 26540782 1528 0 1 0 00000000000000000000000000000000
268 26639446 1528 1 0 133 514bec0585000000214e475434a34b64
269 26794614 2400 0 0 0 00000000000000000000000000000000
270 26935438 1528 0 0 2378551650 7873130e62d1c58d4328dee513ffc472
271 27034102 1528 1 0 135 514bec0587000000214e475476a1c962
272 27132766 1528 0 1 0 00000000000000000000000000000000
