# rxframe clk nbytes ok allzero seq hdr16
1 296542 1528 0 1 0 00000000000000000000000000000000
2 592798 1528 0 1 0 00000000000000000000000000000000
3 748694 1528 0 0 2416345166 0b9006a44e80069006a5c0186ae5c350
4 1171886 1528 0 0 1907217488 60f1ba7c50d4ad71d3050fce14ba956b
5 1334638 1528 0 0 2621341914 7cc48b5cda803e9c5a38e4afac00f79a
6 1533294 1528 0 0 2338697785 191428b939b2658ba011b2256078e55a
7 1740542 2288 0 0 221902603 0daf2b460bf7390d1d26b2e21100a665
8 1912942 1528 0 0 131722470 2aecd8ece6ecd907eca1d1ec61aadbb3
9 2089446 1936 0 0 3471185513 440b58d66916e6ce8e17d614f8f5ad45
10 2509046 2944 0 0 3337269514 692c73700ab1eac6ad221469aaf5f5e3
11 2772046 3336 0 0 3357707544 1ae5dc6b188d22c82a7c80e671172f71
12 2941966 1528 0 0 695657611 181965c18be4762987b965d365d960e4
13 3364910 3432 0 0 1816276827 3014ec0c5b2f426c7649c61476f68221
14 3673006 3032 0 0 3385202058 6d52457e8a15c6c9c51d3d4958e7f381
15 3950814 1528 0 0 2608061754 2c6a21783add739bea0aa19b8d68f25d
16 4082422 1528 0 0 758452595 640b9a4d7311352d2f3e5e0b85711a57
17 4393934 1528 0 0 2513402664 367de53c287bcf9572e2016ab2e6325a
18 4654478 1528 0 0 2546806444 2d8d88f7ac2ecd974f5acfcececb2c30
19 4785518 1528 0 0 3863327820 2e7f9e414cb445e695f8dbc705d1cf13
20 4995406 1528 0 0 890012847 634e12e5af840c35cfe5aecfebc00000
21 5148614 1528 0 0 2496040751 001a2f9a2f8fc69472397c1c95d35ed2
22 5504694 4040 0 0 1801620806 0a98b518468d626b15b1575c7b03e371
23 5751710 2664 0 0 1615416227 4416501da34b496052caf0a3ad64f8f2
24 6010094 2520 0 0 448436334 35d468256e98ba1a0dd4018997e6e688
25 6321654 3696 0 0 3517148906 46a1c411ea6ea3d12b00b75c975a002f
26 6867526 5112 0 0 2955304333 170e23ef8d5d26b0110a624cd7a16814
27 7036190 1528 0 0 2540959429 6b48add1c5f6739737d2368045d2688d
28 7235142 1800 0 0 58197463 7369b8ccd70578037016a490940186e7
29 7631510 3512 0 0 1845494012 144ac89afc00006e71b237aabb1c57d4
30 8141654 5744 0 0 2902497390 001d2e496e9800adcd760ea68b193980
31 8416158 2336 0 0 3088580736 173c7f37800018b8d69af18e0a05ebdc
32 8650830 1856 0 0 2777782203 0a6b56babb9791a5701535d162972df5
33 8932750 2952 0 0 2534382325 04d18d15f59a0f978c35e2e66bcbe5d1
34 9072238 1528 0 0 898356920 18d4c52ab8d68b35c74d25ab9e268b88
35 9646166 4648 0 0 2289633634 2b594d1762097988d1000d129aab8df7
36 9811606 1528 0 0 2631400474 00605fc01afcd79c9c2d2f946a3fb706
37 10435902 4904 0 0 2022712075 1b9135c80b239078f1ae9001635a0add
38 10643142 1528 0 0 848691348 6b38d35694009632b69be734fd8001f3
39 10804974 1584 0 0 8435761 44228da231b8800037d1a395fc0860a3
40 11074126 1528 0 0 4027764989 1d1bcdc5fdd012f04f169624e02776b5
41 11250774 1528 0 0 2365640555 348a35a66bcf008d907a00a5f88928dc
42 11395222 1528 0 0 277858032 5e347962f0c68f10aef8f0c65e37d5bc
43 11582294 1528 0 0 3325482911 091792519fd736c688d1234b442f3f68
44 11972254 3768 0 0 1849476593 5f39c98bf1c53c6e01da53725bc7e50d
45 12167894 1528 0 0 4117826592 30da2fcc200c71f5cf80df2218fc697c
46 12377894 1528 0 0 1665678974 620d1a5f7e3e486337f4f5a756286462
47 12750990 4160 0 0 1725358986 0c0ae9e68ae3d666dc4bc66e9a2bc6ba
48 13043422 2528 0 0 2057080872 4f22000228909c7a0000979716f27182
49 13208350 1528 0 0 575737338 3840b245fa0d5122b73f948e5926bcc0
50 13421206 2320 0 0 4045061369 5c85c0e1f9bc1af1af2e4d6b2f5f1a5f
51 13558958 1528 0 0 4177953931 07ae59e88b8406f969a25a4ebeee5ae6
52 13779446 1528 0 0 2616759767 444449b8d795f89b5b6dda6bd53d00d3
53 13919094 1528 0 0 2091113325 3379587c6ddba37c1c0d7d7dc2eb4d26
54 14171510 2096 0 0 902060160 26a9ae6b8058c435f8e000004b8d05c0
55 14539070 2256 0 0 2469973041 01ac5e1a31cc389372bc5e9b5dde0d5c
56 14954070 1528 0 0 1159902569 4b1a06bc69b52245afaeafc8c688e669
57 15095454 1528 0 0 11835981 0dc0009a4d9ab4008d716bd11a1a45ae
58 15518878 3880 0 0 896664256 6e5fc588c002723548433462622d0e5f
59 15817582 1528 0 0 2756636303 6e11e74c8fee4ea44f196810fb0e9fc1
60 15975934 1528 0 0 1795189248 4bad5c00006a006ba06bc6c513f7c8be
61 16204446 2760 0 0 3991747585 7f30e570013cededc8d6f00cae4d8254
62 16388294 2152 0 0 26700813 0aac9f6d0d6c9701d27fbd6d1d6efc5e
63 16522382 1528 0 0 1806620510 006826b55ed7ae6bb66e0000349117ae
64 16715110 1528 0 0 4107068152 6a9bfbddf8e2ccf4a76c85eb566aea2f
65 16956054 2592 0 0 27430831 7e48d169af8fa201c0900d17ae540573
66 17301990 1528 0 0 2106903 03f595a5172620000168d328169af168
67 17528678 1528 0 0 3131468420 689e7e06846aa6bac62f98bcc46dde0d
68 17776638 2568 0 0 1693764473 4c820ae679cbf464012f342d4d95aa03
69 17995310 1528 0 0 733431410 4a340cd47246b72bfe301b2f0e9355b9
70 18160774 1528 0 0 875845602 2decb23ae2573434bd2e5ccae33fe1b6
71 18343398 1528 0 0 2370268918 028d88e2f66e478de206d6eafbb004a8
72 18476982 1528 0 0 2376994176 086bc062800dae8d2375cbcf3912eba6
73 18656342 2200 0 0 866272995 23c4b9b6e346a233ae723001792bfd63
74 18787102 1528 0 0 2988143987 5521ee4d73751bb228d7ae1e151b8888
75 18940830 1528 0 0 1196279926 0b67c2d976c84d47c10daacb113ad7b6
76 19087134 1528 0 0 2196846326 3a852209f636f18200b54d3e00b600dd
77 19327062 1528 0 0 794786485 28e26e4eb57a5f2f345f500000029e11
78 19660854 1720 0 0 2596484798 5ac036b6be36c39a35180aeb228d02d9
79 20065422 2960 0 0 3716111058 02e1a683d25a7fdd7a3b5e6a4d35ef30
80 20366014 2904 0 0 627975031 28ada8d177236e25f932bfbccda61868
81 20507758 1528 0 0 50392651 5352d2234bee00037e25c6f889a0235b
82 20842702 3504 0 0 115544372 2f0019153411e30685c468c370780000
83 21255094 2912 0 0 4271181720 00041a06980f95fe4671b542f37e07fc
84 21517710 2408 0 0 1538173606 27fa5f46a6aaae5bcd7dfa9af15b80db
85 21736758 2384 0 0 1335033230 49711c458efd924fe8098eebd66958de
86 22003646 3032 0 0 3500487086 0c6b2a35ae31a5d05d7eff8d4f8b96b9
87 22186750 1528 0 0 3426073141 04d4a8a635ba35cc8bcd5ba3e32cf5c4
88 22434030 2832 0 0 2194098525 69aaea635d49c78286ae5c00bafe505f
89 22643670 2112 0 0 115975529 224812c069a5e906315749189e6ff9b0
90 22902878 2192 0 0 2597017005 06a453faad55cb9ad112d183dc5cd1a6
91 23074254 1528 0 0 271964978 1114686c32db35100374be65cfabd11b
92 23269054 2304 0 0 1348411671 69b4241f17215f508b001a16202f47e8
93 23467574 1528 0 0 889100159 0239afa57f97fe348b1cd71c699fe374
94 23722662 2784 0 0 3005222963 3f22ee3e331020b3239b9eb31c85fa96
95 23867246 1528 0 0 4016018936 5c9c0f89f8955fefaa69a12f4778d714
96 24413774 3616 0 0 2310818336 37c2e416204abc8969726b85c4d5d371
97 24690294 2456 0 0 1151540468 4bc00e5ef41ca344b96bf55f3986b8e6
98 24852894 1528 0 0 3864191796 65f1d24a34e352e651338d4782cfe92a
99 25181118 3712 0 0 3899194043 3680047abbfa68e867d7bad4023e6dad
100 25554118 3368 0 0 6075601 0d6acd4ad1b45c000b9d8d7bf8be087a
101 25843262 2128 0 0 993660631 6bac5035d70e3a3b30187a69797c5e4b
102 26047230 1528 0 0 1442752889 551d699079a9fe55c4f334449b78ae49
103 26189646 1528 0 0 1607939442 2e27349b7235d75f347001702c2f2a70
104 26417062 1528 0 0 1723410046 7471c5bc7e26b966f889b845c1af966b
105 26558238 1528 0 0 183447401 62f8b5be692fef0aeb91afa4005d383f
106 26686982 1528 0 0 57263561 69ba5c45c9c569036c5917ae6001b852
107 26960990 1528 0 0 92280360 65a3201728168005c8d34006800695d2
108 27120166 1528 0 0 3223076958 04782f005e401cc0000d3185c0668d3c
109 27350558 1792 0 0 1929429077 00e34cd355c000734c811a11a435d2e4
110 27621630 1968 0 0 342416980 46312a2d54de68146006ad1b89812f9a
111 27855830 2168 0 0 1874646776 58b9a4b9f8d6bc6fe9d2a1f94dc17340
112 28160310 2352 0 0 1811114118 6bbe23e28668f36bc4e18b8c8b6bdd00
113 28550502 4000 0 0 4188340660 0034c735b401a5f9c086f39b5cd75352
114 28835470 2616 0 0 737032945 6b79cfc8f13aee2bf86e68a602d5de44
115 29033478 1752 0 0 882942677 478e335cd5a2a034005da6b8bc7cdeb2
116 29315086 2984 0 0 3144233441 725f468be13169bb0bf17127d06bc8af
117 29532886 1728 0 0 3569807758 003970108ef1c6d479ccbf0a006a28bb
118 29658070 1528 0 0 2498388078 32945e476e60ea949dc69a76f69209a8
119 29970070 2592 0 0 1032723257 4c71e36f391b8e3d120c2e5a01a33731
120 30130086 1528 0 0 442057956 12c6e1cde444591ae1a4d3c3230bfba4
121 30385654 2664 0 0 3442433598 001716623e5e2fcd38f0e9ff46bf8caf
122 30734790 2192 0 0 1972057262 58ec782fae348b758bc206d1017342d7
123 30932982 1648 0 0 3826091067 0170463d3b840de4bb2309a2f68d6f52
124 31060862 1528 0 0 101066758 006ef13906280606813990e5d79c6f91
125 31377862 2384 0 0 1135916421 544634f285b5b44390d6ef73582d3f89
126 31582270 2016 0 0 3705821021 6f1a91af5d57e2dc69a2e97710c06b77
127 31711390 1528 0 0 3127829474 272a279ae2e36ebaf1f1bc5b7b13c5f1
128 31919350 1528 0 0 1186244779 03000092aba8b446a914e0d65a643c71
129 32361174 5128 0 0 3848892387 6978dc5ae36f69e51d91895aaf1c5c9c
130 32629230 2984 0 0 1607717573 20d66f35c5d2d35f57af7105c96ab8e2
131 32759950 1528 0 0 3213761187 60df5efba31a8ebfa75a97c8bebd4d69
132 32988678 2208 0 0 436379925 46bce51715a1021aeb8debb62a970dcb
133 33674294 7112 0 0 4200532953 1bcb1cd0d90b5ffa2cf8c842696a2ef9
134 34147174 5008 0 0 3831040443 41e4ae30bb0959e412eba32951c6b835
135 34398278 2088 0 0 1299123280 25cc9215500c6f4dd31001a3071e9d71
136 34794038 3592 0 0 4073416052 0d4099db7465cbf2d2e1a0001a82d601
137 35084822 1528 0 0 3530650105 695c35d7f97171d254b2242fa5d65d0d
138 35335238 1528 0 0 3032478075 3f9a0fa37bf1bfb444680bf233822011
139 35571830 1528 0 0 4222941638 4d77c718c6f9b4fb5c91c6b7c7880a60
140 35828926 2664 0 0 3784690485 55b56e9335cb95e1000ef1a215cc866e
141 36130230 2624 0 0 1641310383 19e00fabaf68d46146fd2a60068c00d0
142 36369614 2648 0 0 3445978321 44631a34d17465cd716e05a62bfa2ff9
143 36641774 3032 0 0 3452648489 14e6f92b293ccbcd01ab2bc701e50128
144 36992006 4008 0 0 369199218 01389a0272880116b5b6d3448beef406
145 37233910 2808 0 0 1711365518 3cb5246b8e5d016638d17c62372e8006
146 37621110 3744 0 0 1214024843 054a23578b8c5c4816e7fdb346b1aef0
147 37808806 1528 0 0 2573336781 3cea6e44cd006299b9a6f4850586522c
148 37935222 1528 0 0 2613503230 5d797d1bfee4c69b468c026e22c2e6a3
149 38395902 2520 0 0 1150491487 07c78e745f1b93445e6df6ebc5fe34df
150 38623446 1856 0 0 465012443 5468f78edb86b71be332010c7345f003
151 38815414 1528 0 0 1194203693 239217bf2d1a2e47fae002a02b8ccc50
152 39272662 5288 0 0 573084526 7f35ffe66e93282265c046d32e4b4722
153 39452150 1528 0 0 4052912943 09ae35792f8b92f126781b8b9af238bf
154 39672054 2440 0 0 838257377 73085977e1caf631bd8dc7a35405d66d
155 39860030 1528 0 0 2945267712 0012e4af00388daf1ab4ea44df726bb5
156 40191414 3712 0 0 215487608 0886b5a37814d80cb5cbc178639c4c5a
157 40453750 2464 0 0 1376360473 6d6e6dda19980952948cd245c68a59ff
158 40729982 2864 0 0 4015904282 5dfd1d751ad65def0a6fe8d7bfccc716
159 41042518 3528 0 0 3798647863 34b579be37c46ae2baccfccfd045cd4c
160 41189934 1528 0 0 1681686860 3af091724c813c64d2f68348b1f2e005
161 41445262 2104 0 0 4025599044 151ad5c944c4f1ef082f8bc5b50c6860
162 42061510 6680 0 0 773773263 04792f5fcfd71e2e6f971e6844d431ae
163 42235638 1528 0 0 1863554902 225f1ae35697136fb65af1a2af07711a
164 42378486 1528 0 0 1285796148 72b9ffe334b1a34c1a93462001e2e708
165 42519806 1528 0 0 2014093363 67e255c033a00c788cb29cc1bc0bf1df
166 42808974 3176 0 0 2811651230 4d6e808c9e6496a734bea229202690d7
167 43209534 2280 0 0 3409408273 006bd08d117137cb7cb66ba20266c4a6
168 43442454 2368 0 0 934189312 6a2bbca90099ae373497e568c5c40037
169 43769422 2928 0 0 1660156148 2491dbf8f4f8f3625bf96e1a0ad69e3f
170 44081726 3368 0 0 1982988590 1b8baf832e013276be9800b21b0daeac
171 44308534 1528 0 0 881693208 7da409bd18928d340178f4591ab3dde2
172 44582158 3168 0 0 1181562454 6b80729956366d46df5752e1ab5c2485
173 44707974 1528 0 0 3204849326 2cdb5373ae1e06bfecdb5db511118dcc
174 44829574 1528 0 0 768962442 197957cc8a6fd52dc68028c21b733c2f
175 44966518 1528 0 0 1577306469 6b81f44e65c9035e31bca3ef2a4481a7
176 45155230 1528 0 0 2012262462 39dcfb9e3eb0f077b2c6d949a7bbf27f
