# rxframe clk nbytes ok allzero seq hdr16
1 296542 1528 0 1 0 00000000000000000000000000000000
2 394854 1528 0 1 0 00000000000000000000000000000000
3 493486 1528 0 0 3759857674 1ae01ae10ae01ae012c01ae01ae008c0
4 592654 1528 0 0 871657862 24596f798671f433246920200d802d7b
5 690822 1528 0 0 472795417 52b5fbee19492e1cca9e2c44529e1fef
6 789478 1528 0 0 517731920 6a97112c50f6db1e69f4dcab4aab9922
7 987046 1528 0 0 1352550409 2165eda309489e504ca1ea1de1fbdb28
8 1184150 1528 0 1 0 00000000000000000000000000000000
9 1282798 1528 0 0 4140476577 19a8caf6a1a8caf6917743f8c9f8c9f8
10 1381542 1528 0 0 1560506456 52169c465870035d514d1a34bf668bf5
11 1579094 1528 0 0 160727551 18497189ff819409709e5faab0495785
12 1677454 1528 0 1 0 00000000000000000000000000000000
13 1776118 1528 1 0 7 514bec0507000000214e4754fe3979f0
14 1973646 1528 0 0 148220929 012c58c001acd508d0035d7001ac50c0
15 2170774 1528 0 0 2800787086 329eb0268e9ef0a68c9ef0a68c9ef0a6
16 2269502 1528 0 0 73925880 0004f804f80468046804680468046804
17 2368166 1528 0 0 826303296 56cbe9444063403187ce4dded33491da
18 2466950 1528 0 0 0 40000000000000000000000000000000
19 2565614 1528 0 0 10539319 520bec0737d1a000214e42b472355485
20 2664302 1528 0 0 1153652739 0358d0070358c34483740358c0071358
21 2762966 1528 1 0 12 514bec050c000000214e4754953217c3
22 2861454 1528 0 0 0 00000000000000000000000000000000
23 2960110 1528 0 0 577480036 1a98e16864a56b22005350ed0b3c4d68
24 3157750 1528 0 0 192 00037002c00000000000000000000000
25 3256078 1528 0 0 381137888 77197821e0b3b716f6f6b6bb875a8d21
26 3354966 1528 0 0 53467 559a4abddbd00000221e4757b691508b
27 3453406 1528 0 1 0 00000000000000000000000000000000
28 3552438 1528 1 0 16 514bec0510000000214e4754286dee6a
29 3650734 1528 0 0 2692809393 00c081bab10281a000c398a000c398a0
30 3749646 1528 0 0 4140315969 3f66f9c64135c8f6b20b84090440f116
31 3947006 1528 0 0 3489976324 58d004d004d004d004d004d004d004d0
32 4144222 1528 0 0 87067867 04ce3005db8c3005c0035b8e30035b8e
33 4341630 1528 0 0 532719556 4b897a10c4a7c01f801df1bd516f801f
34 4538822 1528 0 1 0 00000000000000000000000000000000
35 4637374 1528 0 0 2548163916 2268d2344ce5e19700e06fe027f43365
36 4736406 1528 0 0 3974950138 6a2700e9faecececcda2abb802878489
37 4834814 1528 0 0 0 40000000000000000000000000000000
38 4933534 1528 0 0 4088407047 1f4c2e9a0724b0f38b230939af4875a5
39 5130998 1528 0 0 0 00000000000000000000000000000000
40 5229358 1528 0 0 579675789 57132d268d268d225c8d46aa5c8bf99a
41 5328382 1528 1 0 25 514bec0519000000214e47540164025a
42 5525350 1528 0 1 0 00000000000000000000000000000000
43 5624206 1528 0 0 520298243 2345e35f031f031f031c0110a5d6ae5f
44 5722870 1528 1 0 27 514bec051b000000214e47544366805c
45 5920198 1528 0 0 1128481603 03434343434343434343434343434343
46 6018678 1528 0 0 0 00000000000000000000000000000000
47 6215998 1528 0 0 1310785536 6c051d000000214e4754856006561388
48 6314806 1528 1 0 30 514bec051e000000214e4754e663411f
49 6511990 1528 0 0 2711724449 01a1a1a1a1a1a1a1a1a1a1a1a1a1a1a1
50 6610686 1528 0 0 1667455241 0d1cb6b0095963636363636363636363
51 6709630 1528 1 0 32 514bec0520000000214e47547b989209
52 6807982 1528 0 0 2708578465 1d76a1a1a1a071a1a959636363636363
53 6906894 1528 1 0 33 514bec0521000000214e47545a995746
54 7104278 1528 0 1 0 00000000000000000000000000000000
55 7301606 1528 0 0 1269880872 0b86b00f28d8b04bce64775029e47664
56 7499102 1528 0 0 0 40000000000000000000000000000000
57 7597334 1528 0 0 1588485806 2e5d2ebeae5eae5eae5e2ee2ae5d2c2f
58 7696206 1528 0 0 3659351107 7f5df22743441dda182746c8653572db
59 7893582 1528 0 0 0 40000000000000000000000000000000
60 8090806 1528 0 1 0 00000000000000000000000000000000
61 8189278 1528 0 0 662958395 61df3bb33bf183273bd4fbf6fbfe4325
62 8288094 1528 0 0 3124475923 6af3d7bd13b83bba1975fe6fc3ab0b48
63 8485518 1528 0 1 0 00000000000000000000000000000000
64 8781310 3048 0 0 0 00000000000000000000000000000000
65 8880054 1528 0 0 2280291320 6a75b4f3f87bea8733dfee5e3f683da7
66 9077294 1528 0 1 0 00000000000000000000000000000000
67 9175918 1528 0 0 1736950454 3bb076c3b6c28767636f6cdca1eca1ec
68 9275174 1528 1 0 45 514bec052d000000214e4754d6957a30
69 9570574 1528 0 0 1566412289 690e6dfd018e5d5d018e5d5e5d5e5d54
70 9669374 1528 1 0 47 514bec052f000000214e47549497f836
71 9767902 1528 0 0 3638089944 0ad8d8d8d8d8d8d8d8d8d8d8d8d8d8d8
72 9866726 1528 1 0 48 514bec0530000000214e47544acb46d3
73 10063934 1528 0 1 0 00000000000000000000000000000000
74 10162558 1528 0 0 323162947 0e437753431343135313431343134317
75 10261222 1528 0 0 3968194688 6a90012a80d885ecf988c2f186f86225
76 10359950 1528 0 0 3403776379 4e50994a7b81e1ca7b955550985098ca
77 10458614 1528 0 0 51 114bec0533000000214e475429c8019a
78 10557278 1528 0 1 0 00000000000000000000000000000000
79 10655982 1528 1 0 52 514bec0534000000214e4754cecf42df
80 10853206 1528 0 0 0 00000000000000000000000000000000
81 11050654 1528 0 0 60817920 000169700002a003446ae46862f00003
82 11149222 1528 0 0 2740383349 6023102275ee56a325ece0211022106e
83 11346526 1528 0 0 2973487876 2398d7b504d33bb19a9c7483a27c3e2d
84 11445470 1528 1 0 56 514bec0538000000214e475442c36fa9
85 11642558 1528 0 0 0 00000000000000000000000000000000
86 11741182 1528 0 0 1128481740 0bc34742cc434343434343434342cc43
87 11839982 1528 1 0 58 514bec053a000000214e475400c1edaf
88 11938510 1528 0 0 4292637229 2772ccf82d72dcff3cffbcffbcffbcff
89 12037374 1528 0 0 28731 514bec053b700000221e3fc721937590
90 12234654 1528 0 0 2657618303 689e504e7f09689e504e7f09689e504e
91 12355614 1872 0 0 62038857 5343534349a3b20338c349b0031e38c3
92 12826782 1528 0 0 1417160727 314122591728785430c831cc3545040e
93 12925166 1528 0 0 1577286781 035e635e7d7c035e635e7d7c035e635e
94 13023870 1528 0 0 1651719502 1e7252404e3d73620add107fe69a7b71
95 13221142 1528 0 0 1734829927 76c2a767676767676767676767676767
96 13591830 1528 0 0 1745119356 0468d35d7c68046804680468046d5253
97 13717758 1528 0 0 1063704935 1ea5daa567d9663f0d61b0ee53d973f8
98 14012502 2512 0 0 1808425817 50abf4d65963ca6be3afe1af6504dcb1
99 14141246 1528 0 0 327095191 72b51c4e97137f13b9af2e27cae0ebf1
100 14337134 1528 0 0 752301411 6e6c81406335d72ce32c01e139b0c4c6
101 14637150 1528 0 0 4057762955 4a6791cc8b8cdcf17c14c6acf394cbe7
102 14931406 1528 0 0 366181688 50abb832387dd315798ee54852eb4b6c
103 15742718 1528 0 0 1884003915 0eb565c44b9e4b7028cf3f9377891004
104 15992718 1528 0 0 2128284927 73352883ff0cdb7e05d1b96869f238d0
105 16154294 1528 0 0 1819339047 4ff20fde27e9706cf20bc94788357d0a
106 16705390 1528 0 0 2573996353 5984578241116c994f828ebcc1565989
107 17162198 1528 0 0 296555597 2de8d4684d14ad115679d465df1aee72
108 17361126 1896 0 0 1751829556 00015fdd34cc6a685cd33c8135695e69
109 17550862 1528 0 0 28314 160000e39a6e0000c6b9af0000ab9a3f
110 17727726 1528 0 0 333783597 06bca3122d22e513726b80647f1373a4
111 18242998 1528 0 0 3566010368 001a240000008dd4aa1a2000ae5e0000
112 18386094 1528 0 0 404928520 20db1abc08b822184c35b47eac0dfe39
113 18549550 1528 0 0 3593615454 002347345e3832d6601a000477e8d180
114 18919934 1904 0 0 2810170741 14a7175e75cd7fa7cb82b46f14a6ff5e
115 19114942 1528 0 0 3209806069 40e218aff5c051bf18c633af29bb032c
116 19539918 4624 0 0 3927365544 4dc5aa81a8d716ea5b369b7116bcd35e
117 19662238 1528 0 0 315516224 436d4dd94065ce1244730bd28494a900
118 20111918 1528 0 0 2064220520 397f8bf26881097bf2876a3fe8dddd86
119 20336774 2544 0 0 3200826449 1be4695351bcc8be905e6811fce2205e
120 20647798 1528 0 0 137658480 1668005c70803408b48b448101bd2fc6
121 20861286 2520 0 0 875897684 0c34c86b54233534b000c4f4b91a1c66
122 21110222 1528 0 0 3710582856 67f2e7c448002bdde6888548addbc5ae
123 21520230 1528 0 0 190587600 7e26b9e2d0225c0b489365c4697896a6
124 21733182 2504 0 0 967733587 25fa02305371ae3985fe009080008546
125 22101150 2080 0 0 1358106762 4bafd6808a10f350ebfd301878e44bff
126 22257918 1528 0 0 3210506415 0003ad71af705cbf94b155ceba2de400
127 22502934 2192 0 0 3114438630 2fc2c26ae68fa2b97221a1088d349713
128 22861502 1528 0 0 1156458561 757869b34128ee44dae1aea2ee2ba2e3
129 23279494 2520 0 0 3816150172 61b45b899cd475e34784308d7fc34a3e
130 23604742 3544 0 0 1947530125 008046398df3147400d1005e97000080
131 24253862 2112 0 0 3770012812 01ae80488cd4b5e0001701a336ed158a
132 24434318 1528 0 0 3110452224 1b6e9eb800bc65b9377f1e8cb900bd69
133 24652574 1528 0 0 844241202 59692178321952329027e5e341cde8e2
134 25043454 2264 0 0 1674633015 34eb010037dfd0638c30472f7935e28d
135 25191782 1528 0 0 499438610 00069a1a12d4c41d356a17629c64f577
136 25452574 1528 0 0 695383688 3a16312c88b67229becc397eae47ca38
137 25635166 1528 0 0 1462996359 291cc6f9878d3357a510224cbeefc6f0
138 25853374 1528 0 0 497743579 1ddcf2c1dbf6aa1d21dc54ed42aaec6c
139 26237678 1528 0 0 4017746330 000000d79af179efeb9af1ae8ae20d89
140 26455750 2384 0 0 786395230 04903d345e70df2e30445e6c6b86e41c
141 26586670 1528 0 0 3512876806 2d7afde6063f62d1ed37ae0afb55ebc6
142 26873430 1528 0 0 1932375644 117c06845cb62d73e5abcb2d2e4d5c93
143 27255902 4128 0 0 762225976 1b91a6ed38a56e2d7b97177362275cb7
144 27411422 1528 0 0 100727521 00000c4ae1fa0006b9a29984e5fb9000
145 27645822 2456 0 0 3609474233 000034b8b93424d73400d6bc2e0034d1
146 28041326 1528 0 0 4097075306 3522d75c6a6834f401a4680035737800
147 28378350 1528 0 0 3076038272 7149d1c8809e58b767531a71802e96ea
148 28633662 1528 0 0 2306282273 1d220b8921137789b1a0665e043e515e
149 29034550 2688 0 0 163975791 6552cbe96f12c609634764feb34cc00a
150 29181534 1528 0 0 3383422511 4ea027482feeaac9104627426ca24d58
151 29370702 1528 0 0 4290594500 31a8a239c446bdffa6b1a268d5fcbc8b
152 29559110 1528 0 0 2106565413 3f2239ae25a38f7d1c350001ab817f16
153 29795038 1528 0 0 1675244561 035ef2af1134da63328968b497804c5a
154 29968046 1528 0 0 551328625 34f54f4e719bdc20133f095b44d1be47
155 30152366 2088 0 0 4116561259 6eb802c46bbd5df5e7f00270e6b35b4c
156 30513358 1840 0 0 4056309340 23d317135c5ec6f178b899d354bad78d
157 30771950 1528 0 0 1383357730 64b44c51225d745220812fc93f2748b1
158 30979926 1528 0 0 2144818014 5a6b89af5e53d77f1345bc99005ca8c4
159 31348270 2728 0 0 3905184678 4c51a659a663c4e881f79e96e8c9c451
160 31509790 1528 0 0 1755211806 5c1973401e689e689797048ae041a72f
161 31738126 2504 0 0 1552804758 000626af96eb8d5c46971a8fd79b8b5d
162 31978022 1528 0 0 1947906137 035e397859b01a74455c98cacb266702
163 32348582 2136 0 0 284059222 2e1135535666ee109a79a65571ac9aad
164 32703686 2048 0 0 2751487203 000201e2e35c00a435e46b5e3cc6de69
165 32908254 1528 0 0 3324820624 0162617f90bc2cc6e9c8051a45e20000
166 33482254 1528 0 0 3388553755 47008c691b3af9c981efb8f4b495c437
167 33760238 2488 0 0 541523864 4ce5e00398ff46209cb5934d4f3cb9f0
168 33894966 1528 0 0 670734086 72f1a1a00697fa272d37cb480aaa42f1
169 34307574 2008 0 0 207143172 07534f1e04c1580c8c822697c1f812ce
170 34469286 1528 0 0 4505600 004daf9400c0440000809a804b9fc780
171 34668070 1528 0 0 3631611777 2039d68781ff75d8ef10195184470171
172 35153206 2720 0 0 3068895527 48b771fb27a1ebb66b858121f87f70a7
173 35339262 1528 0 0 945907750 6a68078d26686138d5d400980601708c
174 35860646 2944 0 0 3979316608 569daf5a808d2fedafa91a669015af8b
175 36099958 1528 0 0 3161535703 3a66179ad73471bc1af04d572e6b8b5d
176 36320622 1528 0 0 1631415921 701409eb716e3d61f8b6801471e7785c
177 36484374 1528 0 0 3125204864 0bc2bf1f80d746ba8e88b4f74406e805
178 36643886 1528 0 0 2587995031 1c9a40d797ab419a425a0b2ba8000000
179 36789366 1528 0 0 33035275 531af9a80b14f801cc67bd1208de4003
180 37038654 1528 0 0 338987055 3e35121d2f88341446cbb510e63934f2
181 37272854 1528 0 0 4240276569 3e4dc5a0597cbdfcf158baef72f92fe4
182 37421270 1528 0 0 200217508 55df0b71a413ef0b41cf80eb9b4d7860
183 37564734 1528 0 0 3294614004 08d57464f4d15fc42e3e32b60def8d31
184 37712270 1528 0 0 3052131107 0023813a23d3ebb5cc96509ff30178ac
185 38024166 2488 0 0 1788009532 5e2eb5cd3cdc926a2697112f189b8897
186 38270518 1528 0 0 3667329024 004d6f9a000097daf8aeb8004d6b80b4
187 38503462 1528 0 0 3895458922 62b4017c6afc2fe86dae4ca38b805afd
188 39060342 1528 0 0 287069730 4d404f2e22561c113d46f12e6ad13d4b
189 39406566 2976 0 0 2412933950 19d3e3f03e73d28f776fe583734c4463
190 39676094 1528 0 0 299091296 0002371960c5d311ad10462bcd5c38d2
191 39928414 2704 0 0 3548674260 663a3c8bd47884d33796291d59929815
192 40536278 1528 0 0 4069888166 6af35af9a69095f25009800071a8d000
193 40816998 2296 0 0 49093313 6b4e201cc11aed0299a36dd00004034b
194 41181422 2816 0 0 2498016173 0b970007adb3e494de31af5a6bcade8c
195 41431526 1528 0 0 34472040 6b6d0e6268000e025cd3547790d1206b
196 41950502 2296 0 0 3324215319 0401acdd178023c65c479bc7ae607261
197 42163974 2144 0 0 4029988780 40248067acbf34f035073aca9a507a6a
198 42418110 1528 0 0 3395210032 44236b7430cb5eca1528708a4228f54e
199 42812902 3000 0 0 1317162446 5f250eccce4d824ea3ae2e4d23e38e9b
200 42995454 2096 0 0 2744895029 6814423435c69ba3aeb5a46b68b91763
201 43199254 1528 0 0 1200883663 424358f8cf079447d8cc84592b101c6e
202 43542622 3024 0 0 164683950 2af0017baee0d009a1f26dd4a354417b
203 43729318 1528 0 0 3155759944 0809cd5e481319bc6749527a33c1b109
204 43960366 1832 0 0 2944304373 3e75c2e4f5847eaf2de2482ba0048b42
205 44136238 1528 0 0 3516086702 119413ccae3993d106ff2d7373a7d870
206 44337734 2008 0 0 4011635718 112ba2d206b41cefcbc7357b80002c57
207 44485070 1528 0 0 1558228792 1a19ae7138afe05cb5c89a20d1036fae
208 44961262 1528 0 0 3251036869 04108eb6c5e2c6c1d5539f306351886b
209 45113070 1528 0 0 2279932380 682b5edcdc01e5875c475cbd37355cb4
210 45316406 1528 0 0 4197738877 3d5684cb7d6934fa6151aaed98ad1b06
211 45656214 1528 0 0 3540773185 7902467841e90bd323adfe61727ea955
212 45807094 1528 0 0 3556431785 69800045a9d7fad37897413f44d5c478
213 45937670 1528 0 0 4081185263 27c7e322eff141f311ce5a39448c9f6c
214 46175582 2112 0 0 1807797125 006b80b585cbc06b8d800b6b0000067c
215 46353998 1528 0 0 2542296068 44975aff045c8897e2ff1360c3cb5ea3
216 46596206 1528 0 0 293086174 0943fae3de237811a6e3445f0151a6a8
217 46734582 1528 0 0 3239575552 006bc400000018c156e26b1001af1a60
218 47146838 2816 0 0 394723448 6bf1bca578008717f10000e6d748002b
219 47358478 1528 0 0 3169373578 00379f928acde8bc99a6b870f0f726bc
220 47685014 1528 0 0 270503184 06e5c5da108d1f10e5d2ec66ef85a368
221 48088206 1528 0 0 3217604911 57a444fa2fc1c8bf1ba59735de799a37
222 48287190 1528 0 0 1296563058 0200674172fb474df9a22549a9174197
223 48491518 2064 0 0 997596608 034ebdc9c01d763b431283e433944203
224 48749486 1528 0 0 52126481 04e3439211631b036cd3c2106025d000
