# rxframe clk nbytes ok allzero seq hdr16
1 296542 1528 0 1 0 00000000000000000000000000000000
2 395198 1528 0 1 0 00000000000000000000000000000000
3 592302 1528 0 1 0 00000000000000000000000000000000
4 789710 1528 0 1 0 00000000000000000000000000000000
5 888142 1528 0 1 0 00000000000000000000000000000000
6 986950 1528 0 0 3 114bec0503000000214e47547a3d7dfc
7 1184142 1528 0 1 0 00000000000000000000000000000000
8 1282798 1528 0 1 0 00000000000000000000000000000000
9 1381526 1528 1 0 5 514bec0505000000214e4754bc3bfbf6
10 1480126 1528 0 1 0 00000000000000000000000000000000
11 1578814 1528 1 0 6 514bec0506000000214e4754df38bcbf
12 1776142 1528 0 1 0 00000000000000000000000000000000
13 1973662 1528 0 1 0 00000000000000000000000000000000
14 2072110 1528 0 1 0 00000000000000000000000000000000
15 2170958 1528 1 0 9 514bec0509000000214e47543037d680
16 2269438 1528 0 1 0 00000000000000000000000000000000
17 2368294 1528 1 0 10 514bec050a000000214e4754533491c9
18 2565566 1528 0 1 0 00000000000000000000000000000000
19 2664094 1528 0 1 0 00000000000000000000000000000000
20 2762926 1528 1 0 12 514bec050c000000214e4754953217c3
21 2861422 1528 0 1 0 00000000000000000000000000000000
22 2960142 1528 1 0 13 514bec050d000000214e4754b433d28c
23 3157542 1528 0 1 0 00000000000000000000000000000000
24 3354950 1528 0 1 0 00000000000000000000000000000000
25 3552182 1528 0 1 0 00000000000000000000000000000000
26 3650734 1528 0 1 0 00000000000000000000000000000000
27 3749582 1528 1 0 17 514bec0511000000214e4754096c2b20
28 3946742 1528 0 1 0 00000000000000000000000000000000
29 4144166 1528 0 1 0 00000000000000000000000000000000
30 4242718 1528 0 1 0 00000000000000000000000000000000
31 4341582 1528 1 0 20 514bec0514000000214e4754ac69ea63
32 4538726 1528 0 1 0 00000000000000000000000000000000
33 4736198 1528 0 1 0 00000000000000000000000000000000
34 4834702 1528 0 1 0 00000000000000000000000000000000
35 4933582 1528 1 0 23 514bec0517000000214e4754cf6aad2a
36 5032030 1528 0 1 0 00000000000000000000000000000000
37 5130886 1528 1 0 24 514bec0518000000214e47542065c715
38 5328182 1528 0 1 0 00000000000000000000000000000000
39 5426686 1528 0 1 0 00000000000000000000000000000000
40 5525510 1528 1 0 26 514bec051a000000214e475462674513
41 5624014 1528 0 1 0 00000000000000000000000000000000
42 5722918 1528 1 0 27 514bec051b000000214e47544366805c
43 5920238 1528 0 1 0 00000000000000000000000000000000
44 6018670 1528 0 1 0 00000000000000000000000000000000
45 6117638 1528 0 0 29 114bec051d000000214e475485600656
46 6314670 1528 0 1 0 00000000000000000000000000000000
47 6413326 1528 0 1 0 00000000000000000000000000000000
48 6512182 1528 1 0 31 514bec051f000000214e4754c7628450
49 6610654 1528 0 1 0 00000000000000000000000000000000
50 6709414 1528 1 0 32 514bec0520000000214e47547b989209
51 6807982 1528 0 1 0 00000000000000000000000000000000
52 6906758 1528 1 0 33 514bec0521000000214e47545a995746
53 7104118 1528 0 1 0 00000000000000000000000000000000
54 7301382 1528 0 1 0 00000000000000000000000000000000
55 7399966 1528 0 0 0 40000000000000000000000000000000
56 7498638 1528 1 0 36 514bec0524000000214e4754ff9c9605
57 7696110 1528 0 1 0 00000000000000000000000000000000
58 7794622 1528 0 1 0 00000000000000000000000000000000
59 7893310 1528 1 0 38 514bec0526000000214e4754bd9e1403
60 7991950 1528 0 1 0 00000000000000000000000000000000
61 8090766 1528 1 0 39 514bec0527000000214e47549c9fd14c
62 8189278 1528 0 1 0 00000000000000000000000000000000
63 8288150 1528 1 0 40 514bec0528000000214e47547390bb73
64 8386606 1528 0 1 0 00000000000000000000000000000000
65 8485310 1528 1 0 41 514bec0529000000214e475452917e3c
66 8583934 1528 0 1 0 00000000000000000000000000000000
67 8682846 1528 1 0 42 514bec052a000000214e475431923975
68 8781262 1528 0 1 0 00000000000000000000000000000000
69 8879958 1528 1 0 43 514bec052b000000214e47541093fc3a
70 8978590 1528 0 1 0 00000000000000000000000000000000
71 9077262 1528 1 0 44 514bec052c000000214e4754f794bf7f
72 9175918 1528 0 1 0 00000000000000000000000000000000
73 9274766 1528 1 0 45 514bec052d000000214e4754d6957a30
74 9373246 1528 0 1 0 00000000000000000000000000000000
75 9472022 1528 1 0 46 514bec052e000000214e4754b5963d79
76 9669246 1528 0 1 0 00000000000000000000000000000000
77 9767902 1528 0 1 0 00000000000000000000000000000000
78 9866782 1528 1 0 48 514bec0530000000214e47544acb46d3
79 10064126 1528 0 1 0 00000000000000000000000000000000
80 10162558 1528 0 1 0 00000000000000000000000000000000
81 10261238 1528 0 0 50 114bec0532000000214e475408c9c4d5
82 10359886 1528 0 1 0 00000000000000000000000000000000
83 10458550 1528 1 0 51 514bec0533000000214e475429c8019a
84 10655966 1528 0 1 0 00000000000000000000000000000000
85 10853446 1528 0 1 0 00000000000000000000000000000000
86 11050678 1528 0 1 0 00000000000000000000000000000000
87 11247926 1528 0 1 0 00000000000000000000000000000000
88 11445574 1528 0 1 0 00000000000000000000000000000000
89 11543854 1528 0 1 0 00000000000000000000000000000000
90 11642694 1528 1 0 57 514bec0539000000214e475463c2aae6
91 11839942 1528 0 1 0 00000000000000000000000000000000
92 12037198 1528 0 1 0 00000000000000000000000000000000
93 12135838 1528 0 0 0 40000000000000000000000000000000
94 12234550 1528 1 0 60 514bec053c000000214e4754c6c76ba5
95 12333166 1528 0 1 0 00000000000000000000000000000000
96 12432006 1528 1 0 61 514bec053d000000214e4754e7c6aeea
97 12530494 1528 0 1 0 00000000000000000000000000000000
98 12629406 1528 1 0 62 514bec053e000000214e475484c5e9a3
99 12727822 1528 0 1 0 00000000000000000000000000000000
100 12826694 1528 1 0 63 514bec053f000000214e4754a5c42cec
101 12925150 1528 0 1 0 00000000000000000000000000000000
102 13024062 1528 1 0 64 514bec0540000000214e4754dd72627c
103 13221206 1528 0 1 0 00000000000000000000000000000000
104 13319806 1528 0 1 0 00000000000000000000000000000000
105 13418590 1528 1 0 66 514bec0542000000214e47549f70e07a
106 13517134 1528 0 1 0 00000000000000000000000000000000
107 13616142 1528 1 0 67 514bec0543000000214e4754be712535
108 13714462 1528 0 1 0 00000000000000000000000000000000
109 13813126 1528 1 0 68 514bec0544000000214e475459766670
110 13911830 1528 0 1 0 00000000000000000000000000000000
111 14010510 1528 0 0 1142701987 47547877a33f1c443e47f521931d1daa
112 14109118 1528 0 1 0 00000000000000000000000000000000
113 14207958 1528 0 0 4589036 0000514bec0546000000214e47541b74
114 14405414 1528 0 1 0 00000000000000000000000000000000
115 14602598 1528 0 1 0 00000000000000000000000000000000
116 14701102 1528 0 1 0 00000000000000000000000000000000
117 14799990 1528 1 0 73 514bec0549000000214e4754f47b8e49
118 14997094 1528 0 1 0 00000000000000000000000000000000
119 15194662 1528 0 1 0 00000000000000000000000000000000
120 15293086 1528 0 1 0 00000000000000000000000000000000
121 15391886 1528 1 0 76 514bec054c000000214e4754517e4f0a
122 15589374 1528 0 1 0 00000000000000000000000000000000
123 15786406 1528 0 1 0 00000000000000000000000000000000
124 15885078 1528 0 1 0 00000000000000000000000000000000
125 15983950 1528 1 0 79 514bec054f000000214e4754327d0843
126 16181270 1528 0 1 0 00000000000000000000000000000000
127 16378510 1528 0 1 0 00000000000000000000000000000000
128 16575950 1528 0 1 0 00000000000000000000000000000000
129 16674382 1528 0 1 0 00000000000000000000000000000000
130 16773046 1528 0 0 83 114bec0553000000214e47548f22f1ef
131 16871710 1528 0 1 0 00000000000000000000000000000000
132 16970542 1528 1 0 84 514bec0554000000214e47546825b2aa
133 17167806 1528 0 1 0 00000000000000000000000000000000
134 17365278 1528 0 1 0 00000000000000000000000000000000
135 17463694 1528 0 1 0 00000000000000000000000000000000
136 17562462 1528 1 0 87 514bec0557000000214e47540b26f5e3
137 17759686 1528 0 1 0 00000000000000000000000000000000
138 17858358 1528 0 1 0 00000000000000000000000000000000
139 17957134 1528 1 0 89 514bec0559000000214e4754c5285a93
140 18055678 1528 0 1 0 00000000000000000000000000000000
141 18154454 1528 1 0 90 514bec055a000000214e4754a62b1dda
142 18253006 1528 0 1 0 00000000000000000000000000000000
143 18351790 1528 1 0 91 514bec055b000000214e4754872ad895
144 18450334 1528 0 1 0 00000000000000000000000000000000
145 18549230 1528 1 0 92 514bec055c000000214e4754602d9bd0
146 18647662 1528 0 1 0 00000000000000000000000000000000
147 18746526 1528 0 0 93 114bec055d000000214e4754412c5e9f
148 18844990 1528 0 1 0 00000000000000000000000000000000
149 18943734 1528 1 0 94 514bec055e000000214e4754222f19d6
150 19042318 1528 0 1 0 00000000000000000000000000000000
151 19141070 1528 1 0 95 514bec055f000000214e4754032edc99
152 19338574 1528 0 1 0 00000000000000000000000000000000
153 19535782 1528 0 1 0 00000000000000000000000000000000
154 19634302 1528 0 0 0 40000000000000000000000000000000
155 19733118 1528 0 0 98 114bec0562000000214e4754fdd648c6
156 19831630 1528 0 1 0 00000000000000000000000000000000
157 19930414 1528 1 0 99 514bec0563000000214e4754dcd78d89
158 20028958 1528 0 1 0 00000000000000000000000000000000
159 20127622 1528 1 0 100 514bec0564000000214e47543bd0cecc
160 20226286 1528 0 1 0 00000000000000000000000000000000
161 20325094 1528 1 0 101 514bec0565000000214e47541ad10b83
162 20522406 1528 0 1 0 00000000000000000000000000000000
163 20719950 1528 0 1 0 00000000000000000000000000000000
164 20916950 1528 0 1 0 00000000000000000000000000000000
165 21114326 1528 0 1 0 00000000000000000000000000000000
166 21212926 1528 0 1 0 00000000000000000000000000000000
167 21311710 1528 1 0 106 514bec056a000000214e4754f5de61bc
168 21410254 1528 0 1 0 00000000000000000000000000000000
169 21509094 1528 1 0 107 514bec056b000000214e4754d4dfa4f3
170 21607582 1528 0 1 0 00000000000000000000000000000000
171 21706398 1528 1 0 108 514bec056c000000214e475433d8e7b6
172 21804910 1528 0 1 0 00000000000000000000000000000000
173 21903782 1528 1 0 109 514bec056d000000214e475412d922f9
174 22002238 1528 0 1 0 00000000000000000000000000000000
175 22100958 1528 1 0 110 514bec056e000000214e475471da65b0
176 22298470 1528 0 1 0 00000000000000000000000000000000
177 22495766 1528 0 1 0 00000000000000000000000000000000
178 22693030 1528 0 1 0 00000000000000000000000000000000
179 22791550 1528 0 1 0 00000000000000000000000000000000
180 22890374 1528 1 0 114 514bec0572000000214e4754cc859c1c
181 22988878 1528 0 1 0 00000000000000000000000000000000
182 23087798 1528 1 0 115 514bec0573000000214e4754ed845953
183 23284894 1528 0 1 0 00000000000000000000000000000000
184 23383534 1528 0 1 0 00000000000000000000000000000000
185 23482302 1528 1 0 117 514bec0575000000214e47542b82df59
186 23580862 1528 0 1 0 00000000000000000000000000000000
187 23679798 1528 1 0 118 514bec0576000000214e475448819810
188 23778190 1528 0 1 0 00000000000000000000000000000000
189 23877078 1528 1 0 119 514bec0577000000214e475469805d5f
190 23975518 1528 0 1 0 00000000000000000000000000000000
191 24074254 1528 1 0 120 514bec0578000000214e4754868f3760
192 24271686 1528 0 1 0 00000000000000000000000000000000
193 24468910 2800 0 0 0 00000000000000000000000000000000
194 24666214 1528 0 0 0 40000000000000000000000000000000
195 24764830 1528 0 1 0 00000000000000000000000000000000
196 24863502 1528 1 0 124 514bec057c000000214e4754028b336c
197 25060910 1528 0 1 0 00000000000000000000000000000000
198 25258222 1528 0 1 0 00000000000000000000000000000000
199 25455494 1528 0 0 0 40000000000000000000000000000000
200 25652942 1528 0 1 0 00000000000000000000000000000000
201 25850222 1528 0 1 0 00000000000000000000000000000000
202 25948798 1528 0 1 0 00000000000000000000000000000000
203 26047470 1528 0 0 130 114bec0582000000214e4754d3a40821
204 26244798 1528 0 1 0 00000000000000000000000000000000
205 26343454 1528 0 1 0 00000000000000000000000000000000
206 26442206 1528 1 0 132 514bec0584000000214e475415a28e2b
207 26540782 1528 0 1 0 00000000000000000000000000000000
208 26639710 1528 1 0 133 514bec0585000000214e475434a34b64
209 26794630 1528 0 1 0 00000000000000000000000000000000
210 27034166 1528 0 0 2378551650 7873130e62d1c58d4328dee513ffc472
211 27231454 1528 0 1 0 00000000000000000000000000000000
212 27330094 1528 0 1 0 00000000000000000000000000000000
213 27428846 1528 1 0 137 514bec0589000000214e4754b8af6612
214 27527422 1528 0 1 0 00000000000000000000000000000000
215 27626366 1528 0 0 138 114bec058a000000214e4754dbac215b
216 27823462 1528 0 1 0 00000000000000000000000000000000
217 28020814 1528 0 0 0 40000000000000000000000000000000
218 28119406 1528 0 1 0 00000000000000000000000000000000
219 28218294 1528 1 0 141 514bec058d000000214e47543cab621e
220 28415430 1528 0 1 0 00000000000000000000000000000000
221 28612974 1528 0 1 0 00000000000000000000000000000000
222 28711390 1528 0 1 0 00000000000000000000000000000000
223 28810054 1528 1 0 144 514bec0590000000214e4754a0f55efd
224 29007638 1528 0 1 0 00000000000000000000000000000000
225 29106046 1528 0 1 0 00000000000000000000000000000000
226 29204894 1528 1 0 146 514bec0592000000214e4754e2f7dcfb
227 29303374 1528 0 1 0 00000000000000000000000000000000
228 29402294 1528 1 0 147 514bec0593000000214e4754c3f619b4
229 29500702 1528 0 1 0 00000000000000000000000000000000
230 29599462 1528 1 0 148 514bec0594000000214e475424f15af1
231 29698030 1528 0 1 0 00000000000000000000000000000000
232 29796694 1528 1 0 149 514bec0595000000214e475405f09fbe
233 29895366 1528 0 1 0 00000000000000000000000000000000
234 29994054 1528 1 0 150 514bec0596000000214e475466f3d8f7
235 30092686 1528 0 1 0 00000000000000000000000000000000
236 30191454 1528 1 0 151 514bec0597000000214e475447f21db8
237 30290014 1528 0 1 0 00000000000000000000000000000000
238 30388846 1528 1 0 152 514bec0598000000214e4754a8fd7787
239 30487342 1528 0 1 0 00000000000000000000000000000000
240 30586246 1528 1 0 153 514bec0599000000214e475489fcb2c8
241 30684670 1528 0 1 0 00000000000000000000000000000000
242 30783574 1528 1 0 154 514bec059a000000214e4754eafff581
243 30881998 1528 0 1 0 00000000000000000000000000000000
244 30980686 1528 1 0 155 514bec059b000000214e4754cbfe30ce
245 31177990 1528 0 1 0 00000000000000000000000000000000
246 31276654 1528 0 1 0 00000000000000000000000000000000
247 31375382 1528 1 0 157 514bec059d000000214e47540df8b6c4
248 31572798 1528 0 1 0 00000000000000000000000000000000
249 31671310 1528 0 1 0 00000000000000000000000000000000
250 31770150 1528 1 0 159 514bec059f000000214e47544ffa34c2
251 31868638 1528 0 1 0 00000000000000000000000000000000
252 31967398 1528 1 0 160 514bec05a0000000214e4754f300229b
253 32065966 1528 0 1 0 00000000000000000000000000000000
254 32164798 1528 1 0 161 514bec05a1000000214e4754d201e7d4
255 32263294 1528 0 1 0 00000000000000000000000000000000
256 32362022 1528 1 0 162 514bec05a2000000214e4754b102a09d
257 32460622 1528 0 1 0 00000000000000000000000000000000
258 32559302 1528 1 0 163 514bec05a3000000214e4754900365d2
259 32657950 1528 0 1 0 00000000000000000000000000000000
260 32756958 1528 1 0 164 514bec05a4000000214e475477042697
261 32855278 1528 0 1 0 00000000000000000000000000000000
262 32954054 1528 1 0 165 514bec05a5000000214e47545605e3d8
263 33052606 1528 0 1 0 00000000000000000000000000000000
264 33151286 1528 1 0 166 514bec05a6000000214e47543506a491
265 33249934 1528 0 1 0 00000000000000000000000000000000
266 33348846 1528 1 0 167 514bec05a7000000214e4754140761de
267 33545942 1528 0 1 0 00000000000000000000000000000000
268 33743382 1528 0 1 0 00000000000000000000000000000000
269 33940734 1528 0 1 0 00000000000000000000000000000000
270 34039246 1528 0 1 0 00000000000000000000000000000000
271 34138158 1528 1 0 171 514bec05ab000000214e4754980b4ca8
272 34236574 1528 0 1 0 00000000000000000000000000000000
273 34335334 1528 1 0 172 514bec05ac000000214e47547f0c0fed
274 34433902 1528 0 1 0 00000000000000000000000000000000
275 34532694 1528 1 0 173 514bec05ad000000214e47545e0dcaa2
276 34729894 1528 0 1 0 00000000000000000000000000000000
277 34828558 1528 0 1 0 00000000000000000000000000000000
278 34927342 1528 1 0 175 514bec05af000000214e47541c0f48a4
279 35124726 1528 0 1 0 00000000000000000000000000000000
280 35322142 1528 0 1 0 00000000000000000000000000000000
281 35420542 1528 0 1 0 00000000000000000000000000000000
282 35519246 1528 1 0 178 514bec05b2000000214e475480517447
283 35716686 1528 0 1 0 00000000000000000000000000000000
284 35815198 1528 0 1 0 00000000000000000000000000000000
285 35913862 1528 1 0 180 514bec05b4000000214e47544657f24d
286 36111334 1528 0 1 0 00000000000000000000000000000000
287 36308718 1528 0 1 0 00000000000000000000000000000000
288 36407182 1528 0 1 0 00000000000000000000000000000000
289 36505878 1528 1 0 183 514bec05b7000000214e47542554b504
290 36604510 1528 0 1 0 00000000000000000000000000000000
291 36703270 1528 1 0 184 514bec05b8000000214e4754ca5bdf3b
292 36801838 1528 0 1 0 00000000000000000000000000000000
293 36900686 1528 1 0 185 514bec05b9000000214e4754eb5a1a74
294 37097966 1528 0 1 0 00000000000000000000000000000000
295 37196494 1528 0 1 0 00000000000000000000000000000000
296 37295166 1528 1 0 187 514bec05bb000000214e4754a9589872
297 37393822 1528 0 1 0 00000000000000000000000000000000
298 37492542 1528 1 0 188 514bec05bc000000214e47544e5fdb37
299 37591150 1528 0 1 0 00000000000000000000000000000000
300 37689830 1528 1 0 189 514bec05bd000000214e47546f5e1e78
301 37887318 1528 0 1 0 00000000000000000000000000000000
302 37985806 1528 0 1 0 00000000000000000000000000000000
303 38084606 1528 1 0 191 514bec05bf000000214e47542d5c9c7e
304 38281798 1528 0 1 0 00000000000000000000000000000000
305 38479374 1528 0 1 0 00000000000000000000000000000000
306 38676574 1528 0 1 0 00000000000000000000000000000000
307 38873870 1528 0 1 0 00000000000000000000000000000000
308 38972446 1528 0 1 0 00000000000000000000000000000000
309 39071118 1528 0 0 196 114bec05c4000000214e4754d1eed6e2
310 39268662 1528 0 1 0 00000000000000000000000000000000
311 39465838 1528 0 1 0 00000000000000000000000000000000
312 39564430 1528 0 1 0 00000000000000000000000000000000
313 39663390 1528 1 0 199 514bec05c7000000214e4754b2ed91ab
314 39761758 1528 0 1 0 00000000000000000000000000000000
315 39860422 1528 1 0 200 514bec05c8000000214e47545de2fb94
316 39959086 1528 0 1 0 00000000000000000000000000000000
317 40058030 1528 1 0 201 514bec05c9000000214e47547ce33edb
318 40156414 1528 0 1 0 00000000000000000000000000000000
319 40255446 1528 1 0 202 514bec05ca000000214e47541fe07992
320 40353742 1528 0 1 0 00000000000000000000000000000000
321 40452454 1528 1 0 203 514bec05cb000000214e47543ee1bcdd
322 40551070 1528 0 1 0 00000000000000000000000000000000
323 40650022 1528 1 0 204 514bec05cc000000214e4754d9e6ff98
324 40847094 1528 0 1 0 00000000000000000000000000000000
325 40945726 1528 0 1 0 00000000000000000000000000000000
326 41044662 1528 1 0 206 514bec05ce000000214e47549be47d9e
327 41143054 1528 0 1 0 00000000000000000000000000000000
328 41242126 1528 1 0 207 514bec05cf000000214e4754bae5b8d1
329 41340382 1528 0 1 0 00000000000000000000000000000000
330 41439326 1528 1 0 208 514bec05d0000000214e475464b90634
331 41537710 1528 0 1 0 00000000000000000000000000000000
332 41636550 1528 1 0 209 514bec05d1000000214e475445b8c37b
333 41735038 1528 0 1 0 00000000000000000000000000000000
334 41833734 1528 1 0 210 514bec05d2000000214e475426bb8432
335 41932366 1528 0 1 0 00000000000000000000000000000000
336 42031222 1528 1 0 211 514bec05d3000000214e475407ba417d
337 42228366 1528 0 1 0 00000000000000000000000000000000
338 42327022 1528 0 1 0 00000000000000000000000000000000
339 42425694 1528 1 0 213 514bec05d5000000214e4754c1bcc777
340 42623014 1528 0 1 0 00000000000000000000000000000000
341 42721686 1528 0 1 0 00000000000000000000000000000000
342 42820350 1528 1 0 215 514bec05d7000000214e475483be4571
343 43017830 1528 0 1 0 00000000000000000000000000000000
344 43215030 1528 0 1 0 00000000000000000000000000000000
345 43313662 1528 0 1 0 00000000000000000000000000000000
346 43412518 1528 1 0 218 514bec05da000000214e47542eb3ad48
347 43510990 1528 0 1 0 00000000000000000000000000000000
348 43609734 1528 1 0 219 514bec05db000000214e47540fb26807
349 43708318 1528 0 1 0 00000000000000000000000000000000
350 43807126 1528 1 0 220 514bec05dc000000214e4754e8b52b42
351 43905646 1528 0 1 0 00000000000000000000000000000000
352 44004558 1528 1 0 221 514bec05dd000000214e4754c9b4ee0d
353 44102974 1528 0 1 0 00000000000000000000000000000000
354 44201806 1528 1 0 222 514bec05de000000214e4754aab7a944
355 44399206 1528 0 1 0 00000000000000000000000000000000
356 44497630 1528 0 1 0 00000000000000000000000000000000
357 44596302 1528 1 0 224 514bec05e0000000214e4754374c7a52
358 44694958 1528 0 1 0 00000000000000000000000000000000
359 44793630 1528 1 0 225 514bec05e1000000214e4754164dbf1d
360 44991062 1528 0 1 0 00000000000000000000000000000000
361 45188486 1528 0 1 0 00000000000000000000000000000000
362 45286942 1528 0 1 0 00000000000000000000000000000000
363 45385670 1528 1 0 228 514bec05e4000000214e4754b3487e5e
364 45583198 1528 0 1 0 00000000000000000000000000000000
365 45780486 1528 0 1 0 00000000000000000000000000000000
366 45977806 1528 0 1 0 00000000000000000000000000000000
367 46076254 1528 0 1 0 00000000000000000000000000000000
368 46175046 1528 1 0 232 514bec05e8000000214e47543f445328
369 46273582 1528 0 1 0 00000000000000000000000000000000
370 46372286 1528 1 0 233 514bec05e9000000214e47541e459667
371 46470910 1528 0 1 0 00000000000000000000000000000000
372 46569678 1528 1 0 234 514bec05ea000000214e47547d46d12e
373 46668238 1528 0 1 0 00000000000000000000000000000000
374 46766974 1528 1 0 235 514bec05eb000000214e47545c471461
375 46964342 1528 0 1 0 00000000000000000000000000000000
376 47062894 1528 0 1 0 00000000000000000000000000000000
377 47161742 1528 1 0 237 514bec05ed000000214e47549a41926b
378 47260222 1528 0 1 0 00000000000000000000000000000000
379 47359054 1528 1 0 238 514bec05ee000000214e4754f942d522
380 47457550 1528 0 1 0 00000000000000000000000000000000
381 47556294 1528 1 0 239 514bec05ef000000214e4754d843106d
382 47654878 1528 0 1 0 00000000000000000000000000000000
383 47753702 1528 1 0 240 514bec05f0000000214e4754061fae88
384 47852206 1528 0 1 0 00000000000000000000000000000000
