# ep clk heldts dheldts toff accoff runmax thr nxcd nnewpk nsync pkts rxframes
0 99355 12324 -1 12324 12324 68459125 200769022 1 1 0 0 0
1 198403 24609 12285 12276 12276 62528749 197677082 1 1 1 1 0
2 297523 24609 0 12276 12276 0 170120035 0 0 1 2 1
3 396347 49198 24589 12199 12199 63640530 186241328 1 1 0 2 2
4 495059 49198 0 12199 12199 0 149110103 0 0 1 3 2
5 593731 73857 24659 12192 12192 57760525 199648378 1 1 0 3 3
6 692459 86182 12325 12184 12184 55866065 180927967 1 1 1 4 3
7 791123 98515 12333 12184 12184 63904292 192627583 1 1 1 5 4
8 890011 98515 0 12184 12184 0 163108226 0 0 1 6 5
9 988811 123136 24621 12139 12139 65309985 185909059 1 1 0 6 6
10 1087483 135468 12332 12138 12138 60438465 193922716 1 1 1 7 6
11 1186147 147801 12333 12138 12138 65894810 201025480 2 2 1 8 7
12 1284907 160122 12321 12126 12126 33491816 193454813 1 1 1 9 8
13 1383571 172455 12333 12126 12126 60344981 172877103 1 1 1 10 9
14 1482299 172455 0 12126 12126 0 148178843 0 0 1 11 10
15 1580963 197113 24658 12118 12118 55325728 184727671 1 1 0 11 11
16 1679659 209442 12329 12114 12114 53729156 182406719 1 1 1 12 11
17 1778323 221775 12333 12114 12114 63927905 176268008 1 1 1 13 12
18 1877139 234089 12314 12095 12095 53703698 197182085 1 1 1 14 13
19 1975803 246422 12333 12095 12095 52240000 189239793 1 1 1 15 14
20 2074675 246422 0 12095 12095 0 174321741 0 0 1 16 15
21 2173339 271062 24640 12069 12069 61623725 201260214 2 2 0 16 16
22 2272203 283370 12308 12044 12044 57866498 174783113 1 1 1 17 16
23 2370867 295703 12333 12044 12044 61201108 188520749 1 1 1 18 17
24 2469659 295703 0 12044 12044 0 198035832 0 0 1 19 18
25 2568323 320353 24650 12028 12028 59793040 199207317 1 1 0 19 19
26 2667003 320353 0 12028 12028 0 192636266 0 0 1 20 19
27 2765667 345017 24664 12026 12026 59506101 180159985 1 1 0 20 20
28 2864347 357348 12331 12024 12024 58153378 190738991 1 1 1 21 20
29 2963011 369681 12333 12024 12024 52548626 204834392 1 1 1 22 21
30 3061715 382009 12328 12019 12019 63884981 211588009 1 1 1 23 22
31 3160379 394342 12333 12019 12019 65390473 198365375 1 1 1 24 23
32 3259195 406656 12314 12000 12000 69912882 188122988 1 1 1 25 24
33 3357859 418989 12333 12000 12000 57808777 201840225 1 1 1 26 25
34 3456755 431293 12304 11971 11971 58359277 204175097 1 1 1 27 26
35 3555419 443626 12333 11971 11971 52479818 160713731 2 2 1 28 27
36 3654339 455927 12301 11939 11939 61073289 195015221 1 1 1 29 28
37 3753003 468260 12333 11939 11939 57036725 182464627 1 1 1 30 29
38 3851883 468260 0 11939 11939 0 187178982 0 0 1 31 30
39 3950547 492899 24639 11912 11912 57361320 200018500 1 1 0 31 31
40 4049235 492899 0 11912 11912 0 169147634 0 0 1 32 31
41 4147899 517562 24663 11909 11909 69259490 178287442 1 1 0 32 32
42 4246603 529890 12328 11904 11904 57903605 189959198 1 1 1 33 32
43 4345267 542223 12333 11904 11904 60203205 188403435 1 1 1 34 33
44 4444139 554530 12307 11878 11878 60935981 172929290 1 1 1 35 34
45 4542803 566863 12333 11878 11878 64157306 191601805 1 1 1 36 35
46 4641635 566863 0 11878 11878 0 186825333 0 0 1 37 36
47 4740299 591508 24645 11857 11857 61260833 187918405 1 1 0 37 37
48 4838979 591508 0 11857 11857 0 181688113 0 0 1 38 37
49 4937643 616172 24664 11855 11855 60592912 175078727 1 1 0 38 38
50 5036459 616172 0 11855 11855 0 175157086 0 0 1 39 38
51 5135123 640819 24647 11836 11836 54530237 162271722 1 1 0 39 39
52 5233899 653138 12319 11822 11822 58110485 183459497 1 1 1 40 39
53 5332563 665471 12333 11822 11822 56376554 174748729 2 2 1 41 40
54 5431387 677784 12313 11802 11802 56160425 160765065 1 1 1 42 41
55 5530051 690117 12333 11802 11802 58625269 174549600 1 1 1 43 42
56 5628779 702476 12359 11828 11828 30642253 217431137 1 1 1 44 43
57 5727443 714775 12299 11794 11794 59567560 173274926 1 1 1 45 44
58 5826395 714775 0 11794 11794 0 187945891 0 0 1 46 45
59 5925715 739323 24548 11676 11676 59375018 173171471 1 1 0 46 46
60 6024515 751639 12316 11659 11659 57395700 179067314 1 1 1 47 46
61 6123179 763972 12333 11659 11659 66583962 172080638 1 1 1 48 47
62 6221843 763972 0 11659 11659 0 166960891 0 0 1 49 48
63 6320507 788638 24666 11659 11659 56320226 207699955 1 1 0 49 49
64 6419179 788638 0 11659 11659 0 189922739 0 0 1 50 49
65 6517843 813303 24665 11658 11658 64006420 181396088 2 2 0 50 50
66 6616563 813303 0 11658 11658 0 207502859 0 0 1 51 50
67 6715227 837962 24659 11651 11651 58083169 162944627 1 1 0 51 51
68 6813947 850288 12326 11644 11644 55624117 164251544 1 1 1 52 51
69 6912611 862621 12333 11644 11644 61401805 192534055 1 1 1 53 52
70 7011291 874952 12331 11642 11642 51545060 178507709 1 1 1 54 53
71 7109955 887285 12333 11642 11642 59252680 202191225 1 1 1 55 54
72 7208843 899590 12305 11614 11614 57347698 195664678 1 1 1 56 55
73 7307507 911923 12333 11614 11614 64162253 169664277 1 1 1 57 56
74 7406355 911923 0 11614 11614 0 188071262 0 0 1 58 57
75 7505019 936566 24643 11591 11591 63789885 188491145 1 1 0 58 58
76 7603955 948865 12299 11557 11557 51001540 170373397 1 1 1 59 58
77 7702619 961198 12333 11557 11557 63505217 182846627 2 2 1 60 59
78 7801379 973519 12321 11545 11545 58520128 191910606 1 1 1 61 60
79 7900043 985852 12333 11545 11545 56474021 187208140 1 1 1 62 61
80 7998907 998160 12308 11520 11520 49179721 180256398 1 1 1 63 62
81 8097571 1010493 12333 11520 11520 59672965 171756049 1 1 1 64 63
82 8196475 1022796 12303 11490 11490 52817218 193626838 1 1 1 65 64
83 8295139 1035129 12333 11490 11490 60555229 192891227 1 1 1 66 65
84 8393803 1047462 12333 11490 11490 53983880 194621356 1 1 1 67 66
85 8492467 1059795 12333 11490 11490 65084666 197557279 1 1 1 68 67
86 8591147 1072126 12331 11488 11488 69311177 176010802 1 1 1 69 68
87 8689811 1084459 12333 11488 11488 60985552 183077851 1 1 1 70 69
88 8788659 1096769 12310 11465 11465 66843857 202885175 1 1 1 71 70
89 8887323 1109102 12333 11465 11465 56825288 172831113 1 1 1 72 71
90 8986171 1121611 12509 11641 11641 14087565 183096474 1 1 1 73 72
91 9084835 1133745 12134 11442 11442 54000329 177788599 1 1 1 74 73
92 9183627 1146062 12317 11426 11426 53568580 177246516 1 1 1 75 73
93 9282291 1158395 12333 11426 11426 58109893 178333572 1 1 1 76 74
94 9381115 1158395 0 11426 11426 0 158687410 0 0 1 77 75
95 9479779 1183041 24646 11406 11406 56537546 176649584 1 1 0 77 76
96 9578467 1195371 12330 11403 11403 61264232 192849444 1 1 1 78 76
97 9677131 1207704 12333 11403 11403 62554120 192492056 1 1 1 79 77
98 9775955 1220017 12313 11383 11383 63139205 187554685 1 1 1 80 78
99 9874619 1232350 12333 11383 11383 60893485 170249188 1 1 1 81 79
100 9973443 1244663 12313 11363 11363 57281049 196121393 1 1 1 82 80
101 10072107 1256996 12333 11363 11363 55347937 188869300 1 1 1 83 81
102 10170779 1269328 12332 11362 11362 58595305 190213940 1 1 1 84 82
103 10269443 1281661 12333 11362 11362 60886580 182544760 1 1 1 85 83
104 10368107 1281661 0 11362 11362 0 171948128 0 0 1 86 84
105 10466771 1306328 24667 11363 11363 62283728 193550680 1 1 0 86 85
106 10565675 1318630 12302 11332 11332 62111041 192302884 1 1 1 87 85
107 10664339 1330963 12333 11332 11332 69067336 183736151 1 1 1 88 86
108 10763107 1330963 0 11332 11332 0 187881198 0 0 1 89 87
109 10861771 1355616 24653 11319 11319 68261706 188831101 1 1 0 89 88
110 10960723 1355616 0 11319 11319 0 193007806 0 0 1 90 88
111 11059387 1380246 24630 11283 11283 59178050 170254421 1 1 0 90 89
112 11158155 1392566 12320 11270 11270 41430749 182123279 1 1 1 91 89
113 11256819 1404899 12333 11270 11270 63997380 177657872 1 1 1 92 90
114 11355651 1417211 12312 11249 11249 60069529 197361030 1 1 1 93 91
115 11454315 1429544 12333 11249 11249 60545669 176055390 1 1 1 94 92
116 11553051 1441868 12324 11240 11240 50255685 185522959 1 1 1 95 93
117 11651715 1454201 12333 11240 11240 66243370 189349060 1 1 1 96 94
118 11750491 1466520 12319 11226 11226 65837930 176022358 1 1 1 97 95
119 11849155 1478853 12333 11226 11226 64722061 179713334 1 1 1 98 96
120 11948131 1478853 0 11226 11226 0 178061028 0 0 1 99 97
121 12046795 1503480 24627 11187 11187 61776929 177615902 3 3 0 99 98
122 12145699 1515783 12303 11157 11157 55745000 172519671 1 1 1 100 98
123 12244363 1528116 12333 11157 11157 55500145 179295659 1 1 1 101 99
124 12343115 1540438 12322 11146 11146 55013697 176575800 1 1 1 102 100
125 12441779 1552771 12333 11146 11146 65114369 196448724 1 1 1 103 101
126 12540667 1552771 0 11146 11146 0 193600693 0 0 1 104 102
127 12639331 1577409 24638 11118 11118 66950660 173116777 1 1 0 104 103
128 12738219 1589715 12306 11091 11091 59290610 186340166 1 1 1 105 103
129 12836883 1602047 12332 11090 11090 68266809 188043971 1 1 1 106 104
130 12935555 1614379 12332 11089 11089 56078900 180564715 1 1 1 107 105
131 13034219 1626712 12333 11089 11089 58230058 174118751 2 2 1 108 106
132 13133139 1639013 12301 11057 11057 63088042 187533607 1 1 1 109 107
133 13231803 1651346 12333 11057 11057 55232386 201223483 1 1 1 110 108
134 13330467 1663682 12336 11060 11060 43166474 219458536 1 1 1 111 109
135 13429131 1676015 12333 11060 11060 66799778 185457112 1 1 1 112 110
136 13527875 1688335 12320 11047 11047 68626493 181455994 1 1 1 113 111
137 13626539 1700668 12333 11047 11047 58225210 185092218 1 1 1 114 112
138 13725203 1713002 12334 11048 11048 50111773 184221869 1 1 1 115 113
139 13823867 1725335 12333 11048 11048 55163368 204584973 1 1 1 116 114
140 13922747 1737640 12305 11020 11020 60094873 182874678 1 1 1 117 115
141 14021411 1749973 12333 11020 11020 57146884 168146743 1 1 1 118 116
142 14120083 1762305 12332 11019 11019 57912010 180471511 1 1 1 119 117
143 14218747 1774638 12333 11019 11019 55076453 194611260 1 1 1 120 118
144 14317747 1786929 12291 10977 10977 67643201 175848038 1 1 1 121 119
145 14416411 1799262 12333 10977 10977 60851290 191167686 1 1 1 122 120
146 14515235 1799262 0 10977 10977 0 175520107 0 0 1 123 121
147 14613899 1823908 24646 10957 10957 64441957 180953912 1 1 0 123 122
148 14712771 1823908 0 10957 10957 0 177207794 0 0 1 124 122
149 14811435 1848548 24640 10931 10931 60050234 183422499 1 1 0 124 123
150 14910443 1860838 12290 10888 10888 57242404 186469646 1 1 1 125 123
151 15009107 1873171 12333 10888 10888 60497813 198777207 1 1 1 126 124
152 15107907 1885487 12316 10871 10871 54082340 170294660 1 1 1 127 125
153 15206571 1897820 12333 10871 10871 61772269 190146715 1 1 1 128 126
154 15305339 1910140 12320 10858 10858 65522408 194044806 1 1 1 129 127
155 15404003 1922473 12333 10858 10858 70358130 208673810 1 1 1 130 128
156 15502931 1934773 12300 10825 10825 52332925 200565034 1 1 1 131 129
157 15601595 1947106 12333 10825 10825 60625277 183826959 1 1 1 132 130
158 15700387 1947106 0 10825 10825 0 198852950 0 0 1 133 131
159 15799051 1971756 24650 10809 10809 58519397 185573987 1 1 0 133 132
160 15897979 1971756 0 10809 10809 0 207475443 0 0 1 134 132
161 15996643 1996389 24633 10776 10776 59276498 185629570 1 1 0 134 133
162 16095643 2008680 12291 10734 10734 54373673 190490839 1 1 1 135 133
163 16194307 2021013 12333 10734 10734 52367977 202486383 1 1 1 136 134
164 16292987 2021013 0 10734 10734 0 200820502 0 0 1 137 135
165 16391651 2045677 24664 10732 10732 56126986 190922342 1 1 0 137 136
166 16490459 2057992 12315 10714 10714 46527169 194602962 1 1 1 138 136
167 16589123 2070325 12333 10714 10714 57026817 201446041 1 1 1 139 137
168 16687787 2082658 12333 10714 10714 61216912 185503518 1 1 1 140 138
169 16786451 2094991 12333 10714 10714 59748257 187909545 1 1 1 141 139
170 16885275 2094991 0 10714 10714 0 191655597 0 0 1 142 140
171 16983939 2119637 24646 10694 10694 56148570 230642113 1 1 0 142 141
172 17082803 2119637 0 10694 10694 0 173545795 0 0 1 143 141
173 17181467 2144278 24641 10669 10669 59552125 182505797 1 1 0 143 142
174 17280443 2144278 0 10669 10669 0 188612628 0 0 1 144 142
175 17379107 2168905 24627 10630 10630 61307945 189463236 1 1 0 144 143
176 17477883 2181224 12319 10616 10616 50381005 174938249 1 1 1 145 143
177 17576547 2193557 12333 10616 10616 57639193 192467140 1 1 1 146 144
178 17675419 2205864 12307 10590 10590 41074128 181544437 1 1 1 147 145
179 17774083 2218197 12333 10590 10590 57239773 169083147 1 1 1 148 146
180 17872931 2230507 12310 10567 10567 67166945 172985190 1 1 1 149 147
181 17971595 2242840 12333 10567 10567 71086408 177297290 1 1 1 150 148
182 18070475 2255146 12306 10540 10540 64397770 194609377 1 1 1 151 149
183 18169139 2267479 12333 10540 10540 63276484 171326859 1 1 1 152 150
184 18267811 2267479 0 10540 10540 0 208492078 0 0 1 153 151
185 18366475 2292144 24665 10539 10539 66309818 196782593 1 1 0 153 152
186 18465275 2292144 0 10539 10539 0 215257905 0 0 1 154 152
187 18563939 2316793 24649 10522 10522 64086217 191820482 1 1 0 154 153
188 18662843 2329096 12303 10492 10492 57129764 189257771 1 1 1 155 153
189 18761507 2341429 12333 10492 10492 58552913 193918136 1 1 1 156 154
190 18860195 2341429 0 10492 10492 0 191386350 0 0 1 157 155
191 18958859 2366092 24663 10489 10489 61565341 200142407 1 1 0 157 156
192 19057755 2366092 0 10489 10489 0 195146851 0 0 1 158 156
193 19156419 2390729 24637 10460 10460 62539418 179872761 1 1 0 158 157
194 19255155 2390729 0 10460 10460 0 147243821 0 0 1 159 157
195 19353819 2415386 24657 10451 10451 54920837 187808224 1 1 0 159 158
196 19452707 2427691 12305 10423 10423 59351338 196504163 1 1 1 160 158
197 19551371 2440024 12333 10423 10423 63990085 168021627 1 1 1 161 159
198 19650035 2452357 12333 10423 10423 50862505 206835474 1 1 1 162 160
199 19748699 2464690 12333 10423 10423 62531461 191500245 1 1 1 163 161
200 19847555 2476999 12309 10399 10399 56025709 172946145 1 1 1 164 162
201 19946219 2489332 12333 10399 10399 54869050 168238129 1 1 1 165 163
202 20044883 2501666 12334 10400 10400 60348850 184342805 1 1 1 166 164
203 20143547 2513999 12333 10400 10400 58244401 193598483 1 1 1 167 165
204 20242235 2513999 0 10400 10400 0 180682180 0 0 1 168 166
205 20340899 2538661 24662 10396 10396 62410100 159296457 1 1 0 168 167
206 20439691 2550978 12317 10380 10380 45992736 176433750 1 1 1 169 167
207 20538355 2563311 12333 10380 10380 58829684 195727997 1 1 1 170 168
208 20637251 2563311 0 10380 10380 0 180264104 0 0 1 171 169
209 20735915 2587948 24637 10351 10351 61893170 196796236 1 1 0 171 170
210 20834787 2600255 12307 10325 10325 63712468 177157016 1 1 1 172 170
211 20933451 2612588 12333 10325 10325 58500368 168747758 1 1 1 173 171
212 21032163 2624915 12327 10319 10319 56511733 185669015 1 1 1 174 172
213 21130827 2637248 12333 10319 10319 66667796 188784201 1 1 1 175 173
214 21229491 2649582 12334 10320 10320 55070802 210053571 1 1 1 176 174
215 21328155 2661915 12333 10320 10320 56372873 186248906 1 1 1 177 175
216 21426867 2674241 12326 10313 10313 63646180 195412843 1 1 1 178 176
217 21525531 2686574 12333 10313 10313 60341968 186683585 1 1 1 179 177
218 21624355 2698887 12313 10293 10293 45774634 180893265 1 1 1 180 178
219 21723019 2711220 12333 10293 10293 60435157 154174208 2 2 1 181 179
220 21821891 2711220 0 10293 10293 0 186987880 0 0 1 182 180
221 21920555 2735860 24640 10267 10267 54048650 190596793 1 1 0 182 181
222 22019251 2748189 12329 10263 10263 63331792 190432821 1 1 1 183 181
223 22117915 2760522 12333 10263 10263 61993348 175543805 1 1 1 184 182
224 22216707 2772839 12317 10247 10247 62963669 171057624 1 1 1 185 183
225 22315371 2785172 12333 10247 10247 61845097 165699495 1 1 1 186 184
226 22414083 2797499 12327 10241 10241 60451586 189342899 1 1 1 187 185
227 22512747 2809832 12333 10241 10241 62221120 196581216 1 1 1 188 186
228 22611635 2822137 12305 10213 10213 58861661 178814185 1 1 1 189 187
229 22710307 2834470 12333 10213 10213 58778469 192703964 1 1 1 190 188
230 22809235 2846769 12299 10179 10179 56523133 182321513 1 1 1 191 189
231 22907899 2859102 12333 10179 10179 68797220 181067303 1 1 1 192 190
232 23006827 2859102 0 10179 10179 0 184047082 0 0 1 193 191
233 23105491 2883735 24633 10146 10146 56344392 173144159 1 1 0 193 192
234 23204155 2896068 12333 10146 10146 56824594 191702381 1 1 1 194 192
235 23302819 2908401 12333 10146 10146 64821202 176697392 2 2 1 195 193
236 23401739 2922560 14159 11972 11972 54739600 200230822 2 2 1 196 194
237 23500403 2933035 10475 10114 10114 62449000 183303815 1 1 1 197 195
238 23599067 2945369 12334 10115 10115 53627317 193346392 1 1 1 198 195
239 23697731 2957702 12333 10115 10115 59845840 205011770 1 1 1 199 196
240 23796667 2957702 0 10115 10115 0 193175071 0 0 1 200 197
241 23895331 2982333 24631 10080 10080 63776648 182184665 1 1 0 200 198
242 23994163 2994645 12312 10059 10059 59861321 202825572 1 1 1 201 198
243 24092827 3006978 12333 10059 10059 58956725 179043432 1 1 1 202 199
244 24191515 3019308 12330 10056 10056 61089625 195706010 2 1 1 203 200
245 24290179 3031641 12333 10056 10056 63968705 181077725 1 1 1 204 201
246 24389083 3043944 12303 10026 10026 63351922 163014695 1 1 1 205 202
247 24487747 3056277 12333 10026 10026 64340461 184582954 1 1 1 206 203
248 24586451 3068605 12328 10021 10021 49888045 179840736 1 1 1 207 204
249 24685115 3080938 12333 10021 10021 54796004 179676774 1 1 1 208 205
250 24783995 3093244 12306 9994 9994 60446341 174714527 1 1 1 209 206
251 24882659 3105577 12333 9994 9994 63080849 174403098 1 1 1 210 207
252 24981371 3117904 12327 9988 9988 56431604 176950519 1 1 1 211 208
253 25080035 3130237 12333 9988 9988 51456905 173821985 1 1 1 212 209
254 25178715 3130237 0 9988 9988 0 194214792 0 0 1 213 210
255 25277387 3154901 24664 9986 9986 60423266 176451252 1 1 0 213 211
256 25376339 3154901 0 9986 9986 0 199830194 0 0 1 214 211
257 25475003 3179530 24629 9949 9949 54284341 207138712 1 1 0 214 212
258 25573755 3179530 0 9949 9949 0 208691094 0 0 1 215 212
259 25672419 3204185 24655 9938 9938 56166221 157288422 1 1 0 215 213
260 25771259 3216496 12311 9916 9916 51406361 178292751 1 1 1 216 213
261 25869923 3228829 12333 9916 9916 59990285 162147012 1 1 1 217 214
262 25968779 3241138 12309 9892 9892 48676277 204833382 1 1 1 218 215
263 26067443 3253471 12333 9892 9892 65678121 178355266 1 1 1 219 216
264 26166171 3265796 12325 9884 9884 56131450 207855743 1 1 1 220 217
265 26264835 3278129 12333 9884 9884 64386601 190946120 1 1 1 221 218
266 26363563 3278129 0 9884 9884 0 180262641 0 0 1 222 219
267 26462227 3302787 24658 9876 9876 56311312 201156550 2 2 0 222 220
268 26561131 3315090 12303 9846 9846 56664041 171117117 1 1 1 223 220
269 26659795 3327423 12333 9846 9846 63879289 174486811 2 2 1 224 221
270 26758579 3339741 12318 9831 9831 53692253 177877455 1 1 1 225 222
271 26857243 3352074 12333 9831 9831 58488890 202031602 1 1 1 226 223
272 26955955 3352074 0 9831 9831 0 187095950 0 0 1 227 224
273 27054619 3376734 24660 9825 9825 57878757 194419615 1 1 0 227 225
274 27153363 3376734 0 9825 9825 0 172273297 0 0 1 228 225
275 27252027 3401390 24656 9815 9815 64181665 183954517 1 1 0 228 226
276 27350731 3413718 12328 9810 9810 57625697 193844184 1 1 1 229 226
277 27449395 3426051 12333 9810 9810 53147368 189256690 1 1 1 230 227
278 27548291 3438355 12304 9781 9781 45667561 192471732 1 1 1 231 228
279 27646955 3450688 12333 9781 9781 55767553 201651515 1 1 1 232 229
280 27745803 3450688 0 9781 9781 0 179951197 0 0 1 233 230
281 27844467 3475331 24643 9758 9758 68046245 193785187 1 1 0 233 231
282 27943307 3487642 12311 9736 9736 72420181 182967281 1 1 1 234 231
283 28041971 3499975 12333 9736 9736 70172752 190762802 1 1 1 235 232
284 28140811 3512286 12311 9714 9714 46673800 182133820 1 1 1 236 233
285 28239475 3524619 12333 9714 9714 55131221 170351548 1 1 1 237 234
286 28338371 3524619 0 9714 9714 0 189295950 0 0 1 238 235
287 28437035 3549256 24637 9685 9685 55575965 176070624 1 1 0 238 236
288 28535827 3561573 12317 9669 9669 56340045 167479548 1 1 1 239 236
289 28634491 3573906 12333 9669 9669 64636218 189773119 1 1 1 240 237
290 28733163 3573906 0 9669 9669 0 184458469 0 0 1 241 238
291 28831827 3598571 24665 9668 9668 58335661 180396873 1 1 0 241 239
292 28930707 3598571 0 9668 9668 0 210176283 0 0 1 242 239
293 29029371 3623210 24639 9641 9641 62683690 186088128 1 1 0 242 240
294 29128211 3635521 12311 9619 9619 46266274 186560018 1 1 1 243 240
295 29226875 3647854 12333 9619 9619 56192225 160818626 1 1 1 244 241
296 29325747 3660161 12307 9593 9593 61569952 210123255 1 1 1 245 242
297 29424411 3672494 12333 9593 9593 61196941 169634309 1 1 1 246 243
298 29523091 3672494 0 9593 9593 0 191939578 0 0 1 247 244
299 29621755 3697158 24664 9591 9591 54629797 195485677 1 1 0 247 245
300 29720659 3697158 0 9591 9591 0 183474215 0 0 1 248 245
301 29819331 3721794 24636 9561 9561 59237441 199883740 1 1 0 248 246
302 29918283 3721794 0 9561 9561 0 199989842 0 0 1 249 246
303 30016947 3746423 24629 9524 9524 60987877 187540467 2 2 0 249 247
304 30115811 3758731 12308 9499 9499 62296730 184918511 1 1 1 250 247
305 30214475 3771064 12333 9499 9499 60898450 204690885 1 1 1 251 248
306 30313147 3771064 0 9499 9499 0 187993545 0 0 1 252 249
307 30411811 3795729 24665 9498 9498 68671312 185577334 1 1 0 252 250
308 30510483 3808061 12332 9497 9497 60662353 167770756 1 1 1 253 250
309 30609147 3820394 12333 9497 9497 69315625 191666134 1 1 1 254 251
310 30708051 3832697 12303 9467 9467 59173736 172676174 2 1 1 255 252
311 30806715 3845030 12333 9467 9467 58733978 201067660 1 1 1 256 253
312 30905411 3857359 12329 9463 9463 64129913 193681174 1 1 1 257 254
313 31004075 3869692 12333 9463 9463 59134913 155792496 3 3 1 258 255
314 31102755 3882023 12331 9461 9461 58400245 155798384 1 1 1 259 256
315 31201419 3894356 12333 9461 9461 64383097 172149696 1 1 1 260 257
316 31300099 3894356 0 9461 9461 0 191239397 0 0 1 261 258
317 31398763 3919020 24664 9459 9459 54673970 191617163 1 1 0 261 259
318 31497523 3931341 12321 9447 9447 56019569 207389169 1 1 1 262 259
319 31596187 3943674 12333 9447 9447 62321033 193785050 1 1 1 263 260
320 31694995 3955989 12315 9429 9429 64016101 186838981 1 1 1 264 261
321 31793659 3968322 12333 9429 9429 57559850 189171181 1 1 1 265 262
322 31892323 3968322 0 9429 9429 0 186336113 0 0 1 266 263
323 31990987 3992988 24666 9429 9429 57477250 169195687 3 3 0 266 264
324 32089843 4005297 12309 9405 9405 55633012 180319943 1 1 1 267 264
325 32188507 4017630 12333 9405 9405 55411865 155804989 2 2 1 268 265
326 32287403 4029934 12304 9376 9376 57396217 218884593 1 1 1 269 266
327 32386075 4042267 12333 9376 9376 59309881 200847163 1 1 1 270 267
328 32485019 4042267 0 9376 9376 0 192925693 0 0 1 271 268
329 32583691 4066897 24630 9340 9340 61010225 174817872 1 1 0 271 269
330 32682619 4066897 0 9340 9340 0 198804849 0 0 1 272 269
331 32781283 4091529 24632 9306 9306 60946280 209211717 1 1 0 272 270
332 32879947 4091529 0 9306 9306 0 172210098 0 0 1 273 270
333 32978611 4116207 24678 9318 9318 56649905 171590581 1 1 0 273 271
334 33077275 4116207 0 9318 9318 0 161878208 0 0 1 274 271
335 33175939 4140871 24664 9316 9316 60872733 178195974 1 1 0 274 272
336 33274651 4153188 12317 9300 9300 68483369 187768816 1 1 1 275 272
337 33373323 4165521 12333 9300 9300 61069321 170851388 2 2 1 276 273
338 33472187 4165521 0 9300 9300 0 178988858 0 0 1 277 274
339 33570851 4190161 24640 9274 9274 61064545 185830117 1 1 0 277 275
340 33669643 4190161 0 9274 9274 0 204498860 0 0 1 278 275
341 33768307 4214811 24650 9258 9258 66750165 177893681 1 1 0 278 276
342 33867155 4214811 0 9258 9258 0 207276304 0 0 1 279 276
343 33965827 4239454 24643 9235 9235 56935345 194897068 1 1 0 279 277
344 34064707 4251759 12305 9207 9207 56026825 182430602 1 1 1 280 277
345 34163379 4264092 12333 9207 9207 58277965 179344836 1 1 1 281 278
346 34262307 4276391 12299 9173 9173 63472968 174632583 1 1 1 282 279
347 34360971 4288724 12333 9173 9173 59059549 197999515 1 1 1 283 280
348 34459651 4301055 12331 9171 9171 63432500 166521989 1 1 1 284 281
349 34558371 4313388 12333 9171 9171 60362285 174547880 1 1 1 285 282
350 34657315 4325679 12291 9129 9129 62057945 191486607 1 1 1 286 283
351 34755979 4338012 12333 9129 9129 51822205 181326400 1 1 1 287 284
352 34854779 4338012 0 9129 9129 0 178594830 0 0 1 288 285
353 34953443 4362661 24649 9112 9112 60799945 175777859 1 1 0 288 286
354 35052299 4374970 12309 9088 9088 58350069 185441359 1 1 1 289 286
355 35150963 4387303 12333 9088 9088 53204117 184602881 1 1 1 290 287
356 35249675 4399630 12327 9082 9082 45959330 186091588 1 1 1 291 288
357 35348347 4411963 12333 9082 9082 64225157 177211983 1 1 1 292 289
358 35447227 4411963 0 9082 9082 0 160493165 0 0 1 293 290
359 35545891 4436601 24638 9054 9054 56693941 178095926 1 1 0 293 291
360 35644707 4436601 0 9054 9054 0 188783687 0 0 1 294 291
361 35743371 4461248 24647 9035 9035 56786834 196376187 1 1 0 294 292
362 35842035 4473581 12333 9035 9035 58119178 166515733 1 1 1 295 292
363 35940699 4485914 12333 9035 9035 55249690 166097371 1 1 1 296 293
364 36039467 4498234 12320 9022 9022 41736677 196917136 1 1 1 297 294
365 36138131 4510567 12333 9022 9022 55518242 158145290 1 1 1 298 295
366 36236803 4522899 12332 9021 9021 56988026 187992510 1 1 1 299 296
367 36335467 4535232 12333 9021 9021 59787130 180223993 1 1 1 300 297
368 36434179 4547559 12327 9015 9015 59814725 175210901 1 1 1 301 298
369 36532843 4559892 12333 9015 9015 58616840 193267493 2 2 1 302 299
370 36631579 4559892 0 9015 9015 0 157278138 0 0 1 303 300
371 36730243 4584549 24657 9006 9006 58439572 205488372 1 1 0 303 301
372 36829083 4596860 12311 8984 8984 53814184 216214243 1 1 1 304 301
373 36927747 4609193 12333 8984 8984 67929965 197397747 1 1 1 305 302
374 37026555 4621508 12315 8966 8966 53615693 197581153 1 1 1 306 303
375 37125219 4633841 12333 8966 8966 56421986 188917426 1 1 1 307 304
376 37223883 4633841 0 8966 8966 0 168680352 0 0 1 308 305
377 37322547 4658509 24668 8968 8968 56672384 164820569 1 1 0 308 306
378 37421211 4670841 12332 8967 8967 35011810 194135228 1 1 1 309 306
379 37519875 4683174 12333 8967 8967 59014170 200945292 1 1 1 310 307
380 37618683 4695488 12314 8948 8948 53483033 168154411 1 1 1 311 308
381 37717347 4707821 12333 8948 8948 61548881 179348194 1 1 1 312 309
382 37816091 4707821 0 8948 8948 0 189629298 0 0 1 313 310
383 37914755 4732477 24656 8938 8938 57528266 172874624 1 1 0 313 311
384 38013571 4732477 0 8938 8938 0 195260031 0 0 1 314 311
385 38112235 4757124 24647 8919 8919 61142357 173525967 1 1 0 314 312
386 38210955 4769450 12326 8912 8912 62602660 189481191 1 1 1 315 312
387 38309619 4781783 12333 8912 8912 61808546 175106296 1 1 1 316 313
388 38408355 4794107 12324 8903 8903 61014025 201310507 1 1 1 317 314
389 38507019 4806440 12333 8903 8903 58892980 184704384 1 1 1 318 315
390 38605747 4806440 0 8903 8903 0 192968818 0 0 1 319 316
391 38704419 4831098 24658 8895 8895 54322601 204471591 2 2 0 319 317
392 38803299 4843403 12305 8867 8867 60154965 195927591 1 1 1 320 317
393 38901963 4855736 12333 8867 8867 54897057 216040874 1 1 1 321 318
394 39000643 4855736 0 8867 8867 0 194972785 0 0 1 322 319
395 39099307 4880400 24664 8865 8865 54429538 189205601 1 1 0 322 320
396 39197987 4880400 0 8865 8865 0 201586034 0 0 1 323 320
397 39296651 4905064 24664 8863 8863 50995225 182610266 1 1 0 323 321
398 39395355 4917392 12328 8858 8858 61715425 182091240 1 1 1 324 321
399 39494019 4929725 12333 8858 8858 57826885 200995308 1 1 1 325 322
400 39592787 4942045 12320 8845 8845 59799865 204672413 1 1 1 326 323
401 39691459 4954378 12333 8845 8845 54987538 189858940 1 1 1 327 324
402 39790283 4954378 0 8845 8845 0 198232513 0 0 1 328 325
403 39888955 4979023 24645 8824 8824 56608810 172572386 1 1 0 328 326
404 39987803 4979023 0 8824 8824 0 186750822 0 0 1 329 326
405 40086467 5003665 24642 8800 8800 57628642 184096322 1 1 0 329 327
406 40185147 5003665 0 8800 8800 0 159100105 0 0 1 330 327
407 40283811 5028329 24664 8798 8798 62205025 202877204 1 1 0 330 328
408 40382531 5028329 0 8798 8798 0 182703896 0 0 1 331 328
409 40481195 5052988 24659 8791 8791 60241274 183964499 1 1 0 331 329
410 40579979 5065306 12318 8776 8776 52800389 178998197 2 1 1 332 329
411 40678651 5077639 12333 8776 8776 61591225 172921478 1 1 1 333 330
412 40777443 5089955 12316 8759 8759 65263225 177263112 1 1 1 334 331
413 40876107 5102288 12333 8759 8759 55553501 182143674 1 1 1 335 332
414 40974883 5114607 12319 8745 8745 55335213 208574617 1 1 1 336 333
415 41073547 5126940 12333 8745 8745 51156841 187561182 1 1 1 337 334
416 41172211 5126940 0 8745 8745 0 174555463 0 0 1 338 335
417 41270923 5151606 24666 8745 8745 59434778 203299730 1 1 0 338 336
418 41369939 5163889 12283 8695 8695 63892405 202336634 1 1 1 339 336
419 41468611 5176222 12333 8695 8695 49211825 205766275 1 1 1 340 337
420 41567451 5176222 0 8695 8695 0 170307893 0 0 1 341 338
421 41666115 5200865 24643 8672 8672 60628129 190205308 1 1 0 341 339
422 41764843 5200865 0 8672 8672 0 178894042 0 0 1 342 339
423 41863507 5225523 24658 8664 8664 60882653 194134601 1 1 0 342 340
424 41962347 5237834 12311 8642 8642 55018885 168840809 1 1 1 343 340
425 42061051 5250167 12333 8642 8642 65433685 183611356 1 1 1 344 341
426 42159987 5262461 12294 8603 8603 61611925 196306161 1 1 1 345 342
427 42258651 5274794 12333 8603 8603 57842858 182766654 2 2 1 346 343
428 42357499 5287104 12310 8580 8580 56852660 191830009 1 1 1 347 344
429 42456171 5299437 12333 8580 8580 59778353 195744897 1 1 1 348 345
430 42555091 5299437 0 8580 8580 0 198812776 0 0 1 349 346
431 42653755 5324070 24633 8547 8547 58785005 171419698 1 1 0 349 347
432 42752555 5336386 12316 8530 8530 58477957 193781415 1 1 1 350 347
433 42851243 5348719 12333 8530 8530 58494433 172323475 2 2 1 351 348
434 42950179 5364171 15452 11649 11649 51342122 189326983 2 2 1 352 349
435 43048843 5373348 9177 8493 8493 66729352 173775720 1 1 1 353 350
436 43147619 5385667 12319 8479 8479 50003396 176479837 1 1 1 354 350
437 43246283 5398000 12333 8479 8479 62336452 164107433 1 1 1 355 351
438 43344979 5410329 12329 8475 8475 65098865 165106435 1 1 1 356 352
439 43443643 5422662 12333 8475 8475 58773834 186648058 1 1 1 357 353
440 43542363 5422662 0 8475 8475 0 182636109 0 0 1 358 354
441 43641067 5447321 24659 8468 8468 59063849 190078735 1 1 0 358 355
442 43739971 5447321 0 8468 8468 0 194910415 0 0 1 359 355
443 43838635 5471952 24631 8433 8433 59015060 181084088 1 1 0 359 356
444 43937435 5484268 12316 8416 8416 61237346 179126626 1 1 1 360 356
445 44036099 5496601 12333 8416 8416 63266509 189076841 1 1 1 361 357
446 44134795 5508930 12329 8412 8412 63971560 190776404 1 1 1 362 358
447 44233459 5521263 12333 8412 8412 59962346 180806224 1 1 1 363 359
448 44332275 5521263 0 8412 8412 0 171976252 0 0 1 364 360
