# ep clk heldts dheldts toff accoff runmax thr nxcd nnewpk nsync pkts rxframes
0 99355 12324 -1 12324 12324 68459125 200769022 1 1 0 0 0
1 198403 24609 12285 12276 12276 62588277 197800616 1 1 1 1 0
2 297451 24609 0 12276 12276 0 179219121 0 0 1 2 1
3 396139 49224 24615 12225 12225 63729640 196182096 2 2 0 2 2
4 494963 49224 0 12225 12225 0 174104801 0 0 1 3 2
5 593627 73870 24646 12205 12205 58576625 183822764 1 1 0 3 3
6 692523 86174 12304 12176 12176 50260825 179978683 1 1 1 4 3
7 791187 98507 12333 12176 12176 56870696 193510840 1 1 1 5 4
8 889995 98507 0 12176 12176 0 177912400 0 0 1 6 5
9 988659 123155 24648 12158 12158 57275305 186215113 1 1 0 6 6
10 1087331 135487 12332 12157 12157 55428020 182041124 1 1 1 7 6
11 1185995 147820 12333 12157 12157 61995674 186306500 1 1 1 8 7
12 1284723 160145 12325 12149 12149 60347237 177206610 1 1 1 9 8
13 1383387 172478 12333 12149 12149 61360429 184643221 2 2 1 10 9
14 1482083 172478 0 12149 12149 0 165871328 0 0 1 11 10
15 1580747 197140 24662 12145 12145 57174472 184191170 1 1 0 11 11
16 1679443 197140 0 12145 12145 0 119187193 0 0 1 12 11
17 1778107 221802 24662 12141 12141 54864650 191836719 1 1 0 12 12
18 1876987 234108 12306 12114 12114 54792954 183774397 1 1 1 13 12
19 1975651 246441 12333 12114 12114 67122450 168313509 1 1 1 14 13
20 2074499 258751 12310 12091 12091 56340601 195871071 1 1 1 15 14
21 2173163 271084 12333 12091 12091 62115773 187280722 2 2 1 16 15
22 2272019 271084 0 12091 12091 0 177925803 0 0 1 17 16
23 2370683 295726 24642 12067 12067 61186266 194637670 1 1 0 17 17
24 2469483 308042 12316 12050 12050 64770833 184709819 1 1 1 18 17
25 2568147 320375 12333 12050 12050 52326473 192542270 1 1 1 19 18
26 2666979 332687 12312 12029 12029 66816698 173679568 1 1 1 20 19
27 2765643 345020 12333 12029 12029 61040621 177590395 1 1 1 21 20
28 2864363 345020 0 12029 12029 0 198827510 0 0 1 22 21
29 2963027 369679 24659 12022 12022 68445530 167180021 2 2 0 22 22
30 3061827 369679 0 12022 12022 0 176526123 0 0 1 23 22
31 3160491 394328 24649 12005 12005 66075066 175447440 1 1 0 23 23
32 3259371 394328 0 12005 12005 0 197742519 0 0 1 24 23
33 3358035 418967 24639 11978 11978 55740880 176038812 1 1 0 24 24
34 3456811 431286 12319 11964 11964 61860625 180967580 1 1 1 25 24
35 3555475 443619 12333 11964 11964 52279141 187294039 1 1 1 26 25
36 3654339 443619 0 11964 11964 0 168284591 0 0 1 27 26
37 3753003 468260 24641 11939 11939 56954449 177370166 1 1 0 27 27
38 3851691 468260 0 11939 11939 0 187661281 0 0 1 28 27
39 3950355 492923 24663 11936 11936 63824525 189792345 1 1 0 28 28
40 4049131 505242 12319 11922 11922 63076000 177496025 1 1 1 29 28
41 4147795 517575 12333 11922 11922 56458340 158385669 1 1 1 30 29
42 4246667 517575 0 11922 11922 0 229269614 0 0 1 31 30
43 4345331 542215 24640 11896 11896 59817565 201234010 1 1 0 31 31
44 4444011 542215 0 11896 11896 0 174187009 0 0 1 32 31
45 4542675 566879 24664 11894 11894 64200244 194785526 1 1 0 32 32
46 4641499 579192 12313 11874 11874 62110276 175893037 1 1 1 33 32
47 4740163 591525 12333 11874 11874 62558681 190563852 2 2 1 34 33
48 4839043 603831 12306 11847 11847 64176290 196293721 1 1 1 35 34
49 4937707 616164 12333 11847 11847 62534420 161346295 1 1 1 36 35
50 5036571 616164 0 11847 11847 0 183514976 0 0 1 37 36
51 5135235 640805 24641 11822 11822 67388705 190070712 1 1 0 37 37
52 5234067 653117 12312 11801 11801 51851546 187716281 1 1 1 38 37
53 5332731 665450 12333 11801 11801 62482325 174710859 2 2 1 39 38
54 5431555 677763 12313 11781 11781 63967345 195861068 1 1 1 40 39
55 5530219 690096 12333 11781 11781 57649489 177997817 1 1 1 41 40
56 5629139 690096 0 11781 11781 0 184226586 0 0 1 42 41
57 5727803 714730 24634 11749 11749 59183405 158525954 1 1 0 42 42
58 5826699 727034 12304 11720 11720 46256002 190958162 1 1 1 43 42
59 5925363 739367 12333 11720 11720 58796114 196969128 1 1 1 44 43
60 6024395 739367 0 11720 11720 0 121646993 0 0 1 45 44
61 6123083 763984 24617 11671 11671 55391690 188770115 1 1 0 45 45
62 6221755 776316 12332 11670 11670 55463108 193229177 1 1 1 46 45
63 6320419 788649 12333 11670 11670 65292145 171319904 1 1 1 47 46
64 6419275 800958 12309 11646 11646 62658265 186210745 1 1 1 48 47
65 6517939 813291 12333 11646 11646 64647722 205051002 1 1 1 49 48
66 6616699 825612 12321 11634 11634 59421188 163157295 1 1 1 50 49
67 6715363 837945 12333 11634 11634 58324554 189282991 1 1 1 51 50
68 6814139 837945 0 11634 11634 0 177721076 0 0 1 52 51
69 6912803 862597 24652 11620 11620 67453405 174553381 1 1 0 52 52
70 7011619 862597 0 11620 11620 0 183848170 0 0 1 53 52
71 7110283 887244 24647 11601 11601 63267826 198609539 2 2 0 53 53
72 7209027 899567 12323 11591 11591 50386114 183820644 1 1 1 54 53
73 7307691 911900 12333 11591 11591 54349418 182679231 1 1 1 55 54
74 7406371 911900 0 11591 11591 0 190150061 0 0 1 56 55
75 7505035 936564 24664 11589 11589 57410809 180537032 1 1 0 56 56
76 7603851 948878 12314 11570 11570 60790841 195673201 1 1 1 57 56
77 7702515 961211 12333 11570 11570 63819380 198564439 2 2 1 58 57
78 7801203 973541 12330 11567 11567 47385845 183740516 1 1 1 59 58
79 7899867 985874 12333 11567 11567 53049428 193011455 1 1 1 60 59
80 7998683 998188 12314 11548 11548 45657097 186751985 1 1 1 61 60
81 8097347 1010521 12333 11548 11548 57493780 196455201 1 1 1 62 61
82 8196219 1022828 12307 11522 11522 64100936 169920933 1 1 1 63 62
83 8294883 1035161 12333 11522 11522 58757605 181640405 1 1 1 64 63
84 8393595 1047488 12327 11516 11516 54275985 180972337 1 1 1 65 64
85 8492259 1059821 12333 11516 11516 67306969 193850640 1 1 1 66 65
86 8591171 1072123 12302 11485 11485 63276329 181469874 1 1 1 67 66
87 8689835 1084456 12333 11485 11485 55150325 190375245 1 1 1 68 67
88 8788539 1096784 12328 11480 11480 56006176 177623567 1 1 1 69 68
89 8887203 1109117 12333 11480 11480 56312932 167043556 1 1 1 70 69
90 8985875 1121449 12332 11479 11479 61928730 202236163 1 1 1 71 70
91 9084539 1133782 12333 11479 11479 56758801 182056695 1 1 1 72 71
92 9183395 1146091 12309 11455 11455 54819981 183909671 1 1 1 73 72
93 9282059 1158424 12333 11455 11455 57965185 194130986 1 1 1 74 73
94 9380843 1158424 0 11455 11455 0 177277229 0 0 1 75 74
95 9479507 1183075 24651 11440 11440 65341492 168696005 1 1 0 75 75
96 9578179 1195407 12332 11439 11439 59207636 172924558 1 1 1 76 75
97 9676843 1207740 12333 11439 11439 62856445 195721333 1 1 1 77 76
98 9775755 1207740 0 11439 11439 0 183727023 0 0 1 78 77
99 9874419 1232375 24635 11408 11408 59166698 181644259 1 1 0 78 78
100 9973315 1244679 12304 11379 11379 61183025 197263740 1 1 1 79 78
101 10071979 1257012 12333 11379 11379 56486765 165119844 1 1 1 80 79
102 10170659 1269343 12331 11377 11377 55219705 208380523 1 1 1 81 80
103 10269323 1281676 12333 11377 11377 62812186 179622456 1 1 1 82 81
104 10367987 1281676 0 11377 11377 0 178618179 0 0 1 83 82
105 10466651 1306342 24666 11377 11377 57975112 188360668 1 1 0 83 83
106 10565411 1306342 0 11377 11377 0 174846234 0 0 1 84 83
107 10664075 1330996 24654 11365 11365 55650085 191837617 1 1 0 84 84
108 10762987 1330996 0 11365 11365 0 189415586 0 0 1 85 84
109 10861651 1355631 24635 11334 11334 67174277 196268483 1 1 0 85 85
110 10960467 1355631 0 11334 11334 0 202175923 0 0 1 86 85
111 11059131 1380278 24647 11315 11315 59911442 178491880 1 1 0 86 86
112 11157867 1380278 0 11315 11315 0 207383734 0 0 1 87 86
113 11256563 1404935 24657 11306 11306 66902138 169127726 1 1 0 87 87
114 11355579 1417220 12285 11258 11258 46745114 162989788 1 1 1 88 87
115 11454243 1429553 12333 11258 11258 64373170 193702747 1 1 1 89 88
116 11553091 1429553 0 11258 11258 0 173193300 0 0 1 90 89
117 11651755 1454196 24643 11235 11235 55013185 188449829 1 1 0 90 90
118 11750523 1454196 0 11235 11235 0 166602793 0 0 1 91 90
119 11849187 1478849 24653 11222 11222 60489833 187729007 1 1 0 91 91
120 11947875 1491179 12330 11219 11219 67623058 173806116 1 1 1 92 91
121 12046539 1503512 12333 11219 11219 65683685 174624597 1 1 1 93 92
122 12145251 1515839 12327 11213 11213 66592825 179927522 1 1 1 94 93
123 12243915 1528172 12333 11213 11213 55529282 176430967 1 1 1 95 94
124 12342755 1540483 12311 11191 11191 60946805 180235861 1 1 1 96 95
125 12441419 1552816 12333 11191 11191 54226885 181173492 1 1 1 97 96
126 12540339 1565117 12301 11159 11159 58313537 187920668 1 1 1 98 97
127 12639003 1577450 12333 11159 11159 53948320 179855076 1 1 1 99 98
128 12737875 1589757 12307 11133 11133 62193226 187481856 1 1 1 100 99
129 12836539 1602090 12333 11133 11133 53523157 184861937 1 1 1 101 100
130 12935451 1602090 0 11133 11133 0 187565038 0 0 1 102 101
131 13034115 1626725 24635 11102 11102 61642885 176554726 1 1 0 102 102
132 13132843 1639050 12325 11094 11094 47688017 172671329 1 1 1 103 102
133 13231507 1651383 12333 11094 11094 56342585 178109486 2 2 1 104 103
134 13330291 1663701 12318 11079 11079 58027925 196854928 1 1 1 105 104
135 13428963 1676034 12333 11079 11079 61749234 184259726 1 1 1 106 105
136 13527963 1688324 12290 11036 11036 66497965 185144420 1 1 1 107 106
137 13626627 1700657 12333 11036 11036 58909556 189014221 1 1 1 108 107
138 13725331 1712990 12333 11036 11036 22918405 179297066 1 1 1 109 108
139 13823995 1725318 12328 11031 11031 63088994 179971454 1 1 1 110 109
140 13922723 1737643 12325 11023 11023 51772482 181697842 1 1 1 111 110
141 14021387 1749977 12334 11024 11024 68498125 206275737 1 1 1 112 111
142 14120227 1749977 0 11024 11024 0 208863522 0 0 1 113 112
143 14218891 1774620 24643 11001 11001 55850129 193287039 1 1 0 113 113
144 14317867 1774620 0 11001 11001 0 188641650 0 0 1 114 113
145 14416531 1799247 24627 10962 10962 62679185 179020635 2 2 0 114 114
146 14515355 1811560 12313 10942 10942 55855433 202246158 1 1 1 115 114
147 14614019 1823893 12333 10942 10942 60792232 176544141 1 1 1 116 115
148 14712915 1823893 0 10942 10942 0 182940701 0 0 1 117 116
149 14811579 1848530 24637 10913 10913 61267874 193221679 2 2 0 117 117
150 14910251 1848530 0 10913 10913 0 176318011 0 0 1 118 117
151 15008915 1873195 24665 10912 10912 59213281 186273365 1 1 0 118 118
152 15107819 1885498 12303 10882 10882 58395605 196121854 1 1 1 119 118
153 15206483 1897831 12333 10882 10882 64140050 198942781 1 1 1 120 119
154 15305291 1897831 0 10882 10882 0 197085135 0 0 1 121 120
155 15403955 1922479 24648 10864 10864 68389504 168527380 1 1 0 121 121
156 15502923 1922479 0 10864 10864 0 177900707 0 0 1 122 121
157 15601587 1947107 24628 10826 10826 59098805 182521445 1 1 0 122 122
158 15700251 1959441 12334 10827 10827 52686368 181882298 1 1 1 123 122
159 15798915 1971774 12333 10827 10827 60648925 192080920 1 1 1 124 123
160 15897811 1971774 0 10827 10827 0 172373763 0 0 1 125 124
161 15996475 1996410 24636 10797 10797 57440552 159684131 1 1 0 125 125
162 16095355 1996410 0 10797 10797 0 176112142 0 0 1 126 125
163 16194019 2021049 24639 10770 10770 59042644 184746426 1 1 0 126 126
164 16292811 2021049 0 10770 10770 0 185665381 0 0 1 127 126
165 16391475 2045699 24650 10754 10754 57253410 192514165 1 1 0 127 127
166 16490371 2058003 12304 10725 10725 39103380 181439981 1 1 1 128 127
167 16589035 2070336 12333 10725 10725 59934970 189529374 1 1 1 129 128
168 16687699 2082669 12333 10725 10725 60390122 204558391 1 1 1 130 129
169 16786363 2095002 12333 10725 10725 58676176 192418338 2 2 1 131 130
170 16885195 2095002 0 10725 10725 0 173587394 0 0 1 132 131
171 16983859 2119647 24645 10704 10704 64259165 191439279 1 1 0 132 132
172 17082635 2119647 0 10704 10704 0 205617565 0 0 1 133 132
173 17181299 2144299 24652 10690 10690 68125234 184349653 1 1 0 133 133
174 17280211 2156601 12302 10659 10659 48914818 196613772 1 1 1 134 133
175 17378875 2168934 12333 10659 10659 66589345 199907406 1 1 1 135 134
176 17477643 2168934 0 10659 10659 0 184553882 0 0 1 136 135
177 17576307 2193587 24653 10646 10646 58512530 195745685 1 1 0 136 136
178 17674971 2205921 12334 10647 10647 56963930 192478191 1 1 1 137 136
179 17773635 2218254 12333 10647 10647 61409242 181053431 1 1 1 138 137
180 17872411 2230572 12318 10632 10632 42543041 192908530 1 1 1 139 138
181 17971075 2242905 12333 10632 10632 56590561 183665004 1 1 1 140 139
182 18069851 2255224 12319 10618 10618 67085369 190551158 1 1 1 141 140
183 18168515 2267557 12333 10618 10618 55219705 181263155 1 1 1 142 141
184 18267299 2279875 12318 10603 10603 65710052 190537671 1 1 1 143 142
185 18365963 2292208 12333 10603 10603 62537242 181954294 1 1 1 144 143
186 18464859 2304512 12304 10574 10574 60980292 191337535 1 1 1 145 144
187 18563523 2316845 12333 10574 10574 64892826 189275780 1 1 1 146 145
188 18662387 2329153 12308 10549 10549 59947600 196781847 1 1 1 147 146
189 18761051 2341486 12333 10549 10549 59751050 181179578 1 1 1 148 147
190 18859803 2353808 12322 10538 10538 61267597 173564733 1 1 1 149 148
191 18958467 2366141 12333 10538 10538 62006465 190413603 1 1 1 150 149
192 19057227 2366141 0 10538 10538 0 188402814 0 0 1 151 150
193 19155891 2390795 24654 10526 10526 58551962 191979513 1 1 0 151 151
194 19254835 2390795 0 10526 10526 0 197685743 0 0 1 152 151
195 19353499 2415426 24631 10491 10491 62183700 167220897 2 2 0 152 152
196 19452307 2427741 12315 10473 10473 43364282 186987225 1 1 1 153 152
197 19550971 2440074 12333 10473 10473 63372836 183671201 1 1 1 154 153
198 19649787 2452388 12314 10454 10454 58576725 172794527 1 1 1 155 154
199 19748451 2464721 12333 10454 10454 64962801 169291001 1 1 1 156 155
200 19847235 2477039 12318 10439 10439 47392369 171088801 1 1 1 157 156
201 19945899 2489372 12333 10439 10439 56156410 178653298 1 1 1 158 157
202 20044563 2501705 12333 10439 10439 64514320 190093948 1 1 1 159 158
203 20143227 2514038 12333 10439 10439 58711880 173741400 1 1 1 160 159
204 20242035 2514038 0 10439 10439 0 186233468 0 0 1 161 160
205 20340699 2538686 24648 10421 10421 59125345 179658742 1 1 0 161 161
206 20439491 2538686 0 10421 10421 0 198449658 0 0 1 162 161
207 20538163 2563336 24650 10405 10405 60339745 191848557 2 2 0 162 162
208 20637171 2563336 0 10405 10405 0 180869834 0 0 1 163 162
209 20735835 2587958 24622 10361 10361 61673834 173663020 1 1 0 163 163
210 20834523 2587958 0 10361 10361 0 192156330 0 0 1 164 163
211 20933187 2612621 24663 10358 10358 60050137 185810437 1 1 0 164 164
212 21031915 2624946 12325 10350 10350 62734345 188878585 1 1 1 165 164
213 21130579 2637279 12333 10350 10350 60065300 175276567 1 1 1 166 165
214 21229363 2649597 12318 10335 10335 54154349 197388256 1 1 1 167 166
215 21328027 2661930 12333 10335 10335 62633997 188886332 1 1 1 168 167
216 21426867 2674241 12311 10313 10313 51697817 220661273 1 1 1 169 168
217 21525531 2686574 12333 10313 10313 58967185 174740710 1 1 1 170 169
218 21624347 2698888 12314 10294 10294 63996904 188022960 1 1 1 171 170
219 21723011 2711221 12333 10294 10294 60871285 206555077 1 1 1 172 171
220 21821883 2723528 12307 10268 10268 56445169 187043642 1 1 1 173 172
221 21920547 2735861 12333 10268 10268 53612666 186506817 1 1 1 174 173
222 22019275 2735861 0 10268 10268 0 200932570 0 0 1 175 174
223 22117939 2760519 24658 10260 10260 63387322 186520579 1 1 0 175 175
224 22216859 2760519 0 10260 10260 0 173761344 0 0 1 176 175
225 22315523 2785153 24634 10228 10228 59358113 176560144 1 1 0 176 176
226 22414411 2785153 0 10228 10228 0 211395671 0 0 1 177 176
227 22513075 2809791 24638 10200 10200 58229444 154441357 1 1 0 177 177
228 22611883 2822106 12315 10182 10182 61308909 177564309 1 1 1 178 177
229 22710547 2834439 12333 10182 10182 56045672 192022477 1 1 1 179 178
230 22809379 2846751 12312 10161 10161 56267280 185019810 1 1 1 180 179
231 22908043 2859084 12333 10161 10161 67955345 167347221 1 1 1 181 180
232 23006971 2859084 0 10161 10161 0 188922030 0 0 1 182 181
233 23105635 2883717 24633 10128 10128 57485762 176832931 1 1 0 182 182
234 23204323 2896047 12330 10125 10125 60655066 197201546 1 1 1 183 182
235 23302987 2908380 12333 10125 10125 56783561 178507925 2 2 1 184 183
236 23401755 2920700 12320 10112 10112 50656957 178442163 1 1 1 185 184
237 23500419 2933033 12333 10112 10112 57160996 175734984 1 1 1 186 185
238 23599355 2945332 12299 10078 10078 53810473 172800483 1 1 1 187 186
239 23698019 2957665 12333 10078 10078 58254661 163733422 2 2 1 188 187
240 23796907 2969970 12305 10050 10050 51275204 178439977 1 1 1 189 188
241 23895571 2982303 12333 10050 10050 65960000 193051263 1 1 1 190 189
242 23994323 2982303 0 10050 10050 0 190590733 0 0 1 191 190
243 24092987 3006958 24655 10039 10039 56877613 192987962 1 1 0 191 191
244 24191827 3021354 14396 12102 12102 51764040 175910446 1 1 1 192 191
245 24290491 3031602 10248 10017 10017 61805890 189619455 1 1 1 193 192
246 24389235 3031602 0 10017 10017 0 184772878 0 0 1 194 192
247 24487899 3056258 24656 10007 10007 57386482 192585187 1 1 0 194 193
248 24586619 3068584 12326 10000 10000 59351620 172694095 1 1 1 195 193
249 24685283 3080917 12333 10000 10000 63652453 195943962 2 2 1 196 194
250 24783963 3080917 0 10000 10000 0 213394226 0 0 1 197 195
251 24882627 3105581 24664 9998 9998 62949281 185122636 1 1 0 197 196
252 24981395 3105581 0 9998 9998 0 176813652 0 0 1 198 196
253 25080059 3130234 24653 9985 9985 52118816 198020170 2 2 0 198 197
254 25178803 3130234 0 9985 9985 0 176423363 0 0 1 199 197
255 25277467 3154890 24656 9975 9975 67606760 178514521 1 1 0 199 198
256 25376147 3154890 0 9975 9975 0 187208979 0 0 1 200 198
257 25474811 3179554 24664 9973 9973 58607368 183949506 1 1 0 200 199
258 25573611 3179554 0 9973 9973 0 198109317 0 0 1 201 199
259 25672275 3204203 24649 9956 9956 62694145 182892110 1 1 0 201 200
260 25771027 3216525 12322 9945 9945 44516641 176455147 1 1 1 202 200
261 25869691 3228858 12333 9945 9945 55265600 189370961 1 1 1 203 201
262 25968371 3228858 0 9945 9945 0 173287287 0 0 1 204 202
263 26067035 3253522 24664 9943 9943 62684381 180878749 1 1 0 204 203
264 26165707 3265854 12332 9942 9942 62719648 184653427 1 1 1 205 203
265 26264371 3278187 12333 9942 9942 63213170 177150536 1 1 1 206 204
266 26363131 3290508 12321 9930 9930 63274234 167663125 1 1 1 207 205
267 26461795 3302841 12333 9930 9930 58870565 195962985 2 2 1 208 206
268 26560731 3302841 0 9930 9930 0 187807112 0 0 1 209 207
269 26659395 3322203 19362 4626 4626 61683650 187031848 2 1 0 209 208
270 26758235 3322203 0 4626 4626 0 193507647 0 0 1 210 208
271 26856899 3352117 29914 9874 9874 58388049 167498020 1 1 0 210 209
272 26955675 3352117 0 9874 9874 0 175283849 0 0 1 211 209
273 27054339 3376769 24652 9860 9860 63823720 184145944 1 1 0 211 210
274 27153027 3389099 12330 9857 9857 65044289 195174766 1 1 1 212 210
275 27251691 3401432 12333 9857 9857 63773093 173461169 1 1 1 213 211
276 27350443 3413754 12322 9846 9846 48128490 197077712 1 1 1 214 212
277 27449107 3426087 12333 9846 9846 52365202 208133690 1 1 1 215 213
278 27548051 3426087 0 9846 9846 0 185984892 0 0 1 216 214
279 27646715 3450718 24631 9811 9811 56797757 183357953 1 1 0 216 215
280 27745435 3450718 0 9811 9811 0 196381155 0 0 1 217 215
281 27844099 3475377 24659 9804 9804 53621450 190838562 1 1 0 217 216
282 27942835 3487701 12324 9795 9795 49456976 196402052 1 1 1 218 216
283 28041499 3500034 12333 9795 9795 56622605 201320205 1 1 1 219 217
284 28140387 3500034 0 9795 9795 0 196793626 0 0 1 220 218
285 28239051 3524672 24638 9767 9767 57483241 172824493 1 1 0 220 219
286 28337771 3524672 0 9767 9767 0 185249005 0 0 1 221 219
287 28436435 3549331 24659 9760 9760 54202069 191612083 1 1 0 221 220
288 28535347 3561633 12302 9729 9729 64602530 175959844 1 1 1 222 220
289 28634011 3573966 12333 9729 9729 62301829 209166584 1 1 1 223 221
290 28732683 3573966 0 9729 9729 0 194965682 0 0 1 224 222
291 28831347 3598631 24665 9728 9728 61228205 199723186 1 1 0 224 223
292 28930267 3610932 12301 9696 9696 59764877 217630296 1 1 1 225 223
293 29028931 3623265 12333 9696 9696 54530788 167801508 2 2 1 226 224
294 29127779 3635575 12310 9673 9673 58345768 191081111 1 1 1 227 225
295 29226443 3647908 12333 9673 9673 58723405 183638690 1 1 1 228 226
296 29325363 3660209 12301 9641 9641 50144657 178404517 1 1 1 229 227
297 29424027 3672542 12333 9641 9641 60910834 177245563 1 1 1 230 228
298 29522787 3684863 12321 9629 9629 70947770 173850822 1 1 1 231 229
299 29621451 3697196 12333 9629 9629 57064948 165679572 1 1 1 232 230
300 29720115 3709530 12334 9630 9630 54874829 189818177 1 1 1 233 231
301 29818779 3721863 12333 9630 9630 61610645 182850839 1 1 1 234 232
302 29917475 3734191 12328 9625 9625 61626266 162089215 1 1 1 235 233
303 30016139 3746524 12333 9625 9625 58647080 193910317 1 1 1 236 234
304 30114915 3758843 12319 9611 9611 60117290 158515156 1 1 1 237 235
305 30213579 3771176 12333 9611 9611 58125376 180730891 1 1 1 238 236
306 30312411 3783488 12312 9590 9590 63337565 194154188 1 1 1 239 237
307 30411075 3795821 12333 9590 9590 64552666 196713613 1 1 1 240 238
308 30509979 3808124 12303 9560 9560 58403981 178539828 1 1 1 241 239
309 30608643 3820457 12333 9560 9560 66860690 186471139 1 1 1 242 240
310 30707547 3832760 12303 9530 9530 59647240 187591733 1 1 1 243 241
311 30806211 3845093 12333 9530 9530 54646425 175813109 1 1 1 244 242
312 30904899 3845093 0 9530 9530 0 189158645 0 0 1 245 243
313 31003563 3869756 24663 9527 9527 61661002 190657547 3 3 0 245 244
314 31102227 3882089 12333 9527 9527 52657817 198010314 1 1 1 246 244
315 31200891 3894422 12333 9527 9527 60223253 203257687 1 1 1 247 245
316 31299627 3894422 0 9527 9527 0 184261009 0 0 1 248 246
317 31398291 3919079 24657 9518 9518 61785385 176974403 1 1 0 248 247
318 31497115 3931392 12313 9498 9498 64607058 175703693 1 1 1 249 247
319 31595779 3943725 12333 9498 9498 62260250 173795135 1 1 1 250 248
320 31694627 3956035 12310 9475 9475 58513473 175429050 1 1 1 251 249
321 31793299 3968368 12333 9475 9475 65498120 173311352 1 1 1 252 250
322 31892059 3980688 12320 9462 9462 64980082 175662741 1 1 1 253 251
323 31990723 3993021 12333 9462 9462 65401681 182315581 4 3 1 254 252
324 32089555 4005333 12312 9441 9441 63151184 181737554 1 1 1 255 253
325 32188219 4017666 12333 9441 9441 62003185 184464421 1 1 1 256 254
326 32286947 4029991 12325 9433 9433 55642610 154335020 1 1 1 257 255
327 32385611 4042324 12333 9433 9433 64306280 198970031 1 1 1 258 256
328 32484291 4054655 12331 9431 9431 66091666 190081265 1 1 1 259 257
329 32583011 4066988 12333 9431 9431 66326290 176701299 1 1 1 260 258
330 32681963 4079278 12290 9388 9388 52440308 187458596 1 1 1 261 259
331 32780627 4091611 12333 9388 9388 61826669 184655749 1 1 1 262 260
332 32879403 4103930 12319 9374 9374 70045940 171313453 1 1 1 263 261
333 32978067 4116263 12333 9374 9374 70072922 195405835 1 1 1 264 262
334 33076747 4128594 12331 9372 9372 67728618 163526300 1 1 1 265 263
335 33175419 4140927 12333 9372 9372 61291152 170028997 1 1 1 266 264
336 33274323 4140927 0 9372 9372 0 202995109 0 0 1 267 265
337 33372987 4165562 24635 9341 9341 62606689 194122515 1 1 0 267 266
338 33471675 4165562 0 9341 9341 0 197044541 0 0 1 268 266
339 33570339 4190225 24663 9338 9338 69370650 207691864 1 1 0 268 267
340 33669131 4190225 0 9338 9338 0 196721568 0 0 1 269 267
341 33767795 4214875 24650 9322 9322 66390354 179657155 1 1 0 269 268
342 33866611 4227189 12314 9303 9303 70193693 182645528 1 1 1 270 268
343 33965275 4239522 12333 9303 9303 60905057 188684338 1 1 1 271 269
344 34064195 4251823 12301 9271 9271 50754433 180166453 1 1 1 272 270
345 34162859 4264156 12333 9271 9271 60933637 203842478 1 1 1 273 271
346 34261627 4276476 12320 9258 9258 61156845 190605478 1 1 1 274 272
347 34360291 4288809 12333 9258 9258 60451525 159256454 1 1 1 275 273
348 34459099 4288809 0 9258 9258 0 195993663 0 0 1 276 274
349 34557763 4313457 24648 9240 9240 56191537 183889202 1 1 0 276 275
350 34656427 4325790 12333 9240 9240 50787476 196189232 1 1 1 277 275
351 34755091 4338123 12333 9240 9240 55263304 184339540 1 1 1 278 276
352 34853883 4338123 0 9240 9240 0 197216264 0 0 1 279 277
353 34952547 4362773 24650 9224 9224 58862233 178335536 1 1 0 279 278
354 35051395 4362773 0 9224 9224 0 180027120 0 0 1 280 278
355 35150059 4387416 24643 9201 9201 61519012 199063279 1 1 0 280 279
356 35248987 4399716 12300 9168 9168 64111977 181254700 1 1 1 281 279
357 35347651 4412049 12333 9168 9168 55627848 187038610 1 1 1 282 280
358 35446355 4412049 0 9168 9168 0 191357201 0 0 1 283 281
359 35545019 4436710 24661 9163 9163 61911337 175315469 1 1 0 283 282
360 35643835 4449024 12314 9144 9144 57001204 191395543 1 1 1 284 282
361 35742499 4461357 12333 9144 9144 58336538 163510816 1 1 1 285 283
362 35841163 4461357 0 9144 9144 0 182180045 0 0 1 286 284
363 35939827 4486023 24666 9144 9144 56313234 183321405 1 1 0 286 285
364 36038643 4486023 0 9144 9144 0 189810885 0 0 1 287 285
365 36137307 4510670 24647 9125 9125 59343665 181553481 1 1 0 287 286
366 36236171 4522978 12308 9100 9100 46316173 177661236 1 1 1 288 286
367 36334835 4535311 12333 9100 9100 61107017 200157003 1 1 1 289 287
368 36433531 4547640 12329 9096 9096 58665370 186920738 1 1 1 290 288
369 36532195 4559973 12333 9096 9096 60120026 170571986 1 1 1 291 289
370 36630955 4572294 12321 9084 9084 59755016 204367395 1 1 1 292 290
371 36729627 4584627 12333 9084 9084 62008145 150687501 1 1 1 293 291
372 36828483 4584627 0 9084 9084 0 197053081 0 0 1 294 292
373 36927147 4609268 24641 9059 9059 72052785 184129223 1 1 0 294 293
374 37025947 4621584 12316 9042 9042 57748597 178311899 1 1 1 295 293
375 37124611 4633917 12333 9042 9042 61852697 183741465 1 1 1 296 294
376 37223283 4646249 12332 9041 9041 58729640 179385799 1 1 1 297 295
377 37321947 4658582 12333 9041 9041 64707380 180093883 1 1 1 298 296
378 37420667 4670908 12326 9034 9034 42148457 168501175 1 1 1 299 297
379 37519331 4683241 12333 9034 9034 61776725 204432062 1 1 1 300 298
380 37618011 4683241 0 9034 9034 0 196446943 0 0 1 301 299
381 37716675 4707905 24664 9032 9032 57646997 185170930 1 1 0 301 300
382 37815515 4720216 12311 9010 9010 60591953 170094966 1 1 1 302 300
383 37914179 4732549 12333 9010 9010 57474477 218548361 1 1 1 303 301
384 38012995 4732549 0 9010 9010 0 204382463 0 0 1 304 302
385 38111659 4757196 24647 8991 8991 62451185 176493312 1 1 0 304 303
386 38210331 4757196 0 8991 8991 0 178897214 0 0 1 305 303
387 38308995 4781861 24665 8990 8990 61210354 171818568 1 1 0 305 304
388 38407931 4781861 0 8990 8990 0 185628473 0 0 1 306 304
389 38506595 4806493 24632 8956 8956 59863873 170303197 1 1 0 306 305
390 38605387 4806493 0 8956 8956 0 176017118 0 0 1 307 305
391 38704051 4831143 24650 8940 8940 68908330 200812026 1 1 0 307 306
392 38802811 4843464 12321 8928 8928 62169578 173171810 1 1 1 308 306
393 38901475 4855797 12333 8928 8928 54456957 182093172 1 1 1 309 307
394 39000147 4855797 0 8928 8928 0 174225264 0 0 1 310 308
395 39098819 4880462 24665 8927 8927 54918005 178541475 1 1 0 310 309
396 39197707 4880462 0 8927 8927 0 181711785 0 0 1 311 309
397 39296371 4905099 24637 8898 8898 54902250 175379964 1 1 0 311 310
398 39395107 4917423 12324 8889 8889 48250165 177707355 1 1 1 312 310
399 39493803 4929756 12333 8889 8889 62982721 199133339 2 2 1 313 311
400 39592731 4942052 12296 8852 8852 61776425 182155658 1 1 1 314 312
401 39691395 4954385 12333 8852 8852 65463725 159113481 1 1 1 315 313
402 39790059 4966718 12333 8852 8852 64530629 181050934 1 1 1 316 314
403 39888731 4979051 12333 8852 8852 55902661 180071916 1 1 1 317 315
404 39987667 4991349 12298 8817 8817 50373250 184091288 1 1 1 318 316
405 40086355 5003682 12333 8817 8817 55234640 181418572 1 1 1 319 317
406 40185363 5015969 12287 8771 8771 52633940 167992573 1 1 1 320 318
407 40284027 5028302 12333 8771 8771 61764002 196222579 1 1 1 321 319
408 40382739 5040629 12327 8765 8765 49169458 193203765 1 1 1 322 320
409 40481435 5052962 12333 8765 8765 62549008 192983831 1 1 1 323 321
410 40580387 5052962 0 8765 8765 0 190851904 0 0 1 324 322
411 40679051 5077588 24626 8725 8725 59601730 191774530 1 1 0 324 323
412 40777747 5089917 12329 8721 8721 65374490 181380878 1 1 1 325 323
413 40876427 5102250 12333 8721 8721 62686436 185504419 1 1 1 326 324
414 40975347 5114549 12299 8687 8687 54118593 179073060 1 1 1 327 325
415 41074051 5126882 12333 8687 8687 67509962 201912553 1 1 1 328 326
416 41173083 5139164 12282 8636 8636 61740541 183884724 1 1 1 329 327
417 41271787 5151497 12333 8636 8636 61632565 186591836 1 1 1 330 328
418 41370691 5163795 12298 8601 8601 56275001 188426553 1 1 1 331 329
419 41469363 5176128 12333 8601 8601 52139680 182710644 1 1 1 332 330
420 41568195 5188439 12311 8579 8579 63183016 180730341 1 1 1 333 331
421 41666859 5200772 12333 8579 8579 58804785 186172190 1 1 1 334 332
422 41765555 5213101 12329 8575 8575 61681460 178310977 1 1 1 335 333
423 41864219 5225434 12333 8575 8575 58759969 188038323 1 1 1 336 334
424 41963099 5225434 0 8575 8575 0 165185962 0 0 1 337 335
425 42061763 5250073 24639 8548 8548 56365241 185742977 1 1 0 337 336
426 42160443 5262404 12331 8546 8546 62967085 173519993 1 1 1 338 336
427 42259107 5274737 12333 8546 8546 62019473 206871835 1 1 1 339 337
428 42357787 5274737 0 8546 8546 0 181844790 0 0 1 340 338
429 42456451 5299401 24664 8544 8544 61107994 191616797 1 1 0 340 339
430 42555115 5311735 12334 8545 8545 53227226 192079299 1 1 1 341 339
431 42653779 5324068 12333 8545 8545 59643082 201835573 1 1 1 342 340
432 42752451 5324068 0 8545 8545 0 190923546 0 0 1 343 341
433 42851115 5348732 24664 8543 8543 65200865 193780637 1 1 0 343 342
434 42949947 5348732 0 8543 8543 0 185717281 0 0 1 344 342
435 43048611 5373377 24645 8522 8522 57309361 162201711 1 1 0 344 343
436 43147315 5385705 12328 8517 8517 59298112 195145749 1 1 1 345 343
437 43245979 5398038 12333 8517 8517 54419776 182238996 1 1 1 346 344
438 43344835 5410347 12309 8493 8493 47499337 181761946 1 1 1 347 345
439 43443499 5422680 12333 8493 8493 58235396 184723435 1 1 1 348 346
440 43542251 5435002 12322 8482 8482 56400061 167811040 1 1 1 349 347
441 43640923 5447335 12333 8482 8482 59110820 185965895 1 1 1 350 348
442 43739723 5459650 12315 8464 8464 53614388 173145413 1 1 1 351 349
443 43838395 5471983 12333 8464 8464 60639605 190689863 1 1 1 352 350
444 43937299 5484285 12302 8433 8433 64932821 201698018 1 1 1 353 351
445 44035963 5496618 12333 8433 8433 57717988 168543017 1 1 1 354 352
446 44134835 5496618 0 8433 8433 0 173927089 0 0 1 355 353
447 44233499 5521258 24640 8407 8407 58040813 228143138 1 1 0 355 354
448 44332403 5533561 12303 8377 8377 56311033 180717880 1 1 1 356 354
