# rxframe clk nbytes ok allzero seq hdr16
1 296542 1528 0 1 0 00000000000000000000000000000000
2 395230 1528 0 1 0 00000000000000000000000000000000
3 493486 1528 0 1 0 00000000000000000000000000000000
4 592622 1528 1 0 1 514bec0501000000214e4754383ffffa
5 789574 1528 0 1 0 00000000000000000000000000000000
6 986838 1528 0 0 0 40000000000000000000000000000000
7 1085470 1528 0 1 0 00000000000000000000000000000000
8 1184142 1528 1 0 4 514bec0504000000214e47549d3a3eb9
9 1282798 1528 0 1 0 00000000000000000000000000000000
10 1381542 1528 1 0 5 514bec0505000000214e4754bc3bfbf6
11 1480126 1528 0 1 0 00000000000000000000000000000000
12 1578854 1528 1 0 6 514bec0506000000214e4754df38bcbf
13 1776142 1528 0 1 0 00000000000000000000000000000000
14 1874782 1528 0 1 0 00000000000000000000000000000000
15 1973558 1528 1 0 8 514bec0508000000214e4754113613cf
16 2072110 1528 0 1 0 00000000000000000000000000000000
17 2170902 1528 1 0 9 514bec0509000000214e47543037d680
18 2368222 1528 0 1 0 00000000000000000000000000000000
19 2466766 1528 0 1 0 00000000000000000000000000000000
20 2565526 1528 1 0 11 514bec050b000000214e475472355486
21 2664094 1528 0 1 0 00000000000000000000000000000000
22 2762814 1528 1 0 12 514bec050c000000214e4754953217c3
23 2861422 1528 0 1 0 00000000000000000000000000000000
24 2960206 1528 1 0 13 514bec050d000000214e4754b433d28c
25 3058750 1528 0 1 0 00000000000000000000000000000000
26 3157638 1528 1 0 14 514bec050e000000214e4754d73095c5
27 3256078 1528 0 1 0 00000000000000000000000000000000
28 3354870 1528 1 0 15 514bec050f000000214e4754f631508a
29 3453406 1528 0 1 0 00000000000000000000000000000000
30 3552286 1528 1 0 16 514bec0510000000214e4754286dee6f
31 3749398 1528 0 1 0 00000000000000000000000000000000
32 3946766 1528 0 1 0 00000000000000000000000000000000
33 4045390 1528 0 1 0 00000000000000000000000000000000
34 4144374 1528 1 0 19 514bec0513000000214e47544b6ea926
35 4341406 1528 0 1 0 00000000000000000000000000000000
36 4538710 1528 0 1 0 00000000000000000000000000000000
37 4637374 1528 0 1 0 00000000000000000000000000000000
38 4736246 1528 1 0 22 514bec0516000000214e4754ee6b6865
39 4933622 1528 0 1 0 00000000000000000000000000000000
40 6072718 1528 0 1 0 00000000000000000000000000000000
41 6273270 1528 0 0 483170699 627f9abb8b99cc1c0f845a900760dbd3
42 6686310 1528 0 0 890896725 5ca9681755011a35729a79af5c391f1a
43 6853742 1528 0 0 3973119509 6af69bed15fed0ec39082665cc33e883
44 7029286 1528 0 0 70507570 03710b1332dc33047ffe47a6322fa344
45 7679110 1968 0 0 340685378 2cfdbb8242724e145d4a4aed8227f160
46 8106334 1528 0 0 2315221247 035ee4c5ff78ff892a22e5eba378d04f
47 8263398 1528 0 0 1685824825 132a9f9739a57b64ba85e2d327fe268c
48 8459606 1528 0 0 2307774312 06936e0068d78d8934e26ed706bc8ee9
49 8639526 1528 0 0 1278141055 6e49e5ca7fe22e4ca35e68579522727f
50 9213758 1528 0 0 2815461816 178469b5b889d0a7d0098c9e0b043c4f
51 9702662 1528 0 0 3141007914 7a224a1d2afa37bbecec3b145d966617
52 10175158 1528 0 0 3661699114 7540ee9c2a1841da80e855981b8ec4f4
53 11258774 5320 0 0 1503450314 48991b9fcad49c59f23aad107f4370d2
54 11647790 1528 0 0 1615545304 56dbef61d8434b60dddc276790f6c30f
55 12263494 1528 0 0 936948004 44160ba824b1d8378905e3e788a5eb97
56 12648862 1528 0 0 4076982456 01ae6806b8d001f35d98c950000001af
57 12821118 1528 0 0 2163329760 13c9c0e5e0caf1809a8f134a2c4de2d1
58 13177494 1528 0 0 3854311471 4d2789722f20bce5eb82621c44a3a592
59 13413550 2024 0 0 8428094 001702803e9a8000001a6bcd8000008d
60 13554886 1528 0 0 3006429393 689ac35ed17832b365bc8d78b478e527
61 13797222 2032 0 0 1342400754 5d186a50f26803500b2c71bffbc9714f
62 13974486 1528 0 0 2286228479 2de6feafff13458804ae069e34d5f5ae
63 14797486 1528 0 0 2869808407 22d66e0117cd0dabb931234ddc024031
64 15098686 1528 0 0 672399311 5065effecfff13282fffdfa584e6bdc8
65 15314910 1528 0 0 201754227 65254edb7386060c50afae9868667b9e
66 16305774 1528 0 0 1651233664 457cbc0080d36b62454d26b1b0657c6b
67 16555926 1528 0 0 441257440 5d8f41e7e00d4d1a2a30e3ae5b22e61d
68 16703094 1528 0 0 1275122432 1c00009a00d3004c1400000000000b2f
69 17305966 3640 0 0 3226949929 57852187295957c0000d74785975a6a8
70 17754478 1528 0 0 158293276 4a7ba0721c5d6f0924be5ae49bd39d73
71 17973286 1528 0 0 3072 00000000000c00000000004060000000
72 18917982 1528 0 0 0 0000000000000000000000000001b800
73 19065350 1528 0 0 4252299 0000d7af8be2400089cbc2006d43d734
74 19520822 1528 0 0 1137226041 3214925e39b1c843f4b49deb93480111
75 19758542 2552 0 0 8402330 006b80809a35800000000068e6000000
76 20115622 1528 0 0 2764564646 5df26947a6e8c7a44c36dff63e5d2faf
77 20496782 1528 0 0 3972313014 5eecd019b6afc4ecba70558f9af672f4
78 20901854 1528 0 0 3945144356 663c087c242026eb809a31b1c92b17f1
79 21456246 1528 0 0 1592900096 35e5c4d000baf15ec6d00007a703c490
80 21710342 1528 0 0 230950144 355127b40005c40def5fa6bb634b08ae
81 21921966 1528 0 0 2426581115 74ca83ae7bb0a290ec54c3b0a2ca5443
82 22296750 1528 0 0 0 000001b8000000000000000000000000
83 22428550 1528 0 0 3874100222 1fa2f108fe13eae68d09436bf698ac02
84 22625046 1528 0 0 771752030 37e39b835e00002e4825fe06b76b356d
85 23503814 2584 0 0 1639126569 10f0035e2916b36188e653e57b27072a
86 23707990 1528 0 0 80701789 009a35345d69cf04644c69bdd13cba62
87 24223486 1528 0 0 0 00000000000000000000000001000000
88 24635814 1528 0 0 437728844 0980da034c36171af80d4df23dee80a6
89 25006278 4000 0 0 3517202547 5a495c2f7340a4d10ad6892bf51a1c99
90 25238366 1528 0 0 2235001231 039921e68f693785f6b91a24a2ef108d
91 25450614 1528 0 0 6029338 015c00001a005c0000b900000031001a
92 25583582 1528 0 0 16777216 006b115c0000000100c6cc000000b9c6
93 25832406 1528 0 0 1597487516 1319534b9cb9375f16abe46e9ae5e45f
94 26048374 1528 0 0 652550518 1e8022847621e5260f65ea3b1dd8cc6e
95 26698998 1528 0 0 3216773425 6b8d78bf3111bcbfe0b9cc6e268b3dc3
96 27000502 1528 0 0 2849790754 45117256225bdca9c7617e69828e11c3
97 27783702 1528 0 0 2379677888 6b161a00c000d78d1a2e8b8d35008dd1
98 27951766 1528 0 0 1511220482 100089ec0265135a86b9c46800070680
99 28304966 1528 0 0 2539206196 193e3eb33436599780b7511002e63002
100 28551766 1528 0 0 70680848 4d52564b108136047e5791e3af1be1a8
101 28757398 1528 0 0 851245316 6339731804f9bc3244377e015ea0bc00
102 29192158 1528 0 0 2739171917 09c735e54d7244a3c9e5c63ffa958206
103 29407294 1528 0 0 2141993404 268e9a72bc39ac7f8972f5fdaa26938c
104 29761118 1528 0 0 3192263551 3f7596cb7f1346be501345abff1396f5
105 30176750 1528 0 0 53 351a9a7135000000d79af309002e2bf1
106 30381038 1528 0 0 644373032 5cf196f5285a6826835ef9628bc4a027
107 30798198 1528 0 0 617481093 502668e68503ce24e514686b97e2ca26
108 31197406 2240 0 0 3931520383 3ec986c07f3d56eaa59ca8095709fe1c
109 32173710 1528 0 0 773296042 2ffcfc0aaa8f172e171c4d1c49018b95
110 32366750 1528 0 0 3154549448 06bc72f8c89a06bc726a39afe5ef66bc
111 32650150 1528 0 0 1755959600 071b98e030d1a96805b46c046f1c6bca
112 33096030 2344 0 0 1169285857 37c89743e1e2b145aee847157c059a67
113 33401022 1528 0 0 2555495615 2b8b6e26bfc45198d16b2989472f97c4
114 33709774 1528 0 0 209411744 4666fecda05e7b0c93b1e90cec3ecd87
115 33962542 1528 0 0 883825376 09716ff6e01aae348e818e345fd63249
116 34716790 2296 0 0 0 01700000000000000000000000000000
117 35030582 1528 0 0 3482874372 27ca9e8e047298cf89b989011e96bcff
118 35345302 2272 0 0 1559189410 51e2075da257ef5c9a2cb9c62d9a318b
119 35517342 1528 0 0 3744496860 131cfc3bdc7c30df776bc5baab642ceb
120 35647982 1528 0 0 2701143047 468e78d1072c00a15e5c092eaba35c28
121 36730630 2408 0 0 2161608843 75cba3168b88d7809b9972f1481895ac
122 36890750 1528 0 0 66978979 6bc52d7ba304fe039627f65d1abcba92
123 37276350 1528 0 0 2812247930 790fb3ec7a7f9fa77cec5040ed126c75
124 37702702 1528 0 0 2501605129 790d621309771b95f01989ffc4a326e4
125 38025374 1528 0 0 0 0000000000000000000000b111802000
126 38486958 2408 0 0 2377060797 78f20006bd11af8de7481ee4f191af5c
127 38886766 1528 0 0 131230516 44b8f118346bd207ae40451a6a00f197
128 39079510 2000 0 0 0 00b8000000000000000000344000c634
129 39323110 1528 0 0 3087007744 00000000000000b800000000000000b9
130 40003054 1528 0 0 958326904 4b91e68978e81e393e593974181a6b94
131 40201910 1528 0 0 2444517027 309e6571a35eb49186bc4a9a3a9aff44
132 40652958 1528 0 0 685923032 4472c539d85ae22898be02fb705188d9
133 40989766 1528 0 0 3228237824 0008000000006bc00000d71a69780000
134 41181646 1528 0 0 444151808 791300000038791a2d5c71463440ad5e
135 41376406 2048 0 0 1675435095 009a8dae571cdd630dc2816b58234dbc
136 41634790 1528 0 0 3387659263 06497266ff93ebc97a35479a3398ab89
137 42008086 1528 0 0 3305053693 504f2e13fd1dffc479ffb222504c65eb
138 42327286 1528 0 0 450297936 2e0000005000d71a6bcd351a2e000000
139 42638406 1528 0 0 960883634 18f289cdb2eb45391d1c009d875cd73f
140 42971398 1528 0 0 2785341247 57f70fc93fef04a6ea36a9d89dde348f
141 43105662 1528 0 0 2104619618 5e97e08662f2717d57c43df735c89299
142 43958310 3040 0 0 2917261986 11b98001a2e2e1ad61b36d7357004000
143 44138870 1528 0 0 293650313 15489f2689bf80115e05c45a5a25da68
144 44421142 2552 0 0 406254507 2017cd69abf33618008dcb9a420e5a6b
