# rxframe clk nbytes ok allzero seq hdr16
1 296542 1528 0 1 0 00000000000000000000000000000000
2 395262 1528 0 1 0 00000000000000000000000000000000
3 592190 1528 0 1 0 00000000000000000000000000000000
4 789542 1528 0 1 0 00000000000000000000000000000000
5 888142 1528 0 1 0 00000000000000000000000000000000
6 987014 1528 1 0 3 514bec0503000000214e47547a3d7dfc
7 1184142 1528 0 1 0 00000000000000000000000000000000
8 1282798 1528 0 1 0 00000000000000000000000000000000
9 1381558 1528 1 0 5 514bec0505000000214e4754bc3bfbf6
10 1480126 1528 0 1 0 00000000000000000000000000000000
11 1578854 1528 1 0 6 514bec0506000000214e4754df38bcbf
12 1776142 1528 0 1 0 00000000000000000000000000000000
13 1874782 1528 0 1 0 00000000000000000000000000000000
14 1973598 1528 1 0 8 514bec0508000000214e4754113613cf
15 2072110 1528 0 1 0 00000000000000000000000000000000
16 2170982 1528 1 0 9 514bec0509000000214e47543037d680
17 2368302 1528 0 1 0 00000000000000000000000000000000
18 2466766 1528 0 1 0 00000000000000000000000000000000
19 2565558 1528 1 0 11 514bec050b000000214e475472355486
20 2762766 1528 0 1 0 00000000000000000000000000000000
21 2960102 1528 0 1 0 00000000000000000000000000000000
22 3058750 1528 0 1 0 00000000000000000000000000000000
23 3157446 1528 1 0 14 514bec050e000000214e4754d73095c5
24 3256078 1528 0 1 0 00000000000000000000000000000000
25 3354886 1528 1 0 15 514bec050f000000214e4754f631508a
26 3453406 1528 0 1 0 00000000000000000000000000000000
27 3552302 1528 1 0 16 514bec0510000000214e4754286dee6f
28 3650734 1528 0 1 0 00000000000000000000000000000000
29 3749654 1528 0 0 17 114bec0511000000214e4754096c2b20
30 3848062 1528 0 1 0 00000000000000000000000000000000
31 3946934 1528 1 0 18 514bec0512000000214e47546a6f6c69
32 4144070 1528 0 1 0 00000000000000000000000000000000
33 4341422 1528 0 1 0 00000000000000000000000000000000
34 4440046 1528 0 1 0 00000000000000000000000000000000
35 4538918 1528 1 0 21 514bec0515000000214e47548d682f2c
36 4637374 1528 0 1 0 00000000000000000000000000000000
37 4736198 1528 1 0 22 514bec0516000000214e4754ee6b6865
38 4933374 1528 0 1 0 00000000000000000000000000000000
39 5130846 1528 0 1 0 00000000000000000000000000000000
40 5328134 1528 0 1 0 00000000000000000000000000000000
41 5426686 1528 0 1 0 00000000000000000000000000000000
42 5525510 1528 1 0 26 514bec051a000000214e475462674513
43 5624014 1528 0 1 0 00000000000000000000000000000000
44 5722718 1528 1 0 27 514bec051b000000214e47544366805c
45 5821614 1528 0 1 0 00000000000000000000000000000000
46 5920254 1528 0 0 883500349 4f32c05e3d25a934231591919c6062b1
47 6117470 1528 0 1 0 00000000000000000000000000000000
48 6215998 1528 0 1 0 00000000000000000000000000000000
49 6314662 1528 1 0 30 514bec051e000000214e4754e663411f
50 6511990 1528 0 1 0 00000000000000000000000000000000
51 6709366 1528 0 1 0 00000000000000000000000000000000
52 6906702 1528 0 1 0 00000000000000000000000000000000
53 7005310 1528 0 1 0 00000000000000000000000000000000
54 7103990 1528 1 0 34 514bec0522000000214e4754399a100f
55 7202638 1528 0 1 0 00000000000000000000000000000000
56 7301526 1528 1 0 35 514bec0523000000214e4754189bd540
57 7399966 1528 0 1 0 00000000000000000000000000000000
58 7498806 1528 1 0 36 514bec0524000000214e4754ff9c9605
59 7696222 1528 0 1 0 00000000000000000000000000000000
60 7794622 1528 0 1 0 00000000000000000000000000000000
61 7893382 1528 1 0 38 514bec0526000000214e4754bd9e1403
62 7991950 1528 0 1 0 00000000000000000000000000000000
63 8090806 1528 1 0 39 514bec0527000000214e47549c9fd14c
64 8189278 1528 0 1 0 00000000000000000000000000000000
65 8288182 1528 1 0 40 514bec0528000000214e47547390bb73
66 8386606 1528 0 1 0 00000000000000000000000000000000
67 8485270 1528 1 0 41 514bec0529000000214e475452917e3c
68 8583934 1528 0 1 0 00000000000000000000000000000000
69 8682614 1528 1 0 42 514bec052a000000214e475431923975
70 8781262 1528 0 1 0 00000000000000000000000000000000
71 8880110 1528 1 0 43 514bec052b000000214e47541093fc3a
72 8978590 1528 0 1 0 00000000000000000000000000000000
73 9077422 1528 1 0 44 514bec052c000000214e4754f794bf7f
74 9274710 3032 0 0 0 00000000000000000000000000000000
75 9373246 1528 0 0 0 40000000000000000000000000000000
76 9472070 1528 1 0 46 514bec052e000000214e4754b5963d79
77 9669262 1528 0 1 0 00000000000000000000000000000000
78 9767902 1528 0 1 0 00000000000000000000000000000000
79 9866726 1528 1 0 48 514bec0530000000214e47544acb46d3
80 9965230 1528 0 1 0 00000000000000000000000000000000
81 10064046 1528 1 0 49 514bec0531000000214e47546bca839c
82 10162558 1528 0 1 0 00000000000000000000000000000000
83 10261230 1528 1 0 50 514bec0532000000214e475408c9c4d5
84 10359886 1528 0 1 0 00000000000000000000000000000000
85 10458550 1528 1 0 51 514bec0533000000214e475429c8019a
86 10656126 1528 0 1 0 00000000000000000000000000000000
87 10754542 1528 0 1 0 00000000000000000000000000000000
88 10853310 1528 1 0 53 514bec0535000000214e4754efce8790
89 11050766 1528 0 1 0 00000000000000000000000000000000
90 11247966 1528 0 1 0 00000000000000000000000000000000
91 11346526 1528 0 1 0 00000000000000000000000000000000
92 11445358 1528 1 0 56 514bec0538000000214e475442c36fa9
93 11543854 1528 0 1 0 00000000000000000000000000000000
94 11642590 1528 1 0 57 514bec0539000000214e475463c2aae6
95 11741182 1528 0 1 0 00000000000000000000000000000000
96 11839958 1528 1 0 58 514bec053a000000214e475400c1edaf
97 11938510 1528 0 1 0 00000000000000000000000000000000
98 12037478 1528 1 0 59 514bec053b000000214e475421c028e0
99 12234742 1528 0 1 0 00000000000000000000000000000000
100 12333166 1528 0 1 0 00000000000000000000000000000000
101 12431918 1528 1 0 61 514bec053d000000214e4754e7c6aeea
102 12530494 1528 0 1 0 00000000000000000000000000000000
103 12629366 1528 0 0 62 114bec053e000000214e475484c5e9a3
104 12826694 1528 0 1 0 00000000000000000000000000000000
105 12925158 1528 0 1 0 00000000000000000000000000000000
106 13023822 1528 0 0 1310785536 6c0540000000214e4754dd72627cf9f3
107 13122478 1528 0 1 0 00000000000000000000000000000000
108 13221398 1528 1 0 65 514bec0541000000214e4754fc73a733
109 13319806 1528 0 1 0 00000000000000000000000000000000
110 13418470 1528 1 0 66 514bec0542000000214e47549f70e07a
111 13517158 1528 0 1 0 00000000000000000000000000000000
112 13615894 1528 1 0 67 514bec0543000000214e4754be712535
113 13714462 1528 0 1 0 00000000000000000000000000000000
114 13813126 1528 1 0 68 514bec0544000000214e475459766670
115 13911798 1528 0 1 0 00000000000000000000000000000000
116 14010678 1528 1 0 69 514bec0545000000214e47547877a33f
117 14109118 1528 0 1 0 00000000000000000000000000000000
118 14207790 1528 1 0 70 514bec0546000000214e47541b74e476
119 14306446 1528 0 1 0 00000000000000000000000000000000
120 14405446 1528 1 0 71 514bec0547000000214e47543a752139
121 14503774 1528 0 1 0 00000000000000000000000000000000
122 14602590 1528 1 0 72 514bec0548000000214e4754d57a4b06
123 14799974 1528 0 1 0 00000000000000000000000000000000
124 14997438 1528 0 1 0 00000000000000000000000000000000
125 15095758 1528 0 1 0 00000000000000000000000000000000
126 15194550 1528 1 0 75 514bec054b000000214e4754b6790c4f
127 15293086 1528 0 1 0 00000000000000000000000000000000
128 15391854 1528 1 0 76 514bec054c000000214e4754517e4f0a
129 15490414 1528 0 1 0 00000000000000000000000000000000
130 15589334 1528 1 0 77 514bec054d000000214e4754707f8a45
131 15687742 1528 0 1 0 00000000000000000000000000000000
132 15786526 1528 1 0 78 514bec054e000000214e4754137ccd0c
133 15983982 1528 0 1 0 00000000000000000000000000000000
134 16181398 1528 0 1 0 00000000000000000000000000000000
135 16279726 1528 0 1 0 00000000000000000000000000000000
136 16378398 1528 1 0 81 514bec0551000000214e4754cd2073e9
137 16575862 1528 0 1 0 00000000000000000000000000000000
138 16674382 1528 0 1 0 00000000000000000000000000000000
139 16773046 1528 1 0 83 514bec0553000000214e47548f22f1ef
140 16871710 1528 0 1 0 00000000000000000000000000000000
141 16970526 1528 1 0 84 514bec0554000000214e47546825b2aa
142 17167894 1528 0 1 0 00000000000000000000000000000000
143 17365318 1528 0 1 0 00000000000000000000000000000000
144 17562470 1528 0 1 0 00000000000000000000000000000000
145 17661022 1528 0 0 0 40000000000000000000000000000000
146 17759894 1528 1 0 88 514bec0558000000214e4754e4299fdc
147 17858350 1528 0 1 0 00000000000000000000000000000000
148 17957198 1528 1 0 89 514bec0559000000214e4754c5285a93
149 18055678 1528 0 1 0 00000000000000000000000000000000
150 18154558 1528 1 0 90 514bec055a000000214e4754a62b1dda
151 18253006 1528 0 1 0 00000000000000000000000000000000
152 18351670 1528 1 0 91 514bec055b000000214e4754872ad895
153 18549126 1528 0 1 0 00000000000000000000000000000000
154 18746566 1528 0 1 0 00000000000000000000000000000000
155 18844990 1528 0 1 0 00000000000000000000000000000000
156 18943662 1528 1 0 94 514bec055e000000214e4754222f19d6
157 19141214 1528 0 1 0 00000000000000000000000000000000
158 19338374 1528 0 1 0 00000000000000000000000000000000
159 19535862 1528 0 0 0 40000000000000000000000000000000
160 19634302 1528 0 1 0 00000000000000000000000000000000
161 19732966 1528 1 0 98 514bec0562000000214e4754fdd648c6
162 19831630 1528 0 1 0 00000000000000000000000000000000
163 19930486 1528 1 0 99 514bec0563000000214e4754dcd78d89
164 20028958 1528 0 1 0 00000000000000000000000000000000
165 20127622 1528 1 0 100 514bec0564000000214e47543bd0cecc
166 20226294 1528 0 1 0 00000000000000000000000000000000
167 20324974 1528 1 0 101 514bec0565000000214e47541ad10b83
168 20522406 1528 0 1 0 00000000000000000000000000000000
169 20620942 1528 0 1 0 00000000000000000000000000000000
170 20719838 1528 1 0 103 514bec0567000000214e475458d38985
171 20917142 1528 0 1 0 00000000000000000000000000000000
172 21015598 1528 0 1 0 00000000000000000000000000000000
173 21114310 1528 1 0 105 514bec0569000000214e475496dd26f5
174 21212926 1528 0 1 0 00000000000000000000000000000000
175 21311590 1528 1 0 106 514bec056a000000214e4754f5de61bc
176 21410262 1528 0 1 0 00000000000000000000000000000000
177 21508974 1528 1 0 107 514bec056b000000214e4754d4dfa4f3
178 21607582 1528 0 1 0 00000000000000000000000000000000
179 21706406 1528 1 0 108 514bec056c000000214e475433d8e7b6
180 21804910 1528 0 1 0 00000000000000000000000000000000
181 21903774 1528 1 0 109 514bec056d000000214e475412d922f9
182 22100934 1528 0 1 0 00000000000000000000000000000000
183 22199566 1528 0 1 0 00000000000000000000000000000000
184 22298350 1528 1 0 111 514bec056f000000214e475450dba0ff
185 22396894 1528 0 1 0 00000000000000000000000000000000
186 22495606 1528 1 0 112 514bec0570000000214e47548e871e1a
187 22594222 1528 0 1 0 00000000000000000000000000000000
188 22693110 1528 1 0 113 514bec0571000000214e4754af86db55
189 22791550 1528 0 1 0 00000000000000000000000000000000
190 22890478 1528 1 0 114 514bec0572000000214e4754cc859c1c
191 22988878 1528 0 1 0 00000000000000000000000000000000
192 23087782 1528 1 0 115 514bec0573000000214e4754ed845953
193 23284870 1528 0 1 0 00000000000000000000000000000000
194 23383534 1528 0 1 0 00000000000000000000000000000000
195 23482454 1528 1 0 117 514bec0575000000214e47542b82df59
196 23679526 2832 0 0 0 00000000000000000000000000000000
197 23778198 1528 0 1 0 00000000000000000000000000000000
198 23877118 1528 1 0 119 514bec0577000000214e475469805d5f
199 24074350 1528 0 1 0 00000000000000000000000000000000
200 24172846 1528 0 1 0 00000000000000000000000000000000
201 24271526 1528 1 0 121 514bec0579000000214e4754a78ef22f
202 24370174 1528 0 1 0 00000000000000000000000000000000
203 24469078 1528 1 0 122 514bec057a000000214e4754c48db566
204 24567502 1528 0 1 0 00000000000000000000000000000000
205 24666198 1528 1 0 123 514bec057b000000214e4754e58c7029
206 24764830 1528 0 1 0 00000000000000000000000000000000
207 24863710 1528 1 0 124 514bec057c000000214e4754028b336c
208 24962158 1528 0 1 0 00000000000000000000000000000000
209 25060870 1528 1 0 125 514bec057d000000214e4754238af623
210 25159486 1528 0 1 0 00000000000000000000000000000000
211 25258158 1528 1 0 126 514bec057e000000214e47544089b16a
212 25455774 1528 0 1 0 00000000000000000000000000000000
213 25652886 1528 0 1 0 00000000000000000000000000000000
214 25850302 1528 0 1 0 00000000000000000000000000000000
215 25948798 1528 0 1 0 00000000000000000000000000000000
216 26047654 1528 1 0 130 514bec0582000000214e4754d3a40821
217 26146126 1528 0 1 0 00000000000000000000000000000000
218 26244854 1528 1 0 131 514bec0583000000214e4754f2a5cd6e
219 26343454 1528 0 1 0 00000000000000000000000000000000
220 26442182 1528 1 0 132 514bec0584000000214e475415a28e2b
221 26639686 1528 0 1 0 00000000000000000000000000000000
222 26738110 1528 0 1 0 00000000000000000000000000000000
223 26836894 1528 1 0 134 514bec0586000000214e475457a00c2d
224 26935438 1528 0 1 0 00000000000000000000000000000000
225 27034110 1528 1 0 135 514bec0587000000214e475476a1c962
226 27231510 1528 0 1 0 00000000000000000000000000000000
227 27428798 1528 0 1 0 00000000000000000000000000000000
228 27527422 1528 0 1 0 00000000000000000000000000000000
229 27626318 1528 1 0 138 514bec058a000000214e4754dbac215b
230 27724750 1528 0 1 0 00000000000000000000000000000000
231 27823590 1528 0 0 139 114bec058b000000214e4754faade414
232 28020918 1528 0 1 0 00000000000000000000000000000000
233 28119406 1528 0 1 0 00000000000000000000000000000000
234 28218246 1528 1 0 141 514bec058d000000214e47543cab621e
235 28316734 1528 0 1 0 00000000000000000000000000000000
236 28415606 1528 1 0 142 514bec058e000000214e47545fa82557
237 28612846 1528 0 1 0 00000000000000000000000000000000
238 28711390 1528 0 1 0 00000000000000000000000000000000
239 28810054 1528 1 0 144 514bec0590000000214e4754a0f55efd
240 29007590 1528 0 1 0 00000000000000000000000000000000
241 29204886 1528 0 1 0 00000000000000000000000000000000
242 29303374 1528 0 1 0 00000000000000000000000000000000
243 29402246 1528 1 0 147 514bec0593000000214e4754c3f619b4
244 29500702 1528 0 1 0 00000000000000000000000000000000
245 29599382 1528 1 0 148 514bec0594000000214e475424f15af1
246 29796934 1528 0 1 0 00000000000000000000000000000000
247 29994254 1528 0 1 0 00000000000000000000000000000000
248 30191550 1528 0 1 0 00000000000000000000000000000000
249 30290014 1528 0 1 0 00000000000000000000000000000000
250 30388686 1528 1 0 152 514bec0598000000214e4754a8fd7787
251 30586006 1528 0 1 0 00000000000000000000000000000000
252 30684670 1528 0 1 0 00000000000000000000000000000000
253 30783574 1528 1 0 154 514bec059a000000214e4754eafff581
254 30881998 1528 0 1 0 00000000000000000000000000000000
255 30980686 1528 1 0 155 514bec059b000000214e4754cbfe30ce
256 31079326 1528 0 1 0 00000000000000000000000000000000
257 31178006 1528 1 0 156 514bec059c000000214e47542cf9738b
258 31276654 1528 0 1 0 00000000000000000000000000000000
259 31375334 1528 1 0 157 514bec059d000000214e47540df8b6c4
260 31572742 1528 0 1 0 00000000000000000000000000000000
261 31671310 1528 0 1 0 00000000000000000000000000000000
262 31770118 1528 1 0 159 514bec059f000000214e47544ffa34c2
263 31868638 1528 0 1 0 00000000000000000000000000000000
264 31967302 1528 1 0 160 514bec05a0000000214e4754f300229b
265 32164822 1528 0 1 0 00000000000000000000000000000000
266 32263294 1528 0 1 0 00000000000000000000000000000000
267 32362182 1528 1 0 162 514bec05a2000000214e4754b102a09d
268 32460622 1528 0 1 0 00000000000000000000000000000000
269 32559558 1528 1 0 163 514bec05a3000000214e4754900365d2
270 32756870 1528 0 1 0 00000000000000000000000000000000
271 32953942 1528 0 1 0 00000000000000000000000000000000
272 33151366 1528 0 1 0 00000000000000000000000000000000
273 33348726 1528 0 1 0 00000000000000000000000000000000
274 33447262 1528 0 1 0 00000000000000000000000000000000
275 33546134 1528 1 0 168 514bec05a8000000214e4754fb080be1
276 33743374 1528 0 1 0 00000000000000000000000000000000
277 33940766 1528 0 1 0 00000000000000000000000000000000
278 34138126 1528 0 1 0 00000000000000000000000000000000
279 34236574 1528 0 1 0 00000000000000000000000000000000
280 34335510 1528 1 0 172 514bec05ac000000214e47547f0c0fed
281 34433902 1528 0 1 0 00000000000000000000000000000000
282 34532582 1528 1 0 173 514bec05ad000000214e47545e0dcaa2
283 34631230 1528 0 1 0 00000000000000000000000000000000
284 34730222 1528 1 0 174 514bec05ae000000214e47543d0e8deb
285 34828558 1528 0 1 0 00000000000000000000000000000000
286 34927350 1528 1 0 175 514bec05af000000214e47541c0f48a4
287 35124742 1528 0 1 0 00000000000000000000000000000000
288 35223214 1528 0 1 0 00000000000000000000000000000000
289 35321926 1528 1 0 177 514bec05b1000000214e4754e352330e
290 35420542 1528 0 1 0 00000000000000000000000000000000
291 35519422 1528 1 0 178 514bec05b2000000214e475480517447
292 35716678 1528 0 1 0 00000000000000000000000000000000
293 35913862 1528 0 1 0 00000000000000000000000000000000
294 36012526 1528 0 1 0 00000000000000000000000000000000
295 36111294 1528 1 0 181 514bec05b5000000214e475467563702
296 36209854 1528 0 1 0 00000000000000000000000000000000
297 36308526 1528 1 0 182 514bec05b6000000214e47540455704b
298 36407182 1528 0 1 0 00000000000000000000000000000000
299 36505894 1528 1 0 183 514bec05b7000000214e47542554b504
300 36604510 1528 0 1 0 00000000000000000000000000000000
301 36703238 1528 1 0 184 514bec05b8000000214e4754ca5bdf3b
302 36900670 1528 0 1 0 00000000000000000000000000000000
303 36999166 1528 0 1 0 00000000000000000000000000000000
304 37097974 1528 1 0 186 514bec05ba000000214e475488595d3d
305 37196494 1528 0 1 0 00000000000000000000000000000000
306 37295158 1528 1 0 187 514bec05bb000000214e4754a9589872
307 37492502 1528 0 1 0 00000000000000000000000000000000
308 37591158 1528 0 1 0 00000000000000000000000000000000
309 37689966 1528 1 0 189 514bec05bd000000214e47546f5e1e78
310 37788478 1528 0 1 0 00000000000000000000000000000000
311 37887214 1528 1 0 190 514bec05be000000214e47540c5d5931
312 38084598 1528 0 1 0 00000000000000000000000000000000
313 38281854 1528 0 1 0 00000000000000000000000000000000
314 38380462 1528 0 0 0 40000000000000000000000000000000
315 38479198 1528 1 0 193 514bec05c1000000214e475474eb17a1
316 38577790 1528 0 1 0 00000000000000000000000000000000
317 38676518 1528 1 0 194 514bec05c2000000214e475417e850e8
318 38873998 1528 0 1 0 00000000000000000000000000000000
319 38972446 1528 0 1 0 00000000000000000000000000000000
320 39071118 1528 0 0 196 114bec05c4000000214e4754d1eed6e2
321 39268438 1528 0 1 0 00000000000000000000000000000000
322 39465806 1528 0 1 0 00000000000000000000000000000000
323 39564430 1528 0 1 0 00000000000000000000000000000000
324 39663190 1528 1 0 199 514bec05c7000000214e4754b2ed91ab
325 39761758 1528 0 1 0 00000000000000000000000000000000
326 39860582 1528 1 0 200 514bec05c8000000214e47545de2fb94
327 40057926 1528 0 1 0 00000000000000000000000000000000
328 40255094 1528 0 1 0 00000000000000000000000000000000
329 40452446 1528 0 1 0 00000000000000000000000000000000
330 40649854 1528 0 1 0 00000000000000000000000000000000
331 40748398 1528 0 1 0 00000000000000000000000000000000
332 40847198 1528 1 0 205 514bec05cd000000214e4754f8e73ad7
333 40945726 1528 0 1 0 00000000000000000000000000000000
334 41044494 1528 1 0 206 514bec05ce000000214e47549be47d9e
335 41143054 1528 0 1 0 00000000000000000000000000000000
336 41241718 1528 1 0 207 514bec05cf000000214e4754bae5b8d1
337 41439446 1528 0 1 0 00000000000000000000000000000000
338 41537710 1528 0 1 0 00000000000000000000000000000000
339 41636550 1528 1 0 209 514bec05d1000000214e475445b8c37b
340 41833742 1528 0 1 0 00000000000000000000000000000000
341 42031206 1528 0 1 0 00000000000000000000000000000000
342 42129694 1528 0 1 0 00000000000000000000000000000000
343 42228670 1528 1 0 212 514bec05d4000000214e4754e0bd0238
344 42327022 1528 0 1 0 00000000000000000000000000000000
345 42425862 1528 1 0 213 514bec05d5000000214e4754c1bcc777
346 42524350 1528 0 1 0 00000000000000000000000000000000
347 42623262 1528 1 0 214 514bec05d6000000214e4754a2bf803e
348 42820478 1528 0 1 0 00000000000000000000000000000000
349 42919006 1528 0 1 0 00000000000000000000000000000000
350 43017966 1528 1 0 216 514bec05d8000000214e47546cb12f4e
351 43215110 2664 0 0 0 00000000000000000000000000000000
352 43313662 1528 0 1 0 00000000000000000000000000000000
353 43412358 1528 1 0 218 514bec05da000000214e47542eb3ad48
354 43510990 1528 0 1 0 00000000000000000000000000000000
355 43609702 1528 1 0 219 514bec05db000000214e47540fb26807
356 43807262 1528 0 1 0 00000000000000000000000000000000
357 44004446 1528 0 1 0 00000000000000000000000000000000
358 44102974 1528 0 1 0 00000000000000000000000000000000
359 44201662 1528 1 0 222 514bec05de000000214e4754aab7a944
360 44300302 1528 0 1 0 00000000000000000000000000000000
361 44399102 1528 1 0 223 514bec05df000000214e47548bb66c0b
362 44596310 1528 0 1 0 00000000000000000000000000000000
363 44694958 1528 0 1 0 00000000000000000000000000000000
364 44793806 1528 1 0 225 514bec05e1000000214e4754164dbf1d
365 44892286 1528 0 1 0 00000000000000000000000000000000
366 44991118 1528 1 0 226 514bec05e2000000214e4754754ef854
367 45188310 2648 0 0 0 00000000000000000000000000000000
368 45286942 1528 0 0 0 40000000000000000000000000000000
369 45385782 1528 1 0 228 514bec05e4000000214e4754b3487e5e
370 45583222 1528 0 1 0 00000000000000000000000000000000
371 45681598 1528 0 1 0 00000000000000000000000000000000
372 45780526 1528 1 0 230 514bec05e6000000214e4754f14afc58
373 45878926 1528 0 1 0 00000000000000000000000000000000
374 45977830 1528 1 0 231 514bec05e7000000214e4754d04b3917
375 46174934 1528 0 1 0 00000000000000000000000000000000
376 46273582 1528 0 1 0 00000000000000000000000000000000
377 46372278 1528 1 0 233 514bec05e9000000214e47541e459667
378 46470910 1528 0 1 0 00000000000000000000000000000000
379 46569590 1528 1 0 234 514bec05ea000000214e47547d46d12e
380 46668238 1528 0 1 0 00000000000000000000000000000000
381 46767150 1528 1 0 235 514bec05eb000000214e47545c471461
382 46964494 1528 0 1 0 00000000000000000000000000000000
383 47161830 1528 0 1 0 00000000000000000000000000000000
384 47260222 1528 0 1 0 00000000000000000000000000000000
