# rxframe clk nbytes ok allzero seq hdr16
1 296542 1528 0 1 0 00000000000000000000000000000000
2 394910 1528 0 1 0 00000000000000000000000000000000
3 493486 1528 0 1 0 00000000000000000000000000000000
4 592150 1528 1 0 1 514bec0501000000214e4754383ffffa
5 690814 1528 0 1 0 00000000000000000000000000000000
6 789478 1528 1 0 2 514bec0502000000214e47545b3cb8b3
7 888142 1528 0 1 0 00000000000000000000000000000000
8 986806 1528 1 0 3 514bec0503000000214e47547a3d7dfc
9 1085470 1528 0 1 0 00000000000000000000000000000000
10 1184134 1528 1 0 4 514bec0504000000214e47549d3a3eb9
11 1282798 1528 0 1 0 00000000000000000000000000000000
12 1381462 1528 1 0 5 514bec0505000000214e4754bc3bfbf6
13 1480126 1528 0 1 0 00000000000000000000000000000000
14 1578790 1528 1 0 6 514bec0506000000214e4754df38bcbf
15 1677454 1528 0 1 0 00000000000000000000000000000000
16 1776118 1528 1 0 7 514bec0507000000214e4754fe3979f0
17 1874782 1528 0 1 0 00000000000000000000000000000000
18 1973446 1528 1 0 8 514bec0508000000214e4754113613cf
19 2072110 1528 0 1 0 00000000000000000000000000000000
20 2170774 1528 1 0 9 514bec0509000000214e47543037d680
21 2269438 1528 0 1 0 00000000000000000000000000000000
22 2368102 1528 1 0 10 514bec050a000000214e4754533491c9
23 2466766 1528 0 1 0 00000000000000000000000000000000
